

                   INTERNATIONAL EARTH ROTATION SERVICE
                        EARTH ROTATION PARAMETERS
                          EOP (IERS) C04

  
             FORMAT(3(I4),I7,2(F11.6),2(F12.7),2(F12.6),2(F11.6),2(F12.7),2F12.6)
**********************************************************************************
  
      Date      MJD      x          y        UT1-UTC       LOD         dPsi    dEpsilon     x Err     y Err   UT1-UTC Err  Lod Err    dPsi Err   dEpsilon Err
                         "          "           s           s            "         "        "          "          s           s            "         "
     (0h UTC)

1971   1   1  40952  -0.093700   0.017300  -0.0393358   0.0032610   0.051455   0.006125   0.020000   0.020000  0.0015000  0.0010000    0.009000    0.002000
1971   1   2  40953  -0.096500   0.019000  -0.0401116   0.0034370   0.051285   0.006095   0.020000   0.020000  0.0015000  0.0010000    0.009000    0.002000
1971   1   3  40954  -0.099200   0.020800  -0.0409825   0.0034690   0.051033   0.006019   0.020000   0.020000  0.0015000  0.0010000    0.009000    0.002000
1971   1   4  40955  -0.101999   0.022601  -0.0418123   0.0033490   0.050820   0.005988   0.020000   0.020000  0.0015000  0.0010000    0.009000    0.002000
1971   1   5  40956  -0.104799   0.024501  -0.0424642   0.0031230   0.050681   0.006032   0.020000   0.020000  0.0015000  0.0010000    0.009000    0.002000
1971   1   6  40957  -0.107499   0.026501  -0.0428610   0.0028490   0.050598   0.006104   0.020000   0.020000  0.0015000  0.0010000    0.009000    0.002000
1971   1   7  40958  -0.110199   0.028601  -0.0429859   0.0025880   0.050585   0.006135   0.020000   0.020000  0.0015000  0.0010000    0.009000    0.002000
1971   1   8  40959  -0.112998   0.030702  -0.0428777   0.0023790   0.050722   0.006077   0.020000   0.020000  0.0015000  0.0010000    0.009000    0.002000
1971   1   9  40960  -0.115698   0.032902  -0.0425946   0.0022600   0.051058   0.005936   0.020000   0.020000  0.0015000  0.0010000    0.009000    0.002000
1971   1  10  40961  -0.118498   0.035102  -0.0422525   0.0022510   0.051494   0.005788   0.020000   0.020000  0.0015000  0.0010000    0.009000    0.002000
1971   1  11  40962  -0.121197   0.037403  -0.0419353   0.0023190   0.051843   0.005754   0.020000   0.020000  0.0015000  0.0010000    0.009000    0.002000
1971   1  12  40963  -0.123997   0.039703  -0.0417292   0.0024470   0.052025   0.005903   0.020000   0.020000  0.0015000  0.0010000    0.009000    0.002000
1971   1  13  40964  -0.126697   0.042103  -0.0416590   0.0026130   0.052129   0.006171   0.020000   0.020000  0.0015000  0.0010000    0.009000    0.002000
1971   1  14  40965  -0.129397   0.044503  -0.0417639   0.0027650   0.052259   0.006388   0.020000   0.020000  0.0015000  0.0010000    0.009000    0.002000
1971   1  15  40966  -0.132196   0.047004  -0.0419977   0.0028860   0.052387   0.006432   0.020000   0.020000  0.0015000  0.0010000    0.009000    0.002000
1971   1  16  40967  -0.134896   0.049504  -0.0423386   0.0029580   0.052417   0.006342   0.020000   0.020000  0.0015000  0.0010000    0.009000    0.002000
1971   1  17  40968  -0.137596   0.052104  -0.0427144   0.0029710   0.052330   0.006257   0.020000   0.020000  0.0015000  0.0010000    0.009000    0.002000
1971   1  18  40969  -0.140296   0.054704  -0.0430813   0.0029330   0.052183   0.006226   0.020000   0.020000  0.0015000  0.0010000    0.009000    0.002000
1971   1  19  40970  -0.142995   0.057305  -0.0433712   0.0028290   0.052001   0.006148   0.020000   0.020000  0.0015000  0.0010000    0.009000    0.002000
1971   1  20  40971  -0.145795   0.060005  -0.0435340   0.0026820   0.051771   0.005916   0.020000   0.020000  0.0015000  0.0010000    0.009000    0.002000
1971   1  21  40972  -0.148495   0.062705  -0.0435359   0.0025100   0.051548   0.005611   0.020000   0.020000  0.0015000  0.0010000    0.009000    0.002000
1971   1  22  40973  -0.151194   0.065406  -0.0433647   0.0023420   0.051416   0.005450   0.020000   0.020000  0.0015000  0.0010000    0.009000    0.002000
1971   1  23  40974  -0.153894   0.068106  -0.0430436   0.0022060   0.051327   0.005524   0.020000   0.020000  0.0015000  0.0010000    0.009000    0.002000
1971   1  24  40975  -0.156594   0.070906  -0.0426344   0.0021650   0.051148   0.005649   0.020000   0.020000  0.0015000  0.0010000    0.009000    0.002000
1971   1  25  40976  -0.159294   0.073706  -0.0422343   0.0022460   0.050938   0.005601   0.020000   0.020000  0.0015000  0.0010000    0.009000    0.002000
1971   1  26  40977  -0.161993   0.076507  -0.0419791   0.0024450   0.050971   0.005430   0.020000   0.020000  0.0015000  0.0010000    0.009000    0.002000
1971   1  27  40978  -0.164593   0.079407  -0.0419730   0.0027430   0.051343   0.005397   0.020000   0.020000  0.0015000  0.0010000    0.009000    0.002000
1971   1  28  40979  -0.167293   0.082207  -0.0422789   0.0030410   0.051756   0.005599   0.020000   0.020000  0.0015000  0.0010000    0.009000    0.002000
1971   1  29  40980  -0.169893   0.085107  -0.0428477   0.0032560   0.051856   0.005828   0.020000   0.020000  0.0015000  0.0010000    0.009000    0.002000
1971   1  30  40981  -0.172492   0.088008  -0.0435596   0.0033170   0.051610   0.005874   0.020000   0.020000  0.0015000  0.0010000    0.009000    0.002000
1971   1  31  40982  -0.175092   0.090908  -0.0442434   0.0032140   0.051231   0.005769   0.020000   0.020000  0.0015000  0.0010000    0.009000    0.002000
1971   2   1  40983  -0.177692   0.093808  -0.0447403   0.0029620   0.050887   0.005668   0.020000   0.020000  0.0015000  0.0010000    0.009000    0.002000
1971   2   2  40984  -0.180291   0.096809  -0.0449541   0.0026410   0.050642   0.005599   0.020000   0.020000  0.0015000  0.0010000    0.009000    0.002000
1971   2   3  40985  -0.182791   0.099709  -0.0448450   0.0023380   0.050536   0.005485   0.020000   0.020000  0.0015000  0.0010000    0.009000    0.002000
1971   2   4  40986  -0.185291   0.102709  -0.0444619   0.0020990   0.050588   0.005309   0.020000   0.020000  0.0015000  0.0010000    0.009000    0.002000
1971   2   5  40987  -0.187791   0.105609  -0.0438847   0.0019550   0.050777   0.005137   0.020000   0.020000  0.0015000  0.0010000    0.009000    0.002000
1971   2   6  40988  -0.190190   0.108610  -0.0432156   0.0019130   0.051065   0.005011   0.020000   0.020000  0.0015000  0.0010000    0.009000    0.002000
1971   2   7  40989  -0.192690   0.111610  -0.0425604   0.0019700   0.051394   0.004925   0.020000   0.020000  0.0015000  0.0010000    0.009000    0.002000
1971   2   8  40990  -0.194990   0.114610  -0.0419873   0.0020930   0.051662   0.004897   0.020000   0.020000  0.0015000  0.0010000    0.009000    0.002000
1971   2   9  40991  -0.197390   0.117610  -0.0415702   0.0022440   0.051811   0.004990   0.020000   0.020000  0.0015000  0.0010000    0.009000    0.002000
1971   2  10  40992  -0.199689   0.120711  -0.0413080   0.0024120   0.051896   0.005217   0.020000   0.020000  0.0015000  0.0010000    0.009000    0.002000
1971   2  11  40993  -0.201989   0.123711  -0.0412049   0.0025560   0.052009   0.005461   0.020000   0.020000  0.0015000  0.0010000    0.009000    0.002000
1971   2  12  40994  -0.204189   0.126811  -0.0412247   0.0026650   0.052146   0.005552   0.020000   0.020000  0.0015000  0.0010000    0.009000    0.002000
1971   2  13  40995  -0.206388   0.129812  -0.0413136   0.0027040   0.052217   0.005447   0.020000   0.020000  0.0015000  0.0010000    0.009000    0.002000
1971   2  14  40996  -0.208488   0.132912  -0.0414204   0.0026780   0.052189   0.005267   0.020000   0.020000  0.0015000  0.0010000    0.009000    0.002000
1971   2  15  40997  -0.210588   0.135912  -0.0414793   0.0025930   0.052126   0.005126   0.020000   0.020000  0.0015000  0.0010000    0.009000    0.002000
1971   2  16  40998  -0.212588   0.139012  -0.0414202   0.0024720   0.052070   0.004981   0.020000   0.020000  0.0015000  0.0010000    0.009000    0.002000
1971   2  17  40999  -0.214587   0.142113  -0.0412240   0.0023040   0.051986   0.004719   0.020000   0.020000  0.0015000  0.0010000    0.009000    0.002000
1971   2  18  41000  -0.216487   0.145213  -0.0408469   0.0021440   0.051863   0.004383   0.020000   0.020000  0.0015000  0.0010000    0.009000    0.002000
1971   2  19  41001  -0.218287   0.148413  -0.0403297   0.0020220   0.051752   0.004192   0.020000   0.020000  0.0015000  0.0010000    0.009000    0.002000
1971   2  20  41002  -0.220087   0.151513  -0.0397226   0.0019560   0.051609   0.004269   0.020000   0.020000  0.0015000  0.0010000    0.009000    0.002000
1971   2  21  41003  -0.221886   0.154614  -0.0390985   0.0020060   0.051301   0.004412   0.020000   0.020000  0.0015000  0.0010000    0.009000    0.002000
1971   2  22  41004  -0.223486   0.157814  -0.0385973   0.0021830   0.050917   0.004309   0.020000   0.020000  0.0015000  0.0010000    0.009000    0.002000
1971   2  23  41005  -0.225086   0.161014  -0.0383242   0.0024770   0.050865   0.003983   0.020000   0.020000  0.0015000  0.0010000    0.009000    0.002000
1971   2  24  41006  -0.226585   0.164115  -0.0383810   0.0028400   0.051366   0.003830   0.020000   0.020000  0.0015000  0.0010000    0.009000    0.002000
1971   2  25  41007  -0.228085   0.167415  -0.0387929   0.0031690   0.052052   0.004098   0.020000   0.020000  0.0015000  0.0010000    0.009000    0.002000
1971   2  26  41008  -0.229485   0.170615  -0.0394858   0.0033810   0.052352   0.004549   0.020000   0.020000  0.0015000  0.0010000    0.009000    0.002000
1971   2  27  41009  -0.230785   0.173815  -0.0403006   0.0034060   0.052130   0.004785   0.020000   0.020000  0.0015000  0.0010000    0.009000    0.002000
1971   2  28  41010  -0.231984   0.177116  -0.0410565   0.0032600   0.051665   0.004726   0.020000   0.020000  0.0015000  0.0010000    0.009000    0.002000
1971   3   1  41011  -0.233084   0.180316  -0.0416003   0.0029950   0.051217   0.004550   0.020000   0.020000  0.0015000  0.0010000    0.009000    0.002000
1971   3   2  41012  -0.234184   0.183616  -0.0418482   0.0027020   0.050914   0.004329   0.020000   0.020000  0.0015000  0.0010000    0.009000    0.002000
1971   3   3  41013  -0.235083   0.186917  -0.0418231   0.0024630   0.050884   0.003983   0.020000   0.020000  0.0015000  0.0010000    0.009000    0.002000
1971   3   4  41014  -0.235983   0.190317  -0.0416169   0.0023350   0.051162   0.003544   0.020000   0.020000  0.0015000  0.0010000    0.009000    0.002000
1971   3   5  41015  -0.236783   0.193617  -0.0413508   0.0023200   0.051555   0.003212   0.020000   0.020000  0.0015000  0.0010000    0.009000    0.002000
1971   3   6  41016  -0.237483   0.197017  -0.0410996   0.0023940   0.051822   0.003119   0.020000   0.020000  0.0015000  0.0010000    0.009000    0.002000
1971   3   7  41017  -0.238082   0.200418  -0.0409725   0.0025500   0.051928   0.003191   0.020000   0.020000  0.0015000  0.0010000    0.009000    0.002000
1971   3   8  41018  -0.238682   0.203918  -0.0410244   0.0027390   0.051997   0.003292   0.020000   0.020000  0.0015000  0.0010000    0.009000    0.002000
1971   3   9  41019  -0.239082   0.207318  -0.0412642   0.0029420   0.052114   0.003405   0.020000   0.020000  0.0015000  0.0010000    0.009000    0.002000
1971   3  10  41020  -0.239382   0.210818  -0.0417231   0.0031330   0.052279   0.003595   0.020000   0.020000  0.0015000  0.0010000    0.009000    0.002000
1971   3  11  41021  -0.239681   0.214319  -0.0423469   0.0032860   0.052472   0.003828   0.020000   0.020000  0.0015000  0.0010000    0.009000    0.002000
1971   3  12  41022  -0.239881   0.217819  -0.0430968   0.0033830   0.052665   0.003940   0.020000   0.020000  0.0015000  0.0010000    0.009000    0.002000
1971   3  13  41023  -0.239881   0.221419  -0.0439007   0.0034050   0.052800   0.003812   0.020000   0.020000  0.0015000  0.0010000    0.009000    0.002000
1971   3  14  41024  -0.239880   0.224920  -0.0446955   0.0033540   0.052846   0.003522   0.020000   0.020000  0.0015000  0.0010000    0.009000    0.002000
1971   3  15  41025  -0.239780   0.228520  -0.0454114   0.0032500   0.052852   0.003252   0.020000   0.020000  0.0015000  0.0010000    0.009000    0.002000
1971   3  16  41026  -0.239680   0.232120  -0.0460053   0.0031040   0.052888   0.003071   0.020000   0.020000  0.0015000  0.0010000    0.009000    0.002000
1971   3  17  41027  -0.239380   0.235720  -0.0464471   0.0029610   0.052948   0.002898   0.020000   0.020000  0.0015000  0.0010000    0.009000    0.002000
1971   3  18  41028  -0.238979   0.239321  -0.0467430   0.0028280   0.052981   0.002680   0.020000   0.020000  0.0015000  0.0010000    0.009000    0.002000
1971   3  19  41029  -0.238579   0.243021  -0.0469308   0.0027390   0.052970   0.002514   0.020000   0.020000  0.0015000  0.0010000    0.009000    0.002000
1971   3  20  41030  -0.238079   0.246621  -0.0470687   0.0027350   0.052902   0.002506   0.020000   0.020000  0.0015000  0.0010000    0.009000    0.002000
1971   3  21  41031  -0.237579   0.250221  -0.0472596   0.0028540   0.052718   0.002553   0.020000   0.020000  0.0015000  0.0010000    0.009000    0.002000
1971   3  22  41032  -0.236978   0.253822  -0.0476264   0.0030810   0.052472   0.002418   0.020000   0.020000  0.0015000  0.0010000    0.009000    0.002000
1971   3  23  41033  -0.236278   0.257522  -0.0482703   0.0034070   0.052445   0.002099   0.020000   0.020000  0.0015000  0.0010000    0.009000    0.002000
1971   3  24  41034  -0.235478   0.261122  -0.0492471   0.0037430   0.052830   0.001950   0.020000   0.020000  0.0015000  0.0010000    0.009000    0.002000
1971   3  25  41035  -0.234677   0.264723  -0.0505520   0.0040160   0.053355   0.002259   0.020000   0.020000  0.0015000  0.0010000    0.009000    0.002000
1971   3  26  41036  -0.233877   0.268323  -0.0520369   0.0041230   0.053518   0.002836   0.020000   0.020000  0.0015000  0.0010000    0.009000    0.002000
1971   3  27  41037  -0.232977   0.271823  -0.0535437   0.0040390   0.053173   0.003220   0.020000   0.020000  0.0015000  0.0010000    0.009000    0.002000
1971   3  28  41038  -0.231977   0.275423  -0.0548786   0.0037890   0.052608   0.003211   0.020000   0.020000  0.0015000  0.0010000    0.009000    0.002000
1971   3  29  41039  -0.231076   0.278924  -0.0559035   0.0034450   0.052140   0.002965   0.020000   0.020000  0.0015000  0.0010000    0.009000    0.002000
1971   3  30  41040  -0.230076   0.282424  -0.0565833   0.0031130   0.051938   0.002635   0.020000   0.020000  0.0015000  0.0010000    0.009000    0.002000
1971   3  31  41041  -0.228976   0.285924  -0.0569792   0.0028800   0.052130   0.002210   0.020000   0.020000  0.0015000  0.0010000    0.009000    0.002000
1971   4   1  41042  -0.227976   0.289424  -0.0571931   0.0027580   0.052697   0.001739   0.020000   0.020000  0.0015000  0.0010000    0.009000    0.002000
1971   4   2  41043  -0.226875   0.292825  -0.0573539   0.0027510   0.053302   0.001439   0.020000   0.020000  0.0015000  0.0010000    0.009000    0.002000
1971   4   3  41044  -0.225775   0.296125  -0.0575438   0.0028290   0.053546   0.001467   0.020000   0.020000  0.0015000  0.0010000    0.009000    0.002000
1971   4   4  41045  -0.224675   0.299525  -0.0578476   0.0029560   0.053408   0.001717   0.020000   0.020000  0.0015000  0.0010000    0.009000    0.002000
1971   4   5  41046  -0.223474   0.302826  -0.0582805   0.0031010   0.053229   0.001960   0.020000   0.020000  0.0015000  0.0010000    0.009000    0.002000
1971   4   6  41047  -0.222374   0.306026  -0.0588664   0.0032400   0.053274   0.002106   0.020000   0.020000  0.0015000  0.0010000    0.009000    0.002000
1971   4   7  41048  -0.221174   0.309226  -0.0595802   0.0033500   0.053507   0.002235   0.020000   0.020000  0.0015000  0.0010000    0.009000    0.002000
1971   4   8  41049  -0.220074   0.312326  -0.0603691   0.0034110   0.053757   0.002397   0.020000   0.020000  0.0015000  0.0010000    0.009000    0.002000
1971   4   9  41050  -0.218873   0.315427  -0.0612010   0.0034210   0.053925   0.002480   0.020000   0.020000  0.0015000  0.0010000    0.009000    0.002000
1971   4  10  41051  -0.217673   0.318527  -0.0619998   0.0033570   0.054002   0.002339   0.020000   0.020000  0.0015000  0.0010000    0.009000    0.002000
1971   4  11  41052  -0.216473   0.321527  -0.0627157   0.0032360   0.053996   0.001995   0.020000   0.020000  0.0015000  0.0010000    0.009000    0.002000
1971   4  12  41053  -0.215373   0.324427  -0.0632786   0.0030760   0.053947   0.001648   0.020000   0.020000  0.0015000  0.0010000    0.009000    0.002000
1971   4  13  41054  -0.214172   0.327328  -0.0636824   0.0029010   0.053933   0.001463   0.020000   0.020000  0.0015000  0.0010000    0.009000    0.002000
1971   4  14  41055  -0.212972   0.330228  -0.0639153   0.0027500   0.054001   0.001423   0.020000   0.020000  0.0015000  0.0010000    0.009000    0.002000
1971   4  15  41056  -0.211772   0.333028  -0.0640082   0.0026350   0.054097   0.001402   0.020000   0.020000  0.0015000  0.0010000    0.009000    0.002000
1971   4  16  41057  -0.210571   0.335729  -0.0640210   0.0025960   0.054137   0.001333   0.020000   0.020000  0.0015000  0.0010000    0.009000    0.002000
1971   4  17  41058  -0.209371   0.338429  -0.0640409   0.0026530   0.054118   0.001242   0.020000   0.020000  0.0015000  0.0010000    0.009000    0.002000
1971   4  18  41059  -0.208171   0.341129  -0.0641727   0.0028060   0.054102   0.001136   0.020000   0.020000  0.0015000  0.0010000    0.009000    0.002000
1971   4  19  41060  -0.206971   0.343729  -0.0645046   0.0030600   0.054152   0.000971   0.020000   0.020000  0.0015000  0.0010000    0.009000    0.002000
1971   4  20  41061  -0.205770   0.346230  -0.0651265   0.0033590   0.054307   0.000784   0.020000   0.020000  0.0015000  0.0010000    0.009000    0.002000
1971   4  21  41062  -0.204470   0.348830  -0.0660423   0.0036420   0.054522   0.000770   0.020000   0.020000  0.0015000  0.0010000    0.009000    0.002000
1971   4  22  41063  -0.203270   0.351230  -0.0671852   0.0038210   0.054620   0.001082   0.020000   0.020000  0.0015000  0.0010000    0.009000    0.002000
1971   4  23  41064  -0.201970   0.353730  -0.0684391   0.0038370   0.054409   0.001573   0.020000   0.020000  0.0015000  0.0010000    0.009000    0.002000
1971   4  24  41065  -0.200669   0.356131  -0.0696299   0.0036900   0.053920   0.001891   0.020000   0.020000  0.0015000  0.0010000    0.009000    0.002000
1971   4  25  41066  -0.199369   0.358531  -0.0705958   0.0034170   0.053399   0.001855   0.020000   0.020000  0.0015000  0.0010000    0.009000    0.002000
1971   4  26  41067  -0.198069   0.360931  -0.0712607   0.0031030   0.053067   0.001586   0.020000   0.020000  0.0015000  0.0010000    0.009000    0.002000
1971   4  27  41068  -0.196668   0.363332  -0.0716295   0.0028390   0.053035   0.001275   0.020000   0.020000  0.0015000  0.0010000    0.009000    0.002000
1971   4  28  41069  -0.195268   0.365632  -0.0717954   0.0026950   0.053370   0.000987   0.020000   0.020000  0.0015000  0.0010000    0.009000    0.002000
1971   4  29  41070  -0.193868   0.367932  -0.0718823   0.0026770   0.054002   0.000756   0.020000   0.020000  0.0015000  0.0010000    0.009000    0.002000
1971   4  30  41071  -0.192368   0.370232  -0.0719931   0.0027520   0.054583   0.000689   0.020000   0.020000  0.0015000  0.0010000    0.009000    0.002000
1971   5   1  41072  -0.190867   0.372533  -0.0722260   0.0029010   0.054714   0.000855   0.020000   0.020000  0.0015000  0.0010000    0.009000    0.002000
1971   5   2  41073  -0.189267   0.374833  -0.0726219   0.0030740   0.054391   0.001144   0.020000   0.020000  0.0015000  0.0010000    0.009000    0.002000
1971   5   3  41074  -0.187667   0.377133  -0.0731917   0.0032420   0.054020   0.001360   0.020000   0.020000  0.0015000  0.0010000    0.009000    0.002000
1971   5   4  41075  -0.186067   0.379433  -0.0739076   0.0033740   0.053954   0.001429   0.020000   0.020000  0.0015000  0.0010000    0.009000    0.002000
1971   5   5  41076  -0.184266   0.381634  -0.0747455   0.0034730   0.054156   0.001447   0.020000   0.020000  0.0015000  0.0010000    0.009000    0.002000
1971   5   6  41077  -0.182566   0.383934  -0.0756443   0.0035060   0.054359   0.001507   0.020000   0.020000  0.0015000  0.0010000    0.009000    0.002000
1971   5   7  41078  -0.180666   0.386234  -0.0765462   0.0034780   0.054404   0.001555   0.020000   0.020000  0.0015000  0.0010000    0.009000    0.002000
1971   5   8  41079  -0.178765   0.388435  -0.0773911   0.0033820   0.054311   0.001454   0.020000   0.020000  0.0015000  0.0010000    0.009000    0.002000
1971   5   9  41080  -0.176765   0.390735  -0.0781159   0.0032520   0.054150   0.001183   0.020000   0.020000  0.0015000  0.0010000    0.009000    0.002000
1971   5  10  41081  -0.174765   0.393035  -0.0786888   0.0030900   0.053970   0.000892   0.020000   0.020000  0.0015000  0.0010000    0.009000    0.002000
1971   5  11  41082  -0.172565   0.395235  -0.0791087   0.0029340   0.053830   0.000763   0.020000   0.020000  0.0015000  0.0010000    0.009000    0.002000
1971   5  12  41083  -0.170364   0.397536  -0.0793895   0.0028170   0.053796   0.000827   0.020000   0.020000  0.0015000  0.0010000    0.009000    0.002000
1971   5  13  41084  -0.168064   0.399736  -0.0795744   0.0027590   0.053855   0.000960   0.020000   0.020000  0.0015000  0.0010000    0.009000    0.002000
1971   5  14  41085  -0.165664   0.402036  -0.0797563   0.0028030   0.053907   0.001017   0.020000   0.020000  0.0015000  0.0010000    0.009000    0.002000
1971   5  15  41086  -0.163264   0.404236  -0.0800341   0.0029370   0.053902   0.000952   0.020000   0.020000  0.0015000  0.0010000    0.009000    0.002000
1971   5  16  41087  -0.160663   0.406437  -0.0804880   0.0031540   0.053908   0.000812   0.020000   0.020000  0.0015000  0.0010000    0.009000    0.002000
1971   5  17  41088  -0.158063   0.408637  -0.0811769   0.0034170   0.054016   0.000669   0.020000   0.020000  0.0015000  0.0010000    0.009000    0.002000
1971   5  18  41089  -0.155363   0.410937  -0.0821278   0.0036600   0.054190   0.000601   0.020000   0.020000  0.0015000  0.0010000    0.009000    0.002000
1971   5  19  41090  -0.152562   0.413138  -0.0832916   0.0038310   0.054279   0.000680   0.020000   0.020000  0.0015000  0.0010000    0.009000    0.002000
1971   5  20  41091  -0.149662   0.415338  -0.0845675   0.0038660   0.054142   0.000925   0.020000   0.020000  0.0015000  0.0010000    0.009000    0.002000
1971   5  21  41092  -0.146662   0.417438  -0.0858024   0.0037610   0.053783   0.001224   0.020000   0.020000  0.0015000  0.0010000    0.009000    0.002000
1971   5  22  41093  -0.143662   0.419638  -0.0868532   0.0035150   0.053348   0.001388   0.020000   0.020000  0.0015000  0.0010000    0.009000    0.002000
1971   5  23  41094  -0.140461   0.421739  -0.0876271   0.0031950   0.053009   0.001319   0.020000   0.020000  0.0015000  0.0010000    0.009000    0.002000
1971   5  24  41095  -0.137261   0.423839  -0.0880670   0.0028940   0.052851   0.001093   0.020000   0.020000  0.0015000  0.0010000    0.009000    0.002000
1971   5  25  41096  -0.133961   0.425939  -0.0882408   0.0026620   0.052896   0.000871   0.020000   0.020000  0.0015000  0.0010000    0.009000    0.002000
1971   5  26  41097  -0.130560   0.428040  -0.0882417   0.0025500   0.053163   0.000757   0.020000   0.020000  0.0015000  0.0010000    0.009000    0.002000
1971   5  27  41098  -0.127060   0.430040  -0.0881906   0.0025440   0.053588   0.000786   0.020000   0.020000  0.0015000  0.0010000    0.009000    0.002000
1971   5  28  41099  -0.123460   0.432040  -0.0881864   0.0026310   0.053927   0.000954   0.020000   0.020000  0.0015000  0.0010000    0.009000    0.002000
1971   5  29  41100  -0.119860   0.433940  -0.0882743   0.0027470   0.053903   0.001198   0.020000   0.020000  0.0015000  0.0010000    0.009000    0.002000
1971   5  30  41101  -0.116159   0.435941  -0.0884912   0.0028730   0.053507   0.001396   0.020000   0.020000  0.0015000  0.0010000    0.009000    0.002000
1971   5  31  41102  -0.112359   0.437741  -0.0888221   0.0029730   0.053044   0.001445   0.020000   0.020000  0.0015000  0.0010000    0.009000    0.002000
1971   6   1  41103  -0.108559   0.439641  -0.0892429   0.0030400   0.052820   0.001367   0.020000   0.020000  0.0015000  0.0010000    0.009000    0.002000
1971   6   2  41104  -0.104559   0.441341  -0.0896938   0.0030440   0.052842   0.001287   0.020000   0.020000  0.0015000  0.0010000    0.009000    0.002000
1971   6   3  41105  -0.100658   0.443142  -0.0901297   0.0029980   0.052884   0.001296   0.020000   0.020000  0.0015000  0.0010000    0.009000    0.002000
1971   6   4  41106  -0.096558   0.444742  -0.0904915   0.0028960   0.052764   0.001348   0.020000   0.020000  0.0015000  0.0010000    0.009000    0.002000
1971   6   5  41107  -0.092458   0.446442  -0.0907164   0.0027470   0.052487   0.001331   0.020000   0.020000  0.0015000  0.0010000    0.009000    0.002000
1971   6   6  41108  -0.088357   0.447943  -0.0907863   0.0025710   0.052157   0.001208   0.020000   0.020000  0.0015000  0.0010000    0.009000    0.002000
1971   6   7  41109  -0.084157   0.449543  -0.0906762   0.0024020   0.051849   0.001075   0.020000   0.020000  0.0015000  0.0010000    0.009000    0.002000
1971   6   8  41110  -0.079857   0.450943  -0.0904100   0.0022520   0.051600   0.001052   0.020000   0.020000  0.0015000  0.0010000    0.009000    0.002000
1971   6   9  41111  -0.075557   0.452343  -0.0900219   0.0021750   0.051449   0.001161   0.020000   0.020000  0.0015000  0.0010000    0.009000    0.002000
1971   6  10  41112  -0.071256   0.453644  -0.0895908   0.0021790   0.051417   0.001314   0.020000   0.020000  0.0015000  0.0010000    0.009000    0.002000
1971   6  11  41113  -0.066856   0.454944  -0.0892246   0.0022860   0.051462   0.001413   0.020000   0.020000  0.0015000  0.0010000    0.009000    0.002000
1971   6  12  41114  -0.062556   0.456144  -0.0890115   0.0024810   0.051493   0.001429   0.020000   0.020000  0.0015000  0.0010000    0.009000    0.002000
1971   6  13  41115  -0.058056   0.457244  -0.0890234   0.0027260   0.051448   0.001395   0.020000   0.020000  0.0015000  0.0010000    0.009000    0.002000
1971   6  14  41116  -0.053655   0.458245  -0.0892692   0.0029610   0.051327   0.001354   0.020000   0.020000  0.0015000  0.0010000    0.009000    0.002000
1971   6  15  41117  -0.049155   0.459245  -0.0897311   0.0031270   0.051167   0.001330   0.020000   0.020000  0.0015000  0.0010000    0.009000    0.002000
1971   6  16  41118  -0.044655   0.460145  -0.0903050   0.0031790   0.050996   0.001343   0.020000   0.020000  0.0015000  0.0010000    0.009000    0.002000
1971   6  17  41119  -0.040154   0.460946  -0.0908639   0.0030970   0.050815   0.001411   0.020000   0.020000  0.0015000  0.0010000    0.009000    0.002000
1971   6  18  41120  -0.035654   0.461746  -0.0912777   0.0028950   0.050609   0.001516   0.020000   0.020000  0.0015000  0.0010000    0.009000    0.002000
1971   6  19  41121  -0.031154   0.462346  -0.0914476   0.0026180   0.050375   0.001591   0.020000   0.020000  0.0015000  0.0010000    0.009000    0.002000
1971   6  20  41122  -0.026654   0.462946  -0.0913305   0.0023290   0.050135   0.001563   0.020000   0.020000  0.0015000  0.0010000    0.009000    0.002000
1971   6  21  41123  -0.022153   0.463447  -0.0909444   0.0021030   0.049945   0.001418   0.020000   0.020000  0.0015000  0.0010000    0.009000    0.002000
1971   6  22  41124  -0.017553   0.463947  -0.0903792   0.0019670   0.049880   0.001234   0.020000   0.020000  0.0015000  0.0010000    0.009000    0.002000
1971   6  23  41125  -0.013053   0.464247  -0.0897271   0.0019460   0.049982   0.001140   0.020000   0.020000  0.0015000  0.0010000    0.009000    0.002000
1971   6  24  41126  -0.008553   0.464547  -0.0891240   0.0020330   0.050189   0.001228   0.020000   0.020000  0.0015000  0.0010000    0.009000    0.002000
1971   6  25  41127  -0.004052   0.464748  -0.0886308   0.0021760   0.050334   0.001483   0.020000   0.020000  0.0015000  0.0010000    0.009000    0.002000
1971   6  26  41128   0.000448   0.464848  -0.0882917   0.0023240   0.050250   0.001768   0.020000   0.020000  0.0015000  0.0010000    0.009000    0.002000
1971   6  27  41129   0.004848   0.464848  -0.0881016   0.0024600   0.049905   0.001914   0.020000   0.020000  0.0015000  0.0010000    0.009000    0.002000
1971   6  28  41130   0.009349   0.464849  -0.0880165   0.0025530   0.049436   0.001857   0.020000   0.020000  0.0015000  0.0010000    0.009000    0.002000
1971   6  29  41131   0.013749   0.464649  -0.0879973   0.0025890   0.049041   0.001689   0.020000   0.020000  0.0015000  0.0010000    0.009000    0.002000
1971   6  30  41132   0.018249   0.464449  -0.0879842   0.0025650   0.048816   0.001567   0.020000   0.020000  0.0015000  0.0010000    0.009000    0.002000
1971   7   1  41133   0.022549   0.464149  -0.0879291   0.0024950   0.048684   0.001564   0.020000   0.020000  0.0015000  0.0010000    0.009000    0.002000
1971   7   2  41134   0.026950   0.463750  -0.0877780   0.0023770   0.048488   0.001611   0.020000   0.020000  0.0015000  0.0010000    0.009000    0.002000
1971   7   3  41135   0.031250   0.463250  -0.0874908   0.0022270   0.048152   0.001603   0.020000   0.020000  0.0015000  0.0010000    0.009000    0.002000
1971   7   4  41136   0.035550   0.462650  -0.0870487   0.0020790   0.047746   0.001534   0.020000   0.020000  0.0015000  0.0010000    0.009000    0.002000
1971   7   5  41137   0.039850   0.462050  -0.0864636   0.0019390   0.047390   0.001496   0.020000   0.020000  0.0015000  0.0010000    0.009000    0.002000
1971   7   6  41138   0.044051   0.461351  -0.0857635   0.0018610   0.047145   0.001553   0.020000   0.020000  0.0015000  0.0010000    0.009000    0.002000
1971   7   7  41139   0.048251   0.460551  -0.0850223   0.0018660   0.047001   0.001661   0.020000   0.020000  0.0015000  0.0010000    0.009000    0.002000
1971   7   8  41140   0.052451   0.459651  -0.0843502   0.0019770   0.046954   0.001730   0.020000   0.020000  0.0015000  0.0010000    0.009000    0.002000
1971   7   9  41141   0.056552   0.458652  -0.0838411   0.0022020   0.047011   0.001748   0.020000   0.020000  0.0015000  0.0010000    0.009000    0.002000
1971   7  10  41142   0.060652   0.457652  -0.0835870   0.0024860   0.047101   0.001778   0.020000   0.020000  0.0015000  0.0010000    0.009000    0.002000
1971   7  11  41143   0.064652   0.456552  -0.0836358   0.0027860   0.047050   0.001854   0.020000   0.020000  0.0015000  0.0010000    0.009000    0.002000
1971   7  12  41144   0.068652   0.455352  -0.0839467   0.0030190   0.046725   0.001921   0.020000   0.020000  0.0015000  0.0010000    0.009000    0.002000
1971   7  13  41145   0.072553   0.454053  -0.0844526   0.0031290   0.046201   0.001902   0.020000   0.020000  0.0015000  0.0010000    0.009000    0.002000
1971   7  14  41146   0.076453   0.452753  -0.0849755   0.0030940   0.045731   0.001798   0.020000   0.020000  0.0015000  0.0010000    0.009000    0.002000
1971   7  15  41147   0.080353   0.451353  -0.0854073   0.0029220   0.045520   0.001689   0.020000   0.020000  0.0015000  0.0010000    0.009000    0.002000
1971   7  16  41148   0.084153   0.449853  -0.0856142   0.0026740   0.045536   0.001650   0.020000   0.020000  0.0015000  0.0010000    0.009000    0.002000
1971   7  17  41149   0.087954   0.448354  -0.0855611   0.0024120   0.045559   0.001680   0.020000   0.020000  0.0015000  0.0010000    0.009000    0.002000
1971   7  18  41150   0.091754   0.446854  -0.0852650   0.0021870   0.045417   0.001699   0.020000   0.020000  0.0015000  0.0010000    0.009000    0.002000
1971   7  19  41151   0.095454   0.445154  -0.0847838   0.0020500   0.045158   0.001625   0.020000   0.020000  0.0015000  0.0010000    0.009000    0.002000
1971   7  20  41152   0.099055   0.443555  -0.0842197   0.0020210   0.044977   0.001458   0.020000   0.020000  0.0015000  0.0010000    0.009000    0.002000
1971   7  21  41153   0.102755   0.441755  -0.0836676   0.0020810   0.044999   0.001310   0.020000   0.020000  0.0015000  0.0010000    0.009000    0.002000
1971   7  22  41154   0.106355   0.440055  -0.0832145   0.0022020   0.045165   0.001333   0.020000   0.020000  0.0015000  0.0010000    0.009000    0.002000
1971   7  23  41155   0.109955   0.438255  -0.0828923   0.0023530   0.045319   0.001578   0.020000   0.020000  0.0015000  0.0010000    0.009000    0.002000
1971   7  24  41156   0.113456   0.436356  -0.0827282   0.0025050   0.045331   0.001923   0.020000   0.020000  0.0015000  0.0010000    0.009000    0.002000
1971   7  25  41157   0.116956   0.434456  -0.0826981   0.0026070   0.045144   0.002159   0.020000   0.020000  0.0015000  0.0010000    0.009000    0.002000
1971   7  26  41158   0.120456   0.432556  -0.0827430   0.0026630   0.044770   0.002160   0.020000   0.020000  0.0015000  0.0010000    0.009000    0.002000
1971   7  27  41159   0.123856   0.430556  -0.0828128   0.0026450   0.044321   0.001997   0.020000   0.020000  0.0015000  0.0010000    0.009000    0.002000
1971   7  28  41160   0.127357   0.428557  -0.0828227   0.0025670   0.043970   0.001844   0.020000   0.020000  0.0015000  0.0010000    0.009000    0.002000
1971   7  29  41161   0.130757   0.426557  -0.0827486   0.0024480   0.043806   0.001791   0.020000   0.020000  0.0015000  0.0010000    0.009000    0.002000
1971   7  30  41162   0.134057   0.424557  -0.0825165   0.0022940   0.043719   0.001766   0.020000   0.020000  0.0015000  0.0010000    0.009000    0.002000
1971   7  31  41163   0.137358   0.422458  -0.0821333   0.0021180   0.043520   0.001665   0.020000   0.020000  0.0015000  0.0010000    0.009000    0.002000
1971   8   1  41164   0.140658   0.420358  -0.0815852   0.0019620   0.043177   0.001513   0.020000   0.020000  0.0015000  0.0010000    0.009000    0.002000
1971   8   2  41165   0.143958   0.418258  -0.0808891   0.0018450   0.042857   0.001448   0.020000   0.020000  0.0015000  0.0010000    0.009000    0.002000
1971   8   3  41166   0.147258   0.416158  -0.0801190   0.0018090   0.042705   0.001536   0.020000   0.020000  0.0015000  0.0010000    0.009000    0.002000
1971   8   4  41167   0.150459   0.413959  -0.0793499   0.0018620   0.042702   0.001667   0.020000   0.020000  0.0015000  0.0010000    0.009000    0.002000
1971   8   5  41168   0.153559   0.411759  -0.0787007   0.0020360   0.042772   0.001696   0.020000   0.020000  0.0015000  0.0010000    0.009000    0.002000
1971   8   6  41169   0.156759   0.409559  -0.0782736   0.0023140   0.042894   0.001641   0.020000   0.020000  0.0015000  0.0010000    0.009000    0.002000
1971   8   7  41170   0.159859   0.407359  -0.0781525   0.0026240   0.043015   0.001655   0.020000   0.020000  0.0015000  0.0010000    0.009000    0.002000
1971   8   8  41171   0.162960   0.405160  -0.0783294   0.0029050   0.042961   0.001788   0.020000   0.020000  0.0015000  0.0010000    0.009000    0.002000
1971   8   9  41172   0.165960   0.402860  -0.0787432   0.0030680   0.042598   0.001912   0.020000   0.020000  0.0015000  0.0010000    0.009000    0.002000
1971   8  10  41173   0.168960   0.400560  -0.0792291   0.0030670   0.042025   0.001896   0.020000   0.020000  0.0015000  0.0010000    0.009000    0.002000
1971   8  11  41174   0.171861   0.398261  -0.0796340   0.0029080   0.041513   0.001775   0.020000   0.020000  0.0015000  0.0010000    0.009000    0.002000
1971   8  12  41175   0.174761   0.395961  -0.0798199   0.0026440   0.041276   0.001672   0.020000   0.020000  0.0015000  0.0010000    0.009000    0.002000
1971   8  13  41176   0.177661   0.393661  -0.0797318   0.0023620   0.041318   0.001636   0.020000   0.020000  0.0015000  0.0010000    0.009000    0.002000
1971   8  14  41177   0.180461   0.391261  -0.0793796   0.0021250   0.041468   0.001626   0.020000   0.020000  0.0015000  0.0010000    0.009000    0.002000
1971   8  15  41178   0.183162   0.388862  -0.0788445   0.0019910   0.041530   0.001595   0.020000   0.020000  0.0015000  0.0010000    0.009000    0.002000
1971   8  16  41179   0.185862   0.386462  -0.0782184   0.0019670   0.041455   0.001533   0.020000   0.020000  0.0015000  0.0010000    0.009000    0.002000
1971   8  17  41180   0.188462   0.384062  -0.0776213   0.0020430   0.041369   0.001447   0.020000   0.020000  0.0015000  0.0010000    0.009000    0.002000
1971   8  18  41181   0.191063   0.381563  -0.0771412   0.0021960   0.041418   0.001381   0.020000   0.020000  0.0015000  0.0010000    0.009000    0.002000
1971   8  19  41182   0.193563   0.379063  -0.0768360   0.0023890   0.041607   0.001428   0.020000   0.020000  0.0015000  0.0010000    0.009000    0.002000
1971   8  20  41183   0.196063   0.376563  -0.0767289   0.0025860   0.041824   0.001666   0.020000   0.020000  0.0015000  0.0010000    0.009000    0.002000
1971   8  21  41184   0.198463   0.373963  -0.0768088   0.0027540   0.041959   0.002051   0.020000   0.020000  0.0015000  0.0010000    0.009000    0.002000
1971   8  22  41185   0.200764   0.371364  -0.0770407   0.0028710   0.041938   0.002393   0.020000   0.020000  0.0015000  0.0010000    0.009000    0.002000
1971   8  23  41186   0.202964   0.368764  -0.0773476   0.0029230   0.041720   0.002497   0.020000   0.020000  0.0015000  0.0010000    0.009000    0.002000
1971   8  24  41187   0.205164   0.366064  -0.0776854   0.0029110   0.041359   0.002348   0.020000   0.020000  0.0015000  0.0010000    0.009000    0.002000
1971   8  25  41188   0.207264   0.363364  -0.0779603   0.0028320   0.041043   0.002111   0.020000   0.020000  0.0015000  0.0010000    0.009000    0.002000
1971   8  26  41189   0.209265   0.360565  -0.0781562   0.0027240   0.040952   0.001938   0.020000   0.020000  0.0015000  0.0010000    0.009000    0.002000
1971   8  27  41190   0.211165   0.357765  -0.0782121   0.0025880   0.041041   0.001814   0.020000   0.020000  0.0015000  0.0010000    0.009000    0.002000
1971   8  28  41191   0.213065   0.354965  -0.0781540   0.0024580   0.041060   0.001634   0.020000   0.020000  0.0015000  0.0010000    0.009000    0.002000
1971   8  29  41192   0.214766   0.352066  -0.0779698   0.0023590   0.040859   0.001406   0.020000   0.020000  0.0015000  0.0010000    0.009000    0.002000
1971   8  30  41193   0.216466   0.349066  -0.0777117   0.0023170   0.040579   0.001285   0.020000   0.020000  0.0015000  0.0010000    0.009000    0.002000
1971   8  31  41194   0.218066   0.346066  -0.0774516   0.0023600   0.040456   0.001373   0.020000   0.020000  0.0015000  0.0010000    0.009000    0.002000
1971   9   1  41195   0.219566   0.343066  -0.0772865   0.0024970   0.040539   0.001552   0.020000   0.020000  0.0015000  0.0010000    0.009000    0.002000
1971   9   2  41196   0.221067   0.339967  -0.0773004   0.0027400   0.040721   0.001624   0.020000   0.020000  0.0015000  0.0010000    0.009000    0.002000
1971   9   3  41197   0.222367   0.336767  -0.0776002   0.0030470   0.040911   0.001586   0.020000   0.020000  0.0015000  0.0010000    0.009000    0.002000
1971   9   4  41198   0.223667   0.333567  -0.0782181   0.0033630   0.041024   0.001622   0.020000   0.020000  0.0015000  0.0010000    0.009000    0.002000
1971   9   5  41199   0.224867   0.330267  -0.0791190   0.0035990   0.040929   0.001796   0.020000   0.020000  0.0015000  0.0010000    0.009000    0.002000
1971   9   6  41200   0.225968   0.326968  -0.0801739   0.0036800   0.040619   0.001926   0.020000   0.020000  0.0015000  0.0010000    0.009000    0.002000
1971   9   7  41201   0.226968   0.323568  -0.0812178   0.0035690   0.040299   0.001875   0.020000   0.020000  0.0015000  0.0010000    0.009000    0.002000
1971   9   8  41202   0.227868   0.320168  -0.0820797   0.0033160   0.040135   0.001773   0.020000   0.020000  0.0015000  0.0010000    0.009000    0.002000
1971   9   9  41203   0.228669   0.316669  -0.0826455   0.0029900   0.040061   0.001810   0.020000   0.020000  0.0015000  0.0010000    0.009000    0.002000
1971   9  10  41204   0.229469   0.313169  -0.0828774   0.0026750   0.039981   0.001930   0.020000   0.020000  0.0015000  0.0010000    0.009000    0.002000
1971   9  11  41205   0.230169   0.309569  -0.0828463   0.0024510   0.039973   0.001934   0.020000   0.020000  0.0015000  0.0010000    0.009000    0.002000
1971   9  12  41206   0.230769   0.305969  -0.0826492   0.0023580   0.040132   0.001785   0.020000   0.020000  0.0015000  0.0010000    0.009000    0.002000
1971   9  13  41207   0.231270   0.302270  -0.0824201   0.0023790   0.040370   0.001651   0.020000   0.020000  0.0015000  0.0010000    0.009000    0.002000
1971   9  14  41208   0.231770   0.298570  -0.0822549   0.0024830   0.040544   0.001666   0.020000   0.020000  0.0015000  0.0010000    0.009000    0.002000
1971   9  15  41209   0.232070   0.294870  -0.0822218   0.0026340   0.040663   0.001805   0.020000   0.020000  0.0015000  0.0010000    0.009000    0.002000
1971   9  16  41210   0.232370   0.291070  -0.0823467   0.0027960   0.040830   0.001991   0.020000   0.020000  0.0015000  0.0010000    0.009000    0.002000
1971   9  17  41211   0.232571   0.287271  -0.0826266   0.0029490   0.041070   0.002231   0.020000   0.020000  0.0015000  0.0010000    0.009000    0.002000
1971   9  18  41212   0.232771   0.283371  -0.0830395   0.0030590   0.041307   0.002550   0.020000   0.020000  0.0015000  0.0010000    0.009000    0.002000
1971   9  19  41213   0.232871   0.279471  -0.0835444   0.0031200   0.041442   0.002858   0.020000   0.020000  0.0015000  0.0010000    0.009000    0.002000
1971   9  20  41214   0.232872   0.275572  -0.0840782   0.0031170   0.041404   0.002970   0.020000   0.020000  0.0015000  0.0010000    0.009000    0.002000
1971   9  21  41215   0.232772   0.271672  -0.0845681   0.0030530   0.041204   0.002798   0.020000   0.020000  0.0015000  0.0010000    0.009000    0.002000
1971   9  22  41216   0.232672   0.267672  -0.0849790   0.0029530   0.040984   0.002469   0.020000   0.020000  0.0015000  0.0010000    0.009000    0.002000
1971   9  23  41217   0.232472   0.263772  -0.0852749   0.0028280   0.040937   0.002194   0.020000   0.020000  0.0015000  0.0010000    0.009000    0.002000
1971   9  24  41218   0.232173   0.259773  -0.0854448   0.0027040   0.041105   0.002045   0.020000   0.020000  0.0015000  0.0010000    0.009000    0.002000
1971   9  25  41219   0.231873   0.255773  -0.0854997   0.0026150   0.041300   0.001925   0.020000   0.020000  0.0015000  0.0010000    0.009000    0.002000
1971   9  26  41220   0.231473   0.251773  -0.0854996   0.0025750   0.041308   0.001768   0.020000   0.020000  0.0015000  0.0010000    0.009000    0.002000
1971   9  27  41221   0.231073   0.247873  -0.0854934   0.0026060   0.041149   0.001659   0.020000   0.020000  0.0015000  0.0010000    0.009000    0.002000
1971   9  28  41222   0.230574   0.243874  -0.0855623   0.0027280   0.041039   0.001711   0.020000   0.020000  0.0015000  0.0010000    0.009000    0.002000
1971   9  29  41223   0.230074   0.239874  -0.0857932   0.0029400   0.041115   0.001867   0.020000   0.020000  0.0015000  0.0010000    0.009000    0.002000
1971   9  30  41224   0.229474   0.235974  -0.0862921   0.0032500   0.041333   0.001960   0.020000   0.020000  0.0015000  0.0010000    0.009000    0.002000
1971  10   1  41225   0.228875   0.231975  -0.0871270   0.0036040   0.041573   0.001966   0.020000   0.020000  0.0015000  0.0010000    0.009000    0.002000
1971  10   2  41226   0.228175   0.228075  -0.0882999   0.0039190   0.041694   0.002049   0.020000   0.020000  0.0015000  0.0010000    0.009000    0.002000
1971  10   3  41227   0.227475   0.224175  -0.0897287   0.0041150   0.041578   0.002262   0.020000   0.020000  0.0015000  0.0010000    0.009000    0.002000
1971  10   4  41228   0.226675   0.220275  -0.0912916   0.0041500   0.041332   0.002394   0.020000   0.020000  0.0015000  0.0010000    0.009000    0.002000
1971  10   5  41229   0.225876   0.216376  -0.0927785   0.0039970   0.041301   0.002280   0.020000   0.020000  0.0015000  0.0010000    0.009000    0.002000
1971  10   6  41230   0.224976   0.212476  -0.0940634   0.0037190   0.041625   0.002117   0.020000   0.020000  0.0015000  0.0010000    0.009000    0.002000
1971  10   7  41231   0.224076   0.208676  -0.0950353   0.0034080   0.041955   0.002204   0.020000   0.020000  0.0015000  0.0010000    0.009000    0.002000
1971  10   8  41232   0.223176   0.204876  -0.0957112   0.0031590   0.041922   0.002484   0.020000   0.020000  0.0015000  0.0010000    0.009000    0.002000
1971  10   9  41233   0.222177   0.201077  -0.0961941   0.0030200   0.041689   0.002612   0.020000   0.020000  0.0015000  0.0010000    0.009000    0.002000
1971  10  10  41234   0.221177   0.197277  -0.0966039   0.0030010   0.041695   0.002456   0.020000   0.020000  0.0015000  0.0010000    0.009000    0.002000
1971  10  11  41235   0.220077   0.193577  -0.0970498   0.0030850   0.042010   0.002267   0.020000   0.020000  0.0015000  0.0010000    0.009000    0.002000
1971  10  12  41236   0.219078   0.189878  -0.0976117   0.0032250   0.042321   0.002320   0.020000   0.020000  0.0015000  0.0010000    0.009000    0.002000
1971  10  13  41237   0.217878   0.186178  -0.0983246   0.0033910   0.042455   0.002593   0.020000   0.020000  0.0015000  0.0010000    0.009000    0.002000
1971  10  14  41238   0.216778   0.182578  -0.0991985   0.0035320   0.042559   0.002884   0.020000   0.020000  0.0015000  0.0010000    0.009000    0.002000
1971  10  15  41239   0.215578   0.178978  -0.1001964   0.0036350   0.042799   0.003090   0.020000   0.020000  0.0015000  0.0010000    0.009000    0.002000
1971  10  16  41240   0.214379   0.175379  -0.1012623   0.0036780   0.043131   0.003267   0.020000   0.020000  0.0015000  0.0010000    0.009000    0.002000
1971  10  17  41241   0.213079   0.171879  -0.1023511   0.0036800   0.043397   0.003445   0.020000   0.020000  0.0015000  0.0010000    0.009000    0.002000
1971  10  18  41242   0.211879   0.168379  -0.1034120   0.0036120   0.043494   0.003518   0.020000   0.020000  0.0015000  0.0010000    0.009000    0.002000
1971  10  19  41243   0.210579   0.164979  -0.1043779   0.0035030   0.043412   0.003373   0.020000   0.020000  0.0015000  0.0010000    0.009000    0.002000
1971  10  20  41244   0.209180   0.161480  -0.1052178   0.0033630   0.043234   0.003074   0.020000   0.020000  0.0015000  0.0010000    0.009000    0.002000
1971  10  21  41245   0.207880   0.158180  -0.1059107   0.0032170   0.043116   0.002827   0.020000   0.020000  0.0015000  0.0010000    0.009000    0.002000
1971  10  22  41246   0.206480   0.154780  -0.1064766   0.0030890   0.043191   0.002764   0.020000   0.020000  0.0015000  0.0010000    0.009000    0.002000
1971  10  23  41247   0.205081   0.151481  -0.1069245   0.0030050   0.043431   0.002818   0.020000   0.020000  0.0015000  0.0010000    0.009000    0.002000
1971  10  24  41248   0.203681   0.148281  -0.1073184   0.0029860   0.043664   0.002847   0.020000   0.020000  0.0015000  0.0010000    0.009000    0.002000
1971  10  25  41249   0.202181   0.145081  -0.1077312   0.0030470   0.043760   0.002816   0.020000   0.020000  0.0015000  0.0010000    0.009000    0.002000
1971  10  26  41250   0.200781   0.141981  -0.1082611   0.0032070   0.043776   0.002799   0.020000   0.020000  0.0015000  0.0010000    0.009000    0.002000
1971  10  27  41251   0.199282   0.138882  -0.1089830   0.0034380   0.043861   0.002829   0.020000   0.020000  0.0015000  0.0010000    0.009000    0.002000
1971  10  28  41252   0.197782   0.135782  -0.1099669   0.0037250   0.044074   0.002857   0.020000   0.020000  0.0015000  0.0010000    0.009000    0.002000
1971  10  29  41253   0.196282   0.132782  -0.1112448   0.0040170   0.044329   0.002883   0.020000   0.020000  0.0015000  0.0010000    0.009000    0.002000
1971  10  30  41254   0.194682   0.129882  -0.1127987   0.0042460   0.044449   0.003009   0.020000   0.020000  0.0015000  0.0010000    0.009000    0.002000
1971  10  31  41255   0.193183   0.126983  -0.1145136   0.0043480   0.044310   0.003253   0.020000   0.020000  0.0015000  0.0010000    0.009000    0.002000
1971  11   1  41256   0.191583   0.124183  -0.1162485   0.0042850   0.044049   0.003405   0.020000   0.020000  0.0015000  0.0010000    0.009000    0.002000
1971  11   2  41257   0.189983   0.121383  -0.1178534   0.0040730   0.044059   0.003274   0.020000   0.020000  0.0015000  0.0010000    0.009000    0.002000
1971  11   3  41258   0.188284   0.118684  -0.1191862   0.0037790   0.044539   0.003018   0.020000   0.020000  0.0015000  0.0010000    0.009000    0.002000
1971  11   4  41259   0.186684   0.115984  -0.1202131   0.0034850   0.045138   0.002990   0.020000   0.020000  0.0015000  0.0010000    0.009000    0.002000
1971  11   5  41260   0.184984   0.113384  -0.1209970   0.0032930   0.045347   0.003258   0.020000   0.020000  0.0015000  0.0010000    0.009000    0.002000
1971  11   6  41261   0.183284   0.110784  -0.1216549   0.0032230   0.045167   0.003519   0.020000   0.020000  0.0015000  0.0010000    0.009000    0.002000
1971  11   7  41262   0.181585   0.108285  -0.1223158   0.0032860   0.045049   0.003531   0.020000   0.020000  0.0015000  0.0010000    0.009000    0.002000
1971  11   8  41263   0.179785   0.105785  -0.1230727   0.0034170   0.045209   0.003420   0.020000   0.020000  0.0015000  0.0010000    0.009000    0.002000
1971  11   9  41264   0.177985   0.103385  -0.1239776   0.0035850   0.045408   0.003445   0.020000   0.020000  0.0015000  0.0010000    0.009000    0.002000
1971  11  10  41265   0.176186   0.100986  -0.1250365   0.0037290   0.045434   0.003646   0.020000   0.020000  0.0015000  0.0010000    0.009000    0.002000
1971  11  11  41266   0.174286   0.098686  -0.1262324   0.0038250   0.045422   0.003852   0.020000   0.020000  0.0015000  0.0010000    0.009000    0.002000
1971  11  12  41267   0.172486   0.096386  -0.1274883   0.0038710   0.045586   0.003948   0.020000   0.020000  0.0015000  0.0010000    0.009000    0.002000
1971  11  13  41268   0.170486   0.094186  -0.1287741   0.0038610   0.045901   0.003993   0.020000   0.020000  0.0015000  0.0010000    0.009000    0.002000
1971  11  14  41269   0.168587   0.091987  -0.1300110   0.0037940   0.046172   0.004072   0.020000   0.020000  0.0015000  0.0010000    0.009000    0.002000
1971  11  15  41270   0.166587   0.089887  -0.1311669   0.0036780   0.046279   0.004147   0.020000   0.020000  0.0015000  0.0010000    0.009000    0.002000
1971  11  16  41271   0.164587   0.087787  -0.1321648   0.0035150   0.046220   0.004110   0.020000   0.020000  0.0015000  0.0010000    0.009000    0.002000
1971  11  17  41272   0.162487   0.085787  -0.1330007   0.0033390   0.046041   0.003956   0.020000   0.020000  0.0015000  0.0010000    0.009000    0.002000
1971  11  18  41273   0.160388   0.083688  -0.1336556   0.0031650   0.045827   0.003827   0.020000   0.020000  0.0015000  0.0010000    0.009000    0.002000
1971  11  19  41274   0.158288   0.081788  -0.1341535   0.0030190   0.045727   0.003858   0.020000   0.020000  0.0015000  0.0010000    0.009000    0.002000
1971  11  20  41275   0.156088   0.079788  -0.1345434   0.0029440   0.045864   0.004022   0.020000   0.020000  0.0015000  0.0010000    0.009000    0.002000
1971  11  21  41276   0.153889   0.077889  -0.1348853   0.0029460   0.046191   0.004173   0.020000   0.020000  0.0015000  0.0010000    0.009000    0.002000
1971  11  22  41277   0.151589   0.075989  -0.1352622   0.0030210   0.046521   0.004201   0.020000   0.020000  0.0015000  0.0010000    0.009000    0.002000
1971  11  23  41278   0.149289   0.074189  -0.1357731   0.0031820   0.046721   0.004124   0.020000   0.020000  0.0015000  0.0010000    0.009000    0.002000
1971  11  24  41279   0.146989   0.072389  -0.1364629   0.0033940   0.046840   0.004025   0.020000   0.020000  0.0015000  0.0010000    0.009000    0.002000
1971  11  25  41280   0.144590   0.070590  -0.1373748   0.0036080   0.046988   0.003968   0.020000   0.020000  0.0015000  0.0010000    0.009000    0.002000
1971  11  26  41281   0.142190   0.068790  -0.1384947   0.0038010   0.047158   0.003997   0.020000   0.020000  0.0015000  0.0010000    0.009000    0.002000
1971  11  27  41282   0.139690   0.066990  -0.1397546   0.0038910   0.047214   0.004152   0.020000   0.020000  0.0015000  0.0010000    0.009000    0.002000
1971  11  28  41283   0.137190   0.065290  -0.1410415   0.0038490   0.047042   0.004401   0.020000   0.020000  0.0015000  0.0010000    0.009000    0.002000
1971  11  29  41284   0.134591   0.063591  -0.1422264   0.0036810   0.046745   0.004573   0.020000   0.020000  0.0015000  0.0010000    0.009000    0.002000
1971  11  30  41285   0.131991   0.061791  -0.1431903   0.0034130   0.046630   0.004495   0.020000   0.020000  0.0015000  0.0010000    0.009000    0.002000
1971  12   1  41286   0.129391   0.060091  -0.1438632   0.0031150   0.046907   0.004232   0.020000   0.020000  0.0015000  0.0010000    0.009000    0.002000
1971  12   2  41287   0.126692   0.058492  -0.1442481   0.0028690   0.047416   0.004061   0.020000   0.020000  0.0015000  0.0010000    0.009000    0.002000
1971  12   3  41288   0.123992   0.056792  -0.1444490   0.0027340   0.047796   0.004161   0.020000   0.020000  0.0015000  0.0010000    0.009000    0.002000
1971  12   4  41289   0.121192   0.055092  -0.1445799   0.0027280   0.047924   0.004417   0.020000   0.020000  0.0015000  0.0010000    0.009000    0.002000
1971  12   5  41290   0.118392   0.053492  -0.1447678   0.0028320   0.047991   0.004608   0.020000   0.020000  0.0015000  0.0010000    0.009000    0.002000
1971  12   6  41291   0.115493   0.051893  -0.1450797   0.0029850   0.048132   0.004666   0.020000   0.020000  0.0015000  0.0010000    0.009000    0.002000
1971  12   7  41292   0.112593   0.050293  -0.1455376   0.0031250   0.048226   0.004670   0.020000   0.020000  0.0015000  0.0010000    0.009000    0.002000
1971  12   8  41293   0.109693   0.048693  -0.1461374   0.0032360   0.048150   0.004671   0.020000   0.020000  0.0015000  0.0010000    0.009000    0.002000
1971  12   9  41294   0.106693   0.047093  -0.1468013   0.0032820   0.048014   0.004640   0.020000   0.020000  0.0015000  0.0010000    0.009000    0.002000
1971  12  10  41295   0.103694   0.045494  -0.1475012   0.0032780   0.048002   0.004573   0.020000   0.020000  0.0015000  0.0010000    0.009000    0.002000
1971  12  11  41296   0.100694   0.043994  -0.1481581   0.0032180   0.048123   0.004540   0.020000   0.020000  0.0015000  0.0010000    0.009000    0.002000
1971  12  12  41297   0.097594   0.042394  -0.1487310   0.0030990   0.048239   0.004599   0.020000   0.020000  0.0015000  0.0010000    0.009000    0.002000
1971  12  13  41298   0.094495   0.040895  -0.1491629   0.0029520   0.048267   0.004703   0.020000   0.020000  0.0015000  0.0010000    0.009000    0.002000
1971  12  14  41299   0.091295   0.039495  -0.1494378   0.0027770   0.048222   0.004747   0.020000   0.020000  0.0015000  0.0010000    0.009000    0.002000
1971  12  15  41300   0.088095   0.037995  -0.1495377   0.0026170   0.048117   0.004697   0.020000   0.020000  0.0015000  0.0010000    0.009000    0.002000
1971  12  16  41301   0.084895   0.036595  -0.1494826   0.0024800   0.047944   0.004636   0.020000   0.020000  0.0015000  0.0010000    0.009000    0.002000
1971  12  17  41302   0.081696   0.035196  -0.1493365   0.0024080   0.047771   0.004662   0.020000   0.020000  0.0015000  0.0010000    0.009000    0.002000
1971  12  18  41303   0.078396   0.033796  -0.1491444   0.0024030   0.047751   0.004778   0.020000   0.020000  0.0015000  0.0010000    0.009000    0.002000
1971  12  19  41304   0.075096   0.032496  -0.1489903   0.0024920   0.047973   0.004889   0.020000   0.020000  0.0015000  0.0010000    0.009000    0.002000
1971  12  20  41305   0.071796   0.031196  -0.1489652   0.0026620   0.048336   0.004912   0.020000   0.020000  0.0015000  0.0010000    0.009000    0.002000
1971  12  21  41306   0.068397   0.029897  -0.1491511   0.0028850   0.048640   0.004847   0.020000   0.020000  0.0015000  0.0010000    0.009000    0.002000
1971  12  22  41307   0.065097   0.028697  -0.1495580   0.0031190   0.048775   0.004762   0.020000   0.020000  0.0015000  0.0010000    0.009000    0.002000
1971  12  23  41308   0.061697   0.027497  -0.1501849   0.0033130   0.048778   0.004725   0.020000   0.020000  0.0015000  0.0010000    0.009000    0.002000
1971  12  24  41309   0.058198   0.026298  -0.1509658   0.0034200   0.048716   0.004770   0.020000   0.020000  0.0015000  0.0010000    0.009000    0.002000
1971  12  25  41310   0.054798   0.025198  -0.1517957   0.0034100   0.048597   0.004902   0.020000   0.020000  0.0015000  0.0010000    0.009000    0.002000
1971  12  26  41311   0.051298   0.024198  -0.1525556   0.0032800   0.048402   0.005088   0.020000   0.020000  0.0015000  0.0010000    0.009000    0.002000
1971  12  27  41312   0.047898   0.023098  -0.1531444   0.0030670   0.048175   0.005231   0.020000   0.020000  0.0015000  0.0010000    0.009000    0.002000
1971  12  28  41313   0.044399   0.022099  -0.1534953   0.0028140   0.048046   0.005222   0.020000   0.020000  0.0015000  0.0010000    0.009000    0.002000
1971  12  29  41314   0.040899   0.021199  -0.1535992   0.0025860   0.048137   0.005048   0.020000   0.020000  0.0015000  0.0010000    0.009000    0.002000
1971  12  30  41315   0.037399   0.020299  -0.1535161   0.0024550   0.048443   0.004841   0.020000   0.020000  0.0015000  0.0010000    0.009000    0.002000
1971  12  31  41316   0.033899   0.019499  -0.1533590   0.0024410   0.048841   0.004772   0.020000   0.020000  0.0015000  0.0010000    0.009000    0.002000
