

                   INTERNATIONAL EARTH ROTATION SERVICE
                        EARTH ROTATION PARAMETERS
                          EOP (IERS) C04

  
             FORMAT(3(I4),I7,2(F11.6),2(F12.7),2(F12.6),2(F11.6),2(F12.7),2F12.6)
**********************************************************************************
  
      Date      MJD      x          y        UT1-UTC       LOD         dPsi    dEpsilon     x Err     y Err   UT1-UTC Err  Lod Err    dPsi Err   dEpsilon Err
                         "          "           s           s            "         "        "          "          s           s            "         "
     (0h UTC)

1996   1   1  50083  -0.175741   0.191972   0.5553620   0.0019320  -0.029649  -0.004763   0.000277   0.000492  0.0001057  0.0000052    0.000186    0.000045
1996   1   2  50084  -0.177054   0.194855   0.5535226   0.0017634  -0.029520  -0.004742   0.000217   0.000398  0.0000217  0.0000048    0.000186    0.000045
1996   1   3  50085  -0.178291   0.197637   0.5518039   0.0016472  -0.029342  -0.004706   0.000136   0.000242  0.0000221  0.0000045    0.000186    0.000045
1996   1   4  50086  -0.179328   0.200837   0.5501850   0.0015650  -0.029073  -0.004734   0.000161   0.000267  0.0000311  0.0000045    0.000186    0.000045
1996   1   5  50087  -0.180364   0.204236   0.5486452   0.0015309  -0.028767  -0.004803   0.000442   0.000521  0.0000919  0.0000048    0.000186    0.000045
1996   1   6  50088  -0.181699   0.207442   0.5471138   0.0015658  -0.028496  -0.004861   0.000399   0.000695  0.0001511  0.0000052    0.000186    0.000045
1996   1   7  50089  -0.183620   0.210747   0.5454988   0.0016699  -0.028307  -0.004924   0.000157   0.000476  0.0001686  0.0000067    0.000153    0.000040
1996   1   8  50090  -0.185560   0.213893   0.5437588   0.0018054  -0.028224  -0.005048   0.000108   0.000332  0.0000933  0.0000065    0.000152    0.000040
1996   1   9  50091  -0.186939   0.216468   0.5418625   0.0019203  -0.028238  -0.005202   0.000092   0.000206  0.0000249  0.0000065    0.000152    0.000040
1996   1  10  50092  -0.188589   0.218749   0.5399276   0.0019837  -0.028272  -0.005264   0.000076   0.000106  0.0000129  0.0000062    0.000152    0.000040
1996   1  11  50093  -0.190550   0.221342   0.5379716   0.0020024  -0.028254  -0.005152   0.000078   0.000109  0.0000138  0.0000049    0.000152    0.000040
1996   1  12  50094  -0.192572   0.224312   0.5359648   0.0019939  -0.028248  -0.004946   0.000105   0.000209  0.0000484  0.0000048    0.000152    0.000040
1996   1  13  50095  -0.194716   0.227539   0.5339776   0.0019853  -0.028397  -0.004795   0.000114   0.000269  0.0001231  0.0000049    0.000152    0.000040
1996   1  14  50096  -0.196643   0.230685   0.5319856   0.0019649  -0.028697  -0.004752   0.000121   0.000303  0.0001293  0.0000060    0.000191    0.000049
1996   1  15  50097  -0.198179   0.233356   0.5300551   0.0019301  -0.028948  -0.004752   0.000179   0.000357  0.0000888  0.0000055    0.000193    0.000049
1996   1  16  50098  -0.199537   0.235745   0.5281443   0.0019045  -0.029021  -0.004779   0.000173   0.000306  0.0000237  0.0000043    0.000193    0.000049
1996   1  17  50099  -0.200788   0.238453   0.5262467   0.0018608  -0.029020  -0.004948   0.000124   0.000205  0.0000270  0.0000042    0.000193    0.000049
1996   1  18  50100  -0.202177   0.241725   0.5244192   0.0017994  -0.029088  -0.005331   0.000130   0.000230  0.0000411  0.0000042    0.000193    0.000049
1996   1  19  50101  -0.203657   0.245315   0.5227255   0.0017771  -0.029239  -0.005701   0.000188   0.000370  0.0001111  0.0000045    0.000193    0.000049
1996   1  20  50102  -0.205196   0.249307   0.5209730   0.0018339  -0.029388  -0.005766   0.000242   0.000435  0.0002843  0.0000048    0.000202    0.000052
1996   1  21  50103  -0.206638   0.253030   0.5190314   0.0019736  -0.029436  -0.005525   0.000217   0.000480  0.0000555  0.0000048    0.000282    0.000094
1996   1  22  50104  -0.208019   0.256501   0.5168980   0.0021168  -0.029311  -0.005245   0.000177   0.000323  0.0000409  0.0000045    0.000279    0.000091
1996   1  23  50105  -0.209876   0.259639   0.5146977   0.0021604  -0.029090  -0.005097   0.000189   0.000207  0.0000335  0.0000042    0.000258    0.000073
1996   1  24  50106  -0.211217   0.263169   0.5125699   0.0021065  -0.029057  -0.004983   0.000165   0.000175  0.0000230  0.0000042    0.000210    0.000050
1996   1  25  50107  -0.212012   0.266926   0.5105488   0.0019938  -0.029288  -0.004841   0.000161   0.000235  0.0000234  0.0000044    0.000227    0.000051
1996   1  26  50108  -0.212889   0.270407   0.5086053   0.0018578  -0.029593  -0.004749   0.000176   0.000335  0.0000388  0.0000045    0.000387    0.000083
1996   1  27  50109  -0.213700   0.274517   0.5067519   0.0017246  -0.029765  -0.004868   0.000176   0.000358  0.0000688  0.0000045    0.000417    0.000089
1996   1  28  50110  -0.215339   0.278119   0.5051235   0.0015926  -0.029702  -0.005158   0.000116   0.000178  0.0001019  0.0000046    0.000224    0.000054
1996   1  29  50111  -0.216856   0.281925   0.5036121   0.0014787  -0.029621  -0.005448   0.000079   0.000114  0.0000160  0.0000057    0.000146    0.000037
1996   1  30  50112  -0.218594   0.285418   0.5021835   0.0014014  -0.029625  -0.005607   0.000060   0.000089  0.0000122  0.0000092    0.000156    0.000039
1996   1  31  50113  -0.219949   0.288733   0.5008071   0.0013695  -0.029535  -0.005617   0.000067   0.000106  0.0000154  0.0000057    0.000206    0.000051
1996   2   1  50114  -0.220882   0.292070   0.4994324   0.0013924  -0.029331  -0.005625   0.000081   0.000196  0.0000233  0.0000046    0.000267    0.000063
1996   2   2  50115  -0.221586   0.295706   0.4979906   0.0014717  -0.029089  -0.005660   0.000078   0.000258  0.0000581  0.0000044    0.000280    0.000066
1996   2   3  50116  -0.221974   0.299611   0.4964429   0.0016012  -0.028920  -0.005682   0.000085   0.000180  0.0001709  0.0000042    0.000293    0.000068
1996   2   4  50117  -0.222230   0.303698   0.4947770   0.0017304  -0.028842  -0.005696   0.000114   0.000153  0.0001196  0.0000042    0.000445    0.000092
1996   2   5  50118  -0.222569   0.307524   0.4930080   0.0018306  -0.028779  -0.005743   0.000173   0.000147  0.0000337  0.0000039    0.000418    0.000089
1996   2   6  50119  -0.223034   0.311183   0.4911331   0.0019376  -0.028701  -0.005815   0.000121   0.000128  0.0000161  0.0000037    0.000295    0.000071
1996   2   7  50120  -0.223660   0.314672   0.4891356   0.0020504  -0.028602  -0.005819   0.000082   0.000122  0.0000109  0.0000039    0.000191    0.000050
1996   2   8  50121  -0.224525   0.318361   0.4870455   0.0021438  -0.028877  -0.005704   0.000094   0.000134  0.0000157  0.0000044    0.000247    0.000067
1996   2   9  50122  -0.225271   0.321632   0.4848433   0.0021802  -0.029364  -0.005522   0.000175   0.000140  0.0000510  0.0000044    0.000620    0.000192
1996   2  10  50123  -0.225229   0.323993   0.4827329   0.0021400  -0.029789  -0.005422   0.000218   0.000140  0.0001627  0.0000042    0.000937    0.000306
1996   2  11  50124  -0.224433   0.326631   0.4806710   0.0020594  -0.029921  -0.005510   0.000240   0.000184  0.0001272  0.0000039    0.000866    0.000223
1996   2  12  50125  -0.223271   0.329712   0.4786514   0.0019832  -0.029897  -0.005678   0.000342   0.000327  0.0000540  0.0000037    0.000510    0.000091
1996   2  13  50126  -0.221963   0.332757   0.4766689   0.0019368  -0.029798  -0.005831   0.000187   0.000302  0.0000345  0.0000046    0.000437    0.000082
1996   2  14  50127  -0.220675   0.336000   0.4747126   0.0019248  -0.029884  -0.005924   0.000138   0.000238  0.0000279  0.0000047    0.000319    0.000066
1996   2  15  50128  -0.219599   0.339764   0.4728238   0.0019708  -0.029596  -0.006054   0.000147   0.000285  0.0000321  0.0000040    0.000322    0.000071
1996   2  16  50129  -0.218814   0.344133   0.4707989   0.0020889  -0.029069  -0.006122   0.000167   0.000401  0.0000316  0.0000042    0.000442    0.000136
1996   2  17  50130  -0.218486   0.348726   0.4686776   0.0022496  -0.028938  -0.006019   0.000191   0.000435  0.0000436  0.0000044    0.000458    0.000151
1996   2  18  50131  -0.218792   0.353219   0.4663886   0.0023943  -0.028968  -0.005752   0.000264   0.000481  0.0000786  0.0000046    0.000458    0.000151
1996   2  19  50132  -0.219482   0.357419   0.4639347   0.0025038  -0.029015  -0.005564   0.000227   0.000487  0.0000271  0.0000055    0.000263    0.000050
1996   2  20  50133  -0.220250   0.361224   0.4613558   0.0025760  -0.029070  -0.005652   0.000197   0.000416  0.0000178  0.0000057    0.000260    0.000049
1996   2  21  50134  -0.221037   0.364695   0.4587415   0.0025590  -0.029240  -0.005939   0.000141   0.000239  0.0000176  0.0000057    0.000252    0.000048
1996   2  22  50135  -0.221384   0.367985   0.4562176   0.0024294  -0.029497  -0.006180   0.000115   0.000181  0.0000124  0.0000063    0.000158    0.000037
1996   2  23  50136  -0.221449   0.370892   0.4538549   0.0022324  -0.029792  -0.006291   0.000095   0.000136  0.0000090  0.0000064    0.000109    0.000028
1996   2  24  50137  -0.221260   0.374736   0.4516336   0.0020422  -0.029967  -0.006354   0.000110   0.000176  0.0000109  0.0000060    0.000107    0.000028
1996   2  25  50138  -0.220838   0.379078   0.4495536   0.0019047  -0.029971  -0.006465   0.000203   0.000486  0.0000187  0.0000046    0.000107    0.000028
1996   2  26  50139  -0.220398   0.383162   0.4476636   0.0018301  -0.029980  -0.006639   0.000232   0.000470  0.0000318  0.0000043    0.000276    0.000054
1996   2  27  50140  -0.219971   0.387217   0.4459529   0.0017871  -0.030071  -0.006820   0.000181   0.000411  0.0000279  0.0000045    0.000305    0.000057
1996   2  28  50141  -0.219590   0.391151   0.4443150   0.0017615  -0.030083  -0.006957   0.000155   0.000299  0.0000285  0.0000048    0.000305    0.000057
1996   2  29  50142  -0.218809   0.394812   0.4426202   0.0018073  -0.029857  -0.007059   0.000157   0.000305  0.0000396  0.0000048    0.000305    0.000057
1996   3   1  50143  -0.217548   0.398586   0.4407333   0.0019186  -0.029507  -0.007116   0.000189   0.000422  0.0001555  0.0000048    0.000305    0.000057
1996   3   2  50144  -0.215984   0.402497   0.4386683   0.0020407  -0.029258  -0.007136   0.000196   0.000392  0.0004680  0.0000050    0.000297    0.000059
1996   3   3  50145  -0.214296   0.406989   0.4365326   0.0021925  -0.029167  -0.007146   0.000162   0.000201  0.0002188  0.0000050    0.000261    0.000072
1996   3   4  50146  -0.212519   0.411425   0.4342775   0.0023574  -0.029103  -0.007162   0.000136   0.000142  0.0000351  0.0000048    0.000260    0.000070
1996   3   5  50147  -0.210706   0.415317   0.4318821   0.0024850  -0.028976  -0.007168   0.000110   0.000111  0.0000194  0.0000048    0.000244    0.000059
1996   3   6  50148  -0.208650   0.419461   0.4293606   0.0025698  -0.028860  -0.007098   0.000087   0.000097  0.0000113  0.0000048    0.000206    0.000043
1996   3   7  50149  -0.206797   0.423464   0.4267761   0.0026091  -0.028838  -0.007216   0.000079   0.000097  0.0000091  0.0000051    0.000203    0.000046
1996   3   8  50150  -0.205679   0.427184   0.4241875   0.0026180  -0.028893  -0.007357   0.000101   0.000132  0.0000115  0.0000054    0.000209    0.000054
1996   3   9  50151  -0.204450   0.430821   0.4215931   0.0026038  -0.028946  -0.007421   0.000141   0.000285  0.0000413  0.0000054    0.000210    0.000056
1996   3  10  50152  -0.202907   0.434391   0.4189959   0.0025631  -0.028982  -0.007460   0.000103   0.000214  0.0001731  0.0000054    0.000319    0.000060
1996   3  11  50153  -0.201269   0.437779   0.4164675   0.0024857  -0.029056  -0.007477   0.000081   0.000103  0.0000486  0.0000054    0.000320    0.000060
1996   3  12  50154  -0.199486   0.441143   0.4140381   0.0023609  -0.029212  -0.007513   0.000082   0.000095  0.0000339  0.0000056    0.000269    0.000058
1996   3  13  50155  -0.198114   0.444667   0.4117202   0.0022321  -0.029386  -0.007634   0.000100   0.000089  0.0000272  0.0000070    0.000207    0.000057
1996   3  14  50156  -0.196957   0.448282   0.4095351   0.0021711  -0.029155  -0.007757   0.000113   0.000094  0.0000399  0.0000075    0.000233    0.000068
1996   3  15  50157  -0.194851   0.451712   0.4073210   0.0021873  -0.028881  -0.007864   0.000118   0.000182  0.0001247  0.0000058    0.000280    0.000085
1996   3  16  50158  -0.192703   0.455123   0.4051037   0.0022626  -0.028664  -0.007831   0.000165   0.000236  0.0004351  0.0000054    0.000315    0.000099
1996   3  17  50159  -0.190635   0.458591   0.4028142   0.0023467  -0.028539  -0.007651   0.000178   0.000271  0.0004804  0.0000051    0.000265    0.000071
1996   3  18  50160  -0.188246   0.462031   0.4004515   0.0023841  -0.028503  -0.007497   0.000174   0.000312  0.0002038  0.0000051    0.000207    0.000051
1996   3  19  50161  -0.185283   0.465908   0.3980179   0.0024121  -0.028551  -0.007553   0.000167   0.000244  0.0000480  0.0000050    0.000206    0.000050
1996   3  20  50162  -0.181902   0.470319   0.3955557   0.0024283  -0.028698  -0.007810   0.000116   0.000131  0.0000218  0.0000050    0.000198    0.000047
1996   3  21  50163  -0.178943   0.474664   0.3931482   0.0023731  -0.028916  -0.008058   0.000087   0.000099  0.0000182  0.0000061    0.000177    0.000039
1996   3  22  50164  -0.176922   0.478526   0.3908380   0.0022518  -0.029344  -0.008147   0.000098   0.000102  0.0000233  0.0000060    0.000166    0.000036
1996   3  23  50165  -0.175198   0.481843   0.3886677   0.0021198  -0.029898  -0.008076   0.000148   0.000119  0.0000797  0.0000046    0.000164    0.000035
1996   3  24  50166  -0.173308   0.484559   0.3866426   0.0020024  -0.030342  -0.007982   0.000189   0.000169  0.0001544  0.0000045    0.000411    0.000080
1996   3  25  50167  -0.171058   0.487087   0.3847061   0.0019017  -0.030535  -0.008004   0.000231   0.000367  0.0000277  0.0000047    0.000511    0.000097
1996   3  26  50168  -0.168465   0.489920   0.3828222   0.0018548  -0.030303  -0.008164   0.000164   0.000289  0.0000179  0.0000045    0.000326    0.000073
1996   3  27  50169  -0.165671   0.492891   0.3809629   0.0018621  -0.029298  -0.008374   0.000112   0.000164  0.0000136  0.0000042    0.000193    0.000049
1996   3  28  50170  -0.162616   0.495704   0.3790770   0.0019037  -0.029016  -0.008476   0.000113   0.000147  0.0000158  0.0000042    0.000174    0.000049
1996   3  29  50171  -0.159624   0.498541   0.3771322   0.0019724  -0.029026  -0.008434   0.000174   0.000203  0.0000291  0.0000042    0.000180    0.000057
1996   3  30  50172  -0.156820   0.501590   0.3750952   0.0020539  -0.028945  -0.008321   0.000288   0.000440  0.0001107  0.0000042    0.000181    0.000059
1996   3  31  50173  -0.154283   0.504566   0.3729712   0.0021756  -0.028988  -0.008242   0.000165   0.000389  0.0004086  0.0000042    0.000180    0.000059
1996   4   1  50174  -0.151856   0.507401   0.3707865   0.0023238  -0.029043  -0.008235   0.000144   0.000276  0.0002281  0.0000043    0.000151    0.000053
1996   4   2  50175  -0.149526   0.510358   0.3684603   0.0024458  -0.028983  -0.008264   0.000131   0.000161  0.0000655  0.0000053    0.000152    0.000053
1996   4   3  50176  -0.147416   0.513282   0.3659388   0.0025033  -0.028825  -0.008303   0.000097   0.000115  0.0000349  0.0000053    0.000163    0.000057
1996   4   4  50177  -0.145645   0.515702   0.3634334   0.0025108  -0.028704  -0.008411   0.000095   0.000110  0.0000383  0.0000043    0.000235    0.000078
1996   4   5  50178  -0.143899   0.517435   0.3609283   0.0024872  -0.028667  -0.008613   0.000116   0.000122  0.0000998  0.0000042    0.000473    0.000132
1996   4   6  50179  -0.141956   0.519079   0.3584096   0.0024324  -0.028689  -0.008904   0.000131   0.000134  0.0003168  0.0000042    0.000721    0.000164
1996   4   7  50180  -0.139907   0.520691   0.3560048   0.0023894  -0.028711  -0.009187   0.000141   0.000134  0.0003760  0.0000042    0.001857    0.000364
1996   4   8  50181  -0.137692   0.522435   0.3536299   0.0023364  -0.028737  -0.009315   0.000155   0.000126  0.0000931  0.0000040    0.001093    0.000242
1996   4   9  50182  -0.135170   0.524746   0.3513399   0.0022752  -0.028783  -0.009236   0.000155   0.000119  0.0000345  0.0000050    0.000400    0.000094
1996   4  10  50183  -0.132176   0.527686   0.3491247   0.0022770  -0.028791  -0.009035   0.000129   0.000110  0.0000186  0.0000090    0.000203    0.000048
1996   4  11  50184  -0.129282   0.530759   0.3468282   0.0023398  -0.028719  -0.008879   0.000141   0.000138  0.0000190  0.0000063    0.000172    0.000041
1996   4  12  50185  -0.126529   0.533655   0.3444542   0.0024253  -0.028481  -0.008805   0.000198   0.000228  0.0000697  0.0000046    0.000169    0.000040
1996   4  13  50186  -0.123538   0.536400   0.3419611   0.0025336  -0.028107  -0.008729   0.000179   0.000148  0.0004075  0.0000045    0.000179    0.000043
1996   4  14  50187  -0.120103   0.539177   0.3393370   0.0025912  -0.027761  -0.008603   0.000135   0.000141  0.0002989  0.0000046    0.000322    0.000096
1996   4  15  50188  -0.116330   0.541867   0.3367505   0.0025522  -0.027623  -0.008498   0.000118   0.000220  0.0000538  0.0000058    0.000318    0.000094
1996   4  16  50189  -0.112553   0.544388   0.3342308   0.0025004  -0.027734  -0.008540   0.000118   0.000204  0.0000407  0.0000115    0.000284    0.000081
1996   4  17  50190  -0.109428   0.547046   0.3317677   0.0024274  -0.027964  -0.008754   0.000109   0.000157  0.0000370  0.0000115    0.000218    0.000059
1996   4  18  50191  -0.106671   0.549577   0.3293276   0.0022848  -0.028110  -0.009046   0.000109   0.000172  0.0000539  0.0000057    0.000199    0.000053
1996   4  19  50192  -0.103806   0.551906   0.3271545   0.0021276  -0.028099  -0.009235   0.000118   0.000219  0.0001485  0.0000043    0.000197    0.000052
1996   4  20  50193  -0.100926   0.553879   0.3251100   0.0020303  -0.028026  -0.009232   0.000117   0.000208  0.0002861  0.0000042    0.000197    0.000052
1996   4  21  50194  -0.097929   0.556069   0.3231385   0.0019764  -0.028012  -0.009113   0.000114   0.000132  0.0002326  0.0000043    0.000143    0.000034
1996   4  22  50195  -0.094755   0.558284   0.3212022   0.0019256  -0.028065  -0.009034   0.000111   0.000102  0.0001125  0.0000054    0.000142    0.000034
1996   4  23  50196  -0.091388   0.560177   0.3193055   0.0018988  -0.028089  -0.009082   0.000114   0.000093  0.0000274  0.0000055    0.000143    0.000034
1996   4  24  50197  -0.087796   0.562017   0.3174273   0.0019279  -0.027993  -0.009215   0.000088   0.000086  0.0000136  0.0000046    0.000152    0.000036
1996   4  25  50198  -0.084252   0.563697   0.3154779   0.0019863  -0.027762  -0.009323   0.000083   0.000088  0.0000165  0.0000048    0.000210    0.000052
1996   4  26  50199  -0.080781   0.565178   0.3134670   0.0020679  -0.027572  -0.009333   0.000102   0.000094  0.0000299  0.0000048    0.000423    0.000111
1996   4  27  50200  -0.076845   0.566408   0.3113296   0.0021881  -0.027360  -0.009272   0.000113   0.000101  0.0000730  0.0000048    0.000868    0.000199
1996   4  28  50201  -0.072649   0.567803   0.3090815   0.0023056  -0.027112  -0.009226   0.000133   0.000137  0.0002090  0.0000048    0.001180    0.000231
1996   4  29  50202  -0.068258   0.569859   0.3067044   0.0024028  -0.027084  -0.009239   0.000170   0.000250  0.0001856  0.0000045    0.000353    0.000070
1996   4  30  50203  -0.063869   0.572401   0.3042286   0.0025000  -0.027348  -0.009240   0.000159   0.000283  0.0000492  0.0000045    0.000325    0.000064
1996   5   1  50204  -0.059851   0.574766   0.3016737   0.0025841  -0.027849  -0.009153   0.000128   0.000228  0.0000240  0.0000048    0.000332    0.000066
1996   5   2  50205  -0.056417   0.576570   0.2990597   0.0026154  -0.028575  -0.009050   0.000124   0.000228  0.0000258  0.0000048    0.000361    0.000073
1996   5   3  50206  -0.053297   0.578117   0.2964193   0.0025788  -0.028986  -0.008964   0.000149   0.000275  0.0000362  0.0000048    0.000386    0.000079
1996   5   4  50207  -0.049765   0.579642   0.2938421   0.0025013  -0.028976  -0.009006   0.000176   0.000304  0.0000770  0.0000048    0.000392    0.000081
1996   5   5  50208  -0.045873   0.580906   0.2913849   0.0024102  -0.028776  -0.009202   0.000175   0.000358  0.0003201  0.0000045    0.001530    0.000198
1996   5   6  50209  -0.041937   0.582049   0.2890248   0.0023371  -0.028563  -0.009397   0.000174   0.000437  0.0002232  0.0000042    0.001489    0.000214
1996   5   7  50210  -0.037882   0.583383   0.2867072   0.0023297  -0.028548  -0.009485   0.000178   0.000377  0.0000629  0.0000042    0.000536    0.000153
1996   5   8  50211  -0.033694   0.584618   0.2843699   0.0023813  -0.028975  -0.009588   0.000157   0.000287  0.0000357  0.0000042    0.000267    0.000093
1996   5   9  50212  -0.029226   0.585986   0.2819578   0.0024551  -0.029428  -0.009640   0.000165   0.000327  0.0000496  0.0000045    0.000230    0.000082
1996   5  10  50213  -0.024744   0.587235   0.2794798   0.0025655  -0.029675  -0.009697   0.000188   0.000451  0.0001513  0.0000048    0.000226    0.000081
1996   5  11  50214  -0.020425   0.588254   0.2768722   0.0026870  -0.029577  -0.009727   0.000166   0.000415  0.0001536  0.0000049    0.000226    0.000081
1996   5  12  50215  -0.015978   0.589235   0.2741623   0.0027252  -0.029188  -0.009638   0.000112   0.000211  0.0000828  0.0000065    0.000195    0.000062
1996   5  13  50216  -0.011454   0.590179   0.2714724   0.0026768  -0.028782  -0.009426   0.000089   0.000156  0.0000901  0.0000101    0.000194    0.000061
1996   5  14  50217  -0.007197   0.591058   0.2688828   0.0025732  -0.028616  -0.009184   0.000084   0.000145  0.0000360  0.0000057    0.000196    0.000062
1996   5  15  50218  -0.003327   0.591931   0.2664026   0.0024358  -0.028703  -0.009029   0.000080   0.000127  0.0000204  0.0000044    0.000210    0.000065
1996   5  16  50219   0.000304   0.592723   0.2640004   0.0022478  -0.028845  -0.009029   0.000082   0.000127  0.0000286  0.0000045    0.000306    0.000084
1996   5  17  50220   0.003556   0.593261   0.2618433   0.0020369  -0.028935  -0.009068   0.000093   0.000142  0.0000693  0.0000048    0.000658    0.000114
1996   5  18  50221   0.006819   0.593520   0.2598261   0.0019113  -0.029003  -0.009077   0.000099   0.000145  0.0001350  0.0000050    0.001146    0.000124
1996   5  19  50222   0.009997   0.594268   0.2579512   0.0018477  -0.029083  -0.009063   0.000116   0.000126  0.0001056  0.0000047    0.000258    0.000084
1996   5  20  50223   0.013362   0.595253   0.2561497   0.0017532  -0.029136  -0.009069   0.000129   0.000104  0.0000545  0.0000043    0.000252    0.000082
1996   5  21  50224   0.017214   0.595689   0.2544289   0.0016675  -0.029053  -0.009145   0.000085   0.000091  0.0000391  0.0000042    0.000254    0.000080
1996   5  22  50225   0.020870   0.595754   0.2527812   0.0016556  -0.028765  -0.009302   0.000084   0.000091  0.0000333  0.0000045    0.000262    0.000073
1996   5  23  50226   0.024979   0.595503   0.2511255   0.0016845  -0.028443  -0.009443   0.000122   0.000121  0.0000416  0.0000048    0.000266    0.000070
1996   5  24  50227   0.029727   0.595457   0.2494213   0.0017347  -0.028111  -0.009490   0.000150   0.000192  0.0001006  0.0000048    0.000267    0.000070
1996   5  25  50228   0.034657   0.595812   0.2476406   0.0018110  -0.027751  -0.009437   0.000147   0.000128  0.0003155  0.0000048    0.000267    0.000070
1996   5  26  50229   0.039702   0.596213   0.2457729   0.0019101  -0.027498  -0.009357   0.000127   0.000088  0.0004530  0.0000045    0.000257    0.000071
1996   5  27  50230   0.044869   0.596429   0.2438462   0.0019816  -0.027638  -0.009322   0.000079   0.000073  0.0002347  0.0000042    0.000257    0.000071
1996   5  28  50231   0.049837   0.596678   0.2418886   0.0019949  -0.028311  -0.009306   0.000060   0.000066  0.0000367  0.0000042    0.000257    0.000071
1996   5  29  50232   0.054123   0.596986   0.2399229   0.0019627  -0.029272  -0.009204   0.000054   0.000061  0.0000343  0.0000042    0.000254    0.000070
1996   5  30  50233   0.057785   0.597153   0.2379773   0.0019022  -0.030102  -0.008996   0.000052   0.000057  0.0000262  0.0000042    0.000234    0.000063
1996   5  31  50234   0.061462   0.597155   0.2361046   0.0018201  -0.030592  -0.008823   0.000060   0.000058  0.0000160  0.0000042    0.000188    0.000052
1996   6   1  50235   0.065605   0.596813   0.2343278   0.0017213  -0.030732  -0.008898   0.000067   0.000064  0.0000131  0.0000042    0.000167    0.000047
1996   6   2  50236   0.069930   0.595796   0.2326347   0.0016391  -0.030619  -0.009206   0.000079   0.000092  0.0000132  0.0000045    0.000168    0.000049
1996   6   3  50237   0.074200   0.594699   0.2309893   0.0016200  -0.030403  -0.009453   0.000124   0.000172  0.0000197  0.0000048    0.000211    0.000073
1996   6   4  50238   0.078529   0.593961   0.2293274   0.0016802  -0.030194  -0.009368   0.000114   0.000157  0.0000204  0.0000048    0.000211    0.000072
1996   6   5  50239   0.082526   0.592673   0.2275835   0.0017841  -0.030171  -0.008970   0.000107   0.000195  0.0000234  0.0000048    0.000208    0.000069
1996   6   6  50240   0.086576   0.591382   0.2257355   0.0018887  -0.030458  -0.008617   0.000127   0.000274  0.0000355  0.0000048    0.000207    0.000068
1996   6   7  50241   0.090757   0.590435   0.2237964   0.0019769  -0.030951  -0.008511   0.000169   0.000358  0.0001289  0.0000048    0.000315    0.000105
1996   6   8  50242   0.094457   0.589477   0.2218157   0.0020394  -0.031370  -0.008619   0.000169   0.000312  0.0001697  0.0000048    0.000399    0.000134
1996   6   9  50243   0.097880   0.588270   0.2198119   0.0020727  -0.031225  -0.008782   0.000109   0.000163  0.0001259  0.0000048    0.000398    0.000134
1996   6  10  50244   0.101216   0.586794   0.2177408   0.0020574  -0.030856  -0.008922   0.000087   0.000151  0.0000716  0.0000048    0.000367    0.000139
1996   6  11  50245   0.104798   0.585285   0.2157005   0.0019720  -0.030856  -0.009008   0.000084   0.000140  0.0000415  0.0000049    0.000321    0.000103
1996   6  12  50246   0.109013   0.583826   0.2138094   0.0018295  -0.031677  -0.009034   0.000093   0.000109  0.0000240  0.0000062    0.000254    0.000067
1996   6  13  50247   0.113542   0.582294   0.2120853   0.0016579  -0.032447  -0.008934   0.000096   0.000107  0.0000243  0.0000062    0.000317    0.000084
1996   6  14  50248   0.118003   0.580768   0.2104917   0.0014974  -0.032764  -0.008793   0.000093   0.000113  0.0000180  0.0000049    0.000279    0.000088
1996   6  15  50249   0.122270   0.579305   0.2090475   0.0013665  -0.032680  -0.008746   0.000089   0.000113  0.0000170  0.0000048    0.000215    0.000069
1996   6  16  50250   0.126398   0.577627   0.2077558   0.0012884  -0.032505  -0.008844   0.000091   0.000116  0.0000375  0.0000045    0.000206    0.000066
1996   6  17  50251   0.130415   0.575682   0.2064816   0.0012309  -0.032268  -0.008972   0.000122   0.000119  0.0001227  0.0000045    0.000196    0.000061
1996   6  18  50252   0.134363   0.573881   0.2052670   0.0011866  -0.032079  -0.009054   0.000108   0.000113  0.0000323  0.0000048    0.000194    0.000060
1996   6  19  50253   0.138077   0.571928   0.2040904   0.0012053  -0.032046  -0.009099   0.000088   0.000111  0.0000153  0.0000048    0.000194    0.000060
1996   6  20  50254   0.141722   0.569859   0.2028294   0.0012790  -0.032195  -0.009075   0.000092   0.000115  0.0000174  0.0000048    0.000223    0.000070
1996   6  21  50255   0.145323   0.567996   0.2014799   0.0013725  -0.032334  -0.009063   0.000096   0.000118  0.0000635  0.0000049    0.000516    0.000168
1996   6  22  50256   0.148985   0.566384   0.2000629   0.0014772  -0.032176  -0.009059   0.000097   0.000152  0.0000890  0.0000062    0.000544    0.000230
1996   6  23  50257   0.152889   0.565129   0.1984997   0.0015737  -0.031994  -0.009016   0.000105   0.000257  0.0001165  0.0000065    0.000526    0.000273
1996   6  24  50258   0.156622   0.563865   0.1968968   0.0016151  -0.032083  -0.008978   0.000103   0.000267  0.0000584  0.0000065    0.000858    0.000240
1996   6  25  50259   0.160017   0.562476   0.1953257   0.0015864  -0.032672  -0.008970   0.000093   0.000238  0.0000199  0.0000063    0.000372    0.000106
1996   6  26  50260   0.163172   0.560628   0.1938057   0.0015319  -0.033527  -0.008906   0.000081   0.000178  0.0000103  0.0000054    0.000192    0.000055
1996   6  27  50261   0.166260   0.558158   0.1923121   0.0014767  -0.034195  -0.008742   0.000075   0.000167  0.0000092  0.0000052    0.000188    0.000044
1996   6  28  50262   0.169396   0.555425   0.1908729   0.0013904  -0.034399  -0.008545   0.000062   0.000160  0.0000119  0.0000049    0.000303    0.000039
1996   6  29  50263   0.172486   0.552503   0.1895297   0.0012723  -0.034420  -0.008493   0.000071   0.000173  0.0000199  0.0000048    0.000323    0.000039
1996   6  30  50264   0.175793   0.550188   0.1882615   0.0011729  -0.034497  -0.008656   0.000098   0.000169  0.0000635  0.0000048    0.000324    0.000039
1996   7   1  50265   0.179147   0.547847   0.1870843   0.0011279  -0.034712  -0.008823   0.000094   0.000140  0.0002491  0.0000051    0.000254    0.000057
1996   7   2  50266   0.182162   0.545031   0.1859163   0.0011617  -0.035002  -0.008744   0.000103   0.000128  0.0000604  0.0000053    0.000253    0.000058
1996   7   3  50267   0.185109   0.542150   0.1846913   0.0012898  -0.035297  -0.008442   0.000088   0.000123  0.0000286  0.0000052    0.000253    0.000058
1996   7   4  50268   0.188290   0.539171   0.1834099   0.0014233  -0.035481  -0.008145   0.000081   0.000150  0.0000263  0.0000065    0.000253    0.000058
1996   7   5  50269   0.191833   0.536239   0.1820653   0.0014810  -0.035647  -0.008014   0.000110   0.000150  0.0000262  0.0000098    0.000253    0.000058
1996   7   6  50270   0.195714   0.533525   0.1806481   0.0014631  -0.035868  -0.008016   0.000110   0.000125  0.0000406  0.0000057    0.000253    0.000058
1996   7   7  50271   0.199672   0.530958   0.1791818   0.0013847  -0.036059  -0.008095   0.000102   0.000143  0.0002632  0.0000043    0.000172    0.000052
1996   7   8  50272   0.203699   0.528682   0.1777435   0.0012849  -0.036059  -0.008271   0.000114   0.000171  0.0001293  0.0000042    0.000170    0.000052
1996   7   9  50273   0.207621   0.526609   0.1764397   0.0011635  -0.035892  -0.008539   0.000109   0.000168  0.0000394  0.0000042    0.000170    0.000052
1996   7  10  50274   0.211298   0.524323   0.1753535   0.0010246  -0.035855  -0.008803   0.000093   0.000148  0.0000201  0.0000043    0.000170    0.000052
1996   7  11  50275   0.215048   0.521622   0.1744096   0.0009174  -0.036230  -0.008982   0.000088   0.000173  0.0000174  0.0000054    0.000175    0.000054
1996   7  12  50276   0.218826   0.518758   0.1734599   0.0008540  -0.036870  -0.009063   0.000093   0.000186  0.0000286  0.0000055    0.000185    0.000059
1996   7  13  50277   0.221483   0.516033   0.1725476   0.0008137  -0.037431  -0.009093   0.000120   0.000179  0.0000464  0.0000046    0.000185    0.000059
1996   7  14  50278   0.224915   0.513006   0.1718343   0.0008097  -0.037614  -0.009105   0.000170   0.000272  0.0001195  0.0000044    0.000203    0.000064
1996   7  15  50279   0.227682   0.509731   0.1710385   0.0008713  -0.037384  -0.009030   0.000204   0.000349  0.0000499  0.0000042    0.000269    0.000078
1996   7  16  50280   0.230473   0.506707   0.1701166   0.0009548  -0.036923  -0.008819   0.000147   0.000228  0.0000379  0.0000042    0.000243    0.000070
1996   7  17  50281   0.233025   0.503587   0.1691533   0.0010097  -0.036395  -0.008565   0.000108   0.000196  0.0000266  0.0000042    0.000199    0.000056
1996   7  18  50282   0.235151   0.500847   0.1681625   0.0010726  -0.036587  -0.008502   0.000119   0.000235  0.0000260  0.0000045    0.000249    0.000069
1996   7  19  50283   0.237133   0.498159   0.1670561   0.0011437  -0.036990  -0.008591   0.000180   0.000341  0.0000465  0.0000048    0.000385    0.000099
1996   7  20  50284   0.238892   0.495244   0.1658673   0.0012059  -0.037069  -0.008682   0.000216   0.000474  0.0001719  0.0000048    0.000445    0.000110
1996   7  21  50285   0.240225   0.492349   0.1646240   0.0012851  -0.036846  -0.008711   0.000219   0.000470  0.0000868  0.0000048    0.000139    0.000055
1996   7  22  50286   0.241410   0.489488   0.1633396   0.0013437  -0.036636  -0.008703   0.000140   0.000254  0.0000129  0.0000045    0.000136    0.000054
1996   7  23  50287   0.242551   0.486418   0.1620150   0.0013557  -0.036897  -0.008756   0.000085   0.000153  0.0000130  0.0000046    0.000143    0.000055
1996   7  24  50288   0.243938   0.483800   0.1606811   0.0013465  -0.037781  -0.008932   0.000088   0.000165  0.0000186  0.0000059    0.000182    0.000058
1996   7  25  50289   0.245543   0.481032   0.1593556   0.0013321  -0.038637  -0.008902   0.000096   0.000207  0.0000151  0.0000055    0.000162    0.000049
1996   7  26  50290   0.247036   0.478188   0.1580347   0.0012923  -0.039058  -0.008675   0.000065   0.000158  0.0000123  0.0000043    0.000119    0.000039
1996   7  27  50291   0.248744   0.475122   0.1567608   0.0012360  -0.039201  -0.008598   0.000078   0.000193  0.0000197  0.0000042    0.000117    0.000038
1996   7  28  50292   0.250742   0.472080   0.1555571   0.0012157  -0.039251  -0.008705   0.000148   0.000381  0.0000606  0.0000042    0.000117    0.000038
1996   7  29  50293   0.252676   0.469224   0.1542918   0.0012568  -0.039355  -0.008842   0.000170   0.000453  0.0001704  0.0000042    0.000230    0.000053
1996   7  30  50294   0.254468   0.466536   0.1529203   0.0013746  -0.039491  -0.008810   0.000176   0.000384  0.0000458  0.0000046    0.000242    0.000054
1996   7  31  50295   0.256176   0.463864   0.1513925   0.0015537  -0.039540  -0.008634   0.000145   0.000259  0.0000225  0.0000063    0.000242    0.000054
1996   8   1  50296   0.257796   0.460756   0.1496953   0.0017210  -0.039265  -0.008426   0.000168   0.000278  0.0000186  0.0000095    0.000242    0.000054
1996   8   2  50297   0.259341   0.457431   0.1479056   0.0017899  -0.038895  -0.008316   0.000193   0.000391  0.0000659  0.0000057    0.000242    0.000054
1996   8   3  50298   0.260809   0.453874   0.1461573   0.0017124  -0.038805  -0.008210   0.000166   0.000397  0.0003274  0.0000043    0.000242    0.000054
1996   8   4  50299   0.262230   0.449946   0.1445760   0.0015278  -0.039139  -0.008045   0.000209   0.000429  0.0004205  0.0000042    0.000246    0.000055
1996   8   5  50300   0.263658   0.445990   0.1432136   0.0013254  -0.039634  -0.007960   0.000221   0.000418  0.0002895  0.0000042    0.000246    0.000055
1996   8   6  50301   0.265290   0.441979   0.1420715   0.0011390  -0.039966  -0.008114   0.000219   0.000374  0.0000817  0.0000043    0.000249    0.000055
1996   8   7  50302   0.267304   0.437771   0.1410015   0.0009520  -0.040212  -0.008466   0.000220   0.000289  0.0000404  0.0000054    0.000266    0.000059
1996   8   8  50303   0.269673   0.433668   0.1401033   0.0008076  -0.040748  -0.008856   0.000183   0.000302  0.0000352  0.0000055    0.000380    0.000083
1996   8   9  50304   0.272111   0.430119   0.1393149   0.0007167  -0.041346  -0.009048   0.000186   0.000424  0.0000526  0.0000046    0.000731    0.000152
1996   8  10  50305   0.274345   0.426655   0.1386174   0.0006343  -0.041626  -0.009049   0.000224   0.000434  0.0001672  0.0000044    0.001031    0.000200
1996   8  11  50306   0.276120   0.422887   0.1380285   0.0006327  -0.041429  -0.008986   0.000164   0.000364  0.0001807  0.0000042    0.000291    0.000075
1996   8  12  50307   0.277825   0.419384   0.1373715   0.0007182  -0.040886  -0.008886   0.000128   0.000268  0.0000323  0.0000042    0.000282    0.000073
1996   8  13  50308   0.279856   0.416047   0.1365922   0.0007900  -0.040384  -0.008752   0.000122   0.000199  0.0000308  0.0000042    0.000271    0.000070
1996   8  14  50309   0.282087   0.412490   0.1357512   0.0008627  -0.040324  -0.008695   0.000134   0.000209  0.0000282  0.0000044    0.000240    0.000064
1996   8  15  50310   0.284365   0.409284   0.1348391   0.0009598  -0.040488  -0.008705   0.000164   0.000306  0.0000332  0.0000045    0.000228    0.000061
1996   8  16  50311   0.285855   0.405320   0.1338679   0.0010470  -0.040739  -0.008835   0.000145   0.000379  0.0001148  0.0000045    0.000226    0.000061
1996   8  17  50312   0.287200   0.401841   0.1328081   0.0011301  -0.040917  -0.009016   0.000155   0.000296  0.0004376  0.0000044    0.000226    0.000060
1996   8  18  50313   0.288515   0.398246   0.1315875   0.0011886  -0.040880  -0.009110   0.000173   0.000198  0.0004403  0.0000042    0.000164    0.000057
1996   8  19  50314   0.290019   0.394867   0.1303932   0.0011856  -0.040671  -0.009066   0.000109   0.000173  0.0001314  0.0000043    0.000163    0.000057
1996   8  20  50315   0.291392   0.391547   0.1292391   0.0011645  -0.040524  -0.008953   0.000082   0.000193  0.0000308  0.0000054    0.000163    0.000057
1996   8  21  50316   0.292629   0.387829   0.1281173   0.0011421  -0.040633  -0.008858   0.000081   0.000145  0.0000153  0.0000054    0.000163    0.000057
1996   8  22  50317   0.293845   0.384211   0.1270113   0.0011183  -0.041017  -0.008853   0.000082   0.000134  0.0000173  0.0000043    0.000163    0.000057
1996   8  23  50318   0.295004   0.380930   0.1258615   0.0011166  -0.041343  -0.008902   0.000095   0.000157  0.0000621  0.0000042    0.000163    0.000057
1996   8  24  50319   0.295946   0.377590   0.1246969   0.0011359  -0.041443  -0.009011   0.000111   0.000197  0.0002722  0.0000045    0.000163    0.000056
1996   8  25  50320   0.296711   0.373983   0.1235606   0.0011725  -0.041424  -0.009160   0.000134   0.000352  0.0002056  0.0000049    0.000165    0.000051
1996   8  26  50321   0.297223   0.369875   0.1223824   0.0012457  -0.041482  -0.009218   0.000174   0.000289  0.0000319  0.0000065    0.000166    0.000051
1996   8  27  50322   0.297453   0.365545   0.1210793   0.0013684  -0.041684  -0.009062   0.000105   0.000180  0.0000241  0.0000105    0.000174    0.000052
1996   8  28  50323   0.297411   0.361509   0.1195874   0.0015541  -0.041866  -0.008779   0.000096   0.000190  0.0000169  0.0000065    0.000199    0.000048
1996   8  29  50324   0.297988   0.357018   0.1178995   0.0017547  -0.042178  -0.008523   0.000091   0.000180  0.0000123  0.0000049    0.000157    0.000031
1996   8  30  50325   0.298211   0.352554   0.1160846   0.0018540  -0.042385  -0.008473   0.000109   0.000219  0.0000113  0.0000048    0.000136    0.000026
1996   8  31  50326   0.297929   0.348104   0.1142625   0.0018128  -0.042557  -0.008505   0.000176   0.000358  0.0000334  0.0000049    0.000133    0.000025
1996   9   1  50327   0.297269   0.343597   0.1125513   0.0016550  -0.042901  -0.008396   0.000202   0.000328  0.0000855  0.0000062    0.000205    0.000051
1996   9   2  50328   0.296677   0.339182   0.1110211   0.0014394  -0.043199  -0.008200   0.000143   0.000234  0.0000119  0.0000062    0.000218    0.000060
1996   9   3  50329   0.296476   0.334831   0.1096846   0.0012453  -0.043046  -0.008115   0.000096   0.000129  0.0000088  0.0000049    0.000206    0.000054
1996   9   4  50330   0.295829   0.330668   0.1085144   0.0011001  -0.042365  -0.008199   0.000081   0.000097  0.0000098  0.0000048    0.000183    0.000046
1996   9   5  50331   0.295246   0.326638   0.1074707   0.0009968  -0.041852  -0.008440   0.000085   0.000100  0.0000117  0.0000050    0.000205    0.000054
1996   9   6  50332   0.294741   0.322507   0.1065193   0.0009411  -0.041836  -0.008678   0.000086   0.000105  0.0000096  0.0000051    0.000236    0.000062
1996   9   7  50333   0.294162   0.318411   0.1055825   0.0009316  -0.042028  -0.008747   0.000080   0.000109  0.0000075  0.0000052    0.000251    0.000058
1996   9   8  50334   0.293517   0.314554   0.1046307   0.0009571  -0.042147  -0.008725   0.000087   0.000146  0.0000071  0.0000067    0.000270    0.000058
1996   9   9  50335   0.292904   0.310782   0.1036417   0.0010321  -0.042122  -0.008693   0.000121   0.000225  0.0000195  0.0000063    0.000569    0.000131
1996   9  10  50336   0.292489   0.306974   0.1025425   0.0011883  -0.041987  -0.008618   0.000175   0.000154  0.0000463  0.0000052    0.000532    0.000145
1996   9  11  50337   0.292177   0.303254   0.1012490   0.0014032  -0.041765  -0.008497   0.000108   0.000115  0.0000228  0.0000054    0.000273    0.000075
1996   9  12  50338   0.291549   0.299634   0.0997317   0.0016023  -0.041492  -0.008368   0.000086   0.000107  0.0000222  0.0000058    0.000210    0.000068
1996   9  13  50339   0.290538   0.296068   0.0980334   0.0017218  -0.041212  -0.008290   0.000087   0.000133  0.0000320  0.0000079    0.000195    0.000070
1996   9  14  50340   0.289321   0.292530   0.0962602   0.0017685  -0.041027  -0.008272   0.000095   0.000160  0.0001131  0.0000136    0.000193    0.000071
1996   9  15  50341   0.287755   0.288666   0.0944764   0.0017698  -0.040991  -0.008280   0.000124   0.000137  0.0000914  0.0000122    0.000184    0.000061
1996   9  16  50342   0.286084   0.284199   0.0926679   0.0017595  -0.041065  -0.008286   0.000181   0.000154  0.0000119  0.0000065    0.000182    0.000059
1996   9  17  50343   0.284820   0.279617   0.0909050   0.0017400  -0.041238  -0.008294   0.000133   0.000127  0.0000105  0.0000049    0.000177    0.000053
1996   9  18  50344   0.283783   0.275414   0.0892450   0.0016691  -0.041660  -0.008313   0.000100   0.000109  0.0000110  0.0000045    0.000165    0.000043
1996   9  19  50345   0.283052   0.271329   0.0876506   0.0015988  -0.041799  -0.008364   0.000104   0.000097  0.0000087  0.0000042    0.000176    0.000044
1996   9  20  50346   0.282513   0.267273   0.0860809   0.0015957  -0.041833  -0.008473   0.000102   0.000088  0.0000081  0.0000042    0.000194    0.000046
1996   9  21  50347   0.282051   0.263749   0.0844849   0.0016390  -0.041955  -0.008533   0.000089   0.000089  0.0000067  0.0000042    0.000172    0.000043
1996   9  22  50348   0.281443   0.260940   0.0828107   0.0017363  -0.041948  -0.008548   0.000105   0.000115  0.0000060  0.0000042    0.000159    0.000042
1996   9  23  50349   0.280386   0.257826   0.0809941   0.0019129  -0.041783  -0.008498   0.000149   0.000229  0.0000158  0.0000042    0.000291    0.000082
1996   9  24  50350   0.279001   0.254161   0.0789863   0.0021018  -0.041665  -0.008325   0.000143   0.000238  0.0000297  0.0000042    0.000286    0.000076
1996   9  25  50351   0.277180   0.250348   0.0767883   0.0022513  -0.041648  -0.008138   0.000114   0.000200  0.0000208  0.0000039    0.000185    0.000046
1996   9  26  50352   0.275754   0.246405   0.0744415   0.0023553  -0.041630  -0.008003   0.000141   0.000269  0.0000221  0.0000039    0.000169    0.000042
1996   9  27  50353   0.273620   0.242981   0.0720515   0.0023472  -0.041542  -0.008012   0.000196   0.000350  0.0000744  0.0000042    0.000166    0.000040
1996   9  28  50354   0.272078   0.238886   0.0697744   0.0022170  -0.041500  -0.008060   0.000148   0.000244  0.0000552  0.0000043    0.000150    0.000033
1996   9  29  50355   0.270412   0.235210   0.0676557   0.0020693  -0.041674  -0.007957   0.000092   0.000162  0.0000259  0.0000059    0.000150    0.000033
1996   9  30  50356   0.268624   0.231757   0.0656432   0.0019506  -0.042013  -0.007747   0.000093   0.000162  0.0000145  0.0000161    0.000156    0.000035
1996  10   1  50357   0.267297   0.228162   0.0637744   0.0018377  -0.042138  -0.007532   0.000101   0.000147  0.0000092  0.0000365    0.000169    0.000044
1996  10   2  50358   0.265749   0.224481   0.0619880   0.0017158  -0.041749  -0.007424   0.000085   0.000127  0.0000087  0.0000202    0.000157    0.000043
1996  10   3  50359   0.263731   0.220787   0.0603261   0.0016131  -0.041323  -0.007570   0.000088   0.000125  0.0000084  0.0000159    0.000158    0.000045
1996  10   4  50360   0.261678   0.216716   0.0587564   0.0015684  -0.040990  -0.007834   0.000083   0.000108  0.0000068  0.0000193    0.000163    0.000044
1996  10   5  50361   0.259773   0.213006   0.0571981   0.0015739  -0.040805  -0.008092   0.000073   0.000105  0.0000069  0.0000193    0.000167    0.000041
1996  10   6  50362   0.257800   0.209809   0.0556089   0.0016109  -0.040625  -0.008256   0.000095   0.000143  0.0000081  0.0000154    0.000171    0.000040
1996  10   7  50363   0.255869   0.206630   0.0539541   0.0016725  -0.040419  -0.008308   0.000145   0.000287  0.0000208  0.0000150    0.000363    0.000081
1996  10   8  50364   0.253955   0.203501   0.0522096   0.0017613  -0.040347  -0.008274   0.000121   0.000324  0.0000422  0.0000153    0.000385    0.000093
1996  10   9  50365   0.251903   0.200648   0.0503836   0.0018713  -0.040458  -0.008138   0.000098   0.000233  0.0000257  0.0000152    0.000215    0.000056
1996  10  10  50366   0.249631   0.197926   0.0484580   0.0019873  -0.040575  -0.007946   0.000104   0.000196  0.0000223  0.0000147    0.000219    0.000058
1996  10  11  50367   0.247214   0.195086   0.0464098   0.0020691  -0.040630  -0.007693   0.000189   0.000225  0.0000370  0.0000145    0.000348    0.000089
1996  10  12  50368   0.244781   0.191979   0.0443056   0.0021016  -0.040780  -0.007407   0.000271   0.000295  0.0000691  0.0000154    0.000372    0.000094
1996  10  13  50369   0.242307   0.188998   0.0422249   0.0021246  -0.040935  -0.007189   0.000178   0.000286  0.0000773  0.0000209    0.000262    0.000069
1996  10  14  50370   0.239903   0.186127   0.0401467   0.0021212  -0.040936  -0.007120   0.000128   0.000233  0.0000153  0.0000338    0.000192    0.000052
1996  10  15  50371   0.237326   0.183074   0.0380271   0.0020608  -0.040614  -0.007187   0.000097   0.000178  0.0000103  0.0000195    0.000191    0.000052
1996  10  16  50372   0.234944   0.180090   0.0360026   0.0019724  -0.039927  -0.007281   0.000086   0.000152  0.0000093  0.0000145    0.000189    0.000051
1996  10  17  50373   0.232800   0.177456   0.0340695   0.0019070  -0.039547  -0.007364   0.000081   0.000138  0.0000086  0.0000138    0.000189    0.000055
1996  10  18  50374   0.230334   0.174831   0.0321838   0.0018972  -0.039805  -0.007386   0.000080   0.000126  0.0000096  0.0000138    0.000201    0.000059
1996  10  19  50375   0.227685   0.172137   0.0302714   0.0019655  -0.040102  -0.007358   0.000081   0.000115  0.0000078  0.0000134    0.000230    0.000064
1996  10  20  50376   0.225085   0.169588   0.0282486   0.0020874  -0.040236  -0.007311   0.000089   0.000130  0.0000065  0.0000129    0.000252    0.000067
1996  10  21  50377   0.222531   0.167137   0.0260970   0.0021966  -0.040207  -0.007227   0.000103   0.000150  0.0000156  0.0000123    0.000324    0.000091
1996  10  22  50378   0.220033   0.164635   0.0238401   0.0023016  -0.039921  -0.007072   0.000105   0.000125  0.0000316  0.0000117    0.000291    0.000081
1996  10  23  50379   0.217372   0.161864   0.0214967   0.0023925  -0.039402  -0.006914   0.000096   0.000115  0.0000171  0.0000114    0.000207    0.000056
1996  10  24  50380   0.214270   0.159085   0.0190424   0.0024243  -0.038965  -0.006846   0.000100   0.000148  0.0000216  0.0000114    0.000186    0.000050
1996  10  25  50381   0.211040   0.156089   0.0165821   0.0024008  -0.038671  -0.006957   0.000114   0.000180  0.0000819  0.0000113    0.000184    0.000049
1996  10  26  50382   0.208400   0.152880   0.0142187   0.0023057  -0.038486  -0.007170   0.000118   0.000160  0.0004087  0.0000108    0.000184    0.000049
1996  10  27  50383   0.206327   0.149942   0.0119902   0.0021563  -0.038431  -0.007281   0.000133   0.000204  0.0006230  0.0000103    0.000185    0.000051
1996  10  28  50384   0.204421   0.147086   0.0099361   0.0019935  -0.038509  -0.007152   0.000188   0.000326  0.0001780  0.0000102    0.000185    0.000051
1996  10  29  50385   0.202436   0.144238   0.0080598   0.0018198  -0.038640  -0.006848   0.000230   0.000303  0.0000424  0.0000102    0.000186    0.000051
1996  10  30  50386   0.199916   0.141288   0.0063256   0.0016888  -0.038681  -0.006566   0.000117   0.000194  0.0000182  0.0000099    0.000195    0.000054
1996  10  31  50387   0.197104   0.138456   0.0046714   0.0016330  -0.038507  -0.006449   0.000076   0.000151  0.0000135  0.0000096    0.000236    0.000067
1996  11   1  50388   0.194263   0.135521   0.0030468   0.0016300  -0.038087  -0.006542   0.000092   0.000199  0.0000162  0.0000093    0.000289    0.000085
1996  11   2  50389   0.191430   0.132462   0.0014162   0.0016654  -0.037534  -0.006724   0.000209   0.000362  0.0000562  0.0000090    0.000327    0.000099
1996  11   3  50390   0.188453   0.129534  -0.0002688   0.0017401  -0.037062  -0.006858   0.000152   0.000167  0.0000893  0.0000090    0.000737    0.000296
1996  11   4  50391   0.185256   0.126930  -0.0020701   0.0018553  -0.036835  -0.006917   0.000114   0.000116  0.0000181  0.0000093    0.000479    0.000119
1996  11   5  50392   0.181812   0.124706  -0.0040040   0.0019768  -0.036915  -0.006940   0.000096   0.000101  0.0000094  0.0000119    0.000270    0.000063
1996  11   6  50393   0.178189   0.122841  -0.0060660   0.0020899  -0.037137  -0.006935   0.000083   0.000095  0.0000097  0.0000135    0.000195    0.000051
1996  11   7  50394   0.174141   0.121153  -0.0082018   0.0021684  -0.037357  -0.006831   0.000079   0.000109  0.0000094  0.0000110    0.000186    0.000051
1996  11   8  50395   0.169965   0.119331  -0.0103844   0.0021830  -0.037413  -0.006580   0.000070   0.000107  0.0000073  0.0000100    0.000170    0.000041
1996  11   9  50396   0.166128   0.117315  -0.0125637   0.0021560  -0.037224  -0.006206   0.000062   0.000095  0.0000072  0.0000090    0.000147    0.000035
1996  11  10  50397   0.162343   0.115331  -0.0146947   0.0021021  -0.037205  -0.005873   0.000083   0.000126  0.0000077  0.0000085    0.000140    0.000033
1996  11  11  50398   0.158498   0.113746  -0.0167732   0.0020654  -0.037432  -0.005784   0.000146   0.000228  0.0000072  0.0000084    0.000193    0.000033
1996  11  12  50399   0.154552   0.112515  -0.0188183   0.0020448  -0.037526  -0.005995   0.000090   0.000170  0.0000082  0.0000084    0.000209    0.000034
1996  11  13  50400   0.150388   0.111178  -0.0208385   0.0019987  -0.037203  -0.006358   0.000083   0.000140  0.0000092  0.0000089    0.000180    0.000043
1996  11  14  50401   0.146148   0.109882  -0.0228155   0.0019292  -0.036873  -0.006538   0.000089   0.000121  0.0000072  0.0000116    0.000165    0.000046
1996  11  15  50402   0.141579   0.108472  -0.0247017   0.0018681  -0.036802  -0.006401   0.000076   0.000114  0.0000060  0.0000121    0.000163    0.000044
1996  11  16  50403   0.137153   0.106534  -0.0265368   0.0018804  -0.036973  -0.006106   0.000077   0.000124  0.0000065  0.0000095    0.000178    0.000049
1996  11  17  50404   0.133775   0.104513  -0.0284495   0.0019792  -0.037265  -0.005848   0.000084   0.000132  0.0000076  0.0000090    0.000193    0.000054
1996  11  18  50405   0.130901   0.102918  -0.0304915   0.0020744  -0.037503  -0.005699   0.000083   0.000121  0.0000244  0.0000090    0.000198    0.000055
1996  11  19  50406   0.127837   0.101658  -0.0326041   0.0021218  -0.037542  -0.005614   0.000079   0.000112  0.0000459  0.0000090    0.000213    0.000053
1996  11  20  50407   0.124747   0.100536  -0.0347397   0.0021533  -0.037398  -0.005545   0.000074   0.000109  0.0000232  0.0000086    0.000226    0.000056
1996  11  21  50408   0.121727   0.099603  -0.0369019   0.0021352  -0.037111  -0.005524   0.000069   0.000121  0.0000208  0.0000081    0.000231    0.000061
1996  11  22  50409   0.119050   0.098935  -0.0390050   0.0020469  -0.036952  -0.005553   0.000056   0.000095  0.0000113  0.0000079    0.000124    0.000035
1996  11  23  50410   0.116006   0.098208  -0.0409737   0.0019126  -0.036938  -0.005642   0.000059   0.000101  0.0000117  0.0000081    0.000097    0.000028
1996  11  24  50411   0.112475   0.097145  -0.0428131   0.0017908  -0.036918  -0.005729   0.000090   0.000195  0.0000288  0.0000084    0.000097    0.000027
1996  11  25  50412   0.108864   0.096043  -0.0445654   0.0016926  -0.036752  -0.005704   0.000115   0.000225  0.0000231  0.0000084    0.000218    0.000039
1996  11  26  50413   0.105055   0.095262  -0.0462263   0.0016218  -0.036465  -0.005568   0.000082   0.000182  0.0000157  0.0000087    0.000202    0.000039
1996  11  27  50414   0.101298   0.094740  -0.0478122   0.0015973  -0.036027  -0.005418   0.000083   0.000154  0.0000118  0.0000095    0.000165    0.000041
1996  11  28  50415   0.097300   0.094451  -0.0493798   0.0015886  -0.035663  -0.005391   0.000085   0.000201  0.0000106  0.0000129    0.000151    0.000043
1996  11  29  50416   0.093468   0.093911  -0.0509622   0.0015761  -0.035345  -0.005509   0.000065   0.000230  0.0000155  0.0000236    0.000149    0.000043
1996  11  30  50417   0.089479   0.093442  -0.0525715   0.0015960  -0.035054  -0.005680   0.000066   0.000153  0.0001487  0.0000168    0.000152    0.000043
1996  12   1  50418   0.085798   0.092495  -0.0542185   0.0016565  -0.034893  -0.005790   0.000083   0.000158  0.0000877  0.0000133    0.000244    0.000047
1996  12   2  50419   0.082306   0.091413  -0.0559038   0.0017016  -0.034889  -0.005788   0.000095   0.000202  0.0000135  0.0000135    0.000245    0.000048
1996  12   3  50420   0.078699   0.090947  -0.0576107   0.0017112  -0.034922  -0.005713   0.000076   0.000139  0.0000112  0.0000178    0.000250    0.000051
1996  12   4  50421   0.074928   0.090612  -0.0593383   0.0017331  -0.034818  -0.005637   0.000073   0.000137  0.0000149  0.0000335    0.000195    0.000060
1996  12   5  50422   0.070823   0.090180  -0.0611152   0.0017856  -0.035103  -0.005512   0.000075   0.000155  0.0000158  0.0000403    0.000108    0.000042
1996  12   6  50423   0.066482   0.089443  -0.0629418   0.0018305  -0.035669  -0.005293   0.000088   0.000177  0.0000199  0.0000315    0.000125    0.000049
1996  12   7  50424   0.062377   0.088542  -0.0647634   0.0018066  -0.036021  -0.004978   0.000110   0.000225  0.0000555  0.0000162    0.000272    0.000110
1996  12   8  50425   0.058390   0.087675  -0.0665216   0.0017198  -0.035854  -0.004683   0.000109   0.000271  0.0001315  0.0000120    0.000463    0.000181
1996  12   9  50426   0.054388   0.086840  -0.0682035   0.0016632  -0.035413  -0.004611   0.000134   0.000281  0.0000385  0.0000111    0.000275    0.000085
1996  12  10  50427   0.050560   0.085983  -0.0698296   0.0016495  -0.035039  -0.004883   0.000142   0.000210  0.0000186  0.0000108    0.000241    0.000069
1996  12  11  50428   0.046707   0.085409  -0.0714523   0.0016637  -0.035110  -0.005353   0.000101   0.000166  0.0000105  0.0000128    0.000182    0.000047
1996  12  12  50429   0.042978   0.085154  -0.0731379   0.0017018  -0.035286  -0.005677   0.000114   0.000204  0.0000132  0.0000109    0.000164    0.000042
1996  12  13  50430   0.039594   0.085029  -0.0748618   0.0017764  -0.035457  -0.005642   0.000159   0.000393  0.0000506  0.0000083    0.000163    0.000041
1996  12  14  50431   0.036409   0.085262  -0.0766828   0.0018888  -0.035604  -0.005336   0.000158   0.000430  0.0002242  0.0000078    0.000162    0.000041
1996  12  15  50432   0.033527   0.085861  -0.0786816   0.0020232  -0.035692  -0.005009   0.000118   0.000281  0.0003031  0.0000080    0.000156    0.000044
1996  12  16  50433   0.030821   0.086582  -0.0807499   0.0021290  -0.035695  -0.004811   0.000098   0.000235  0.0000909  0.0000100    0.000156    0.000045
1996  12  17  50434   0.027758   0.087339  -0.0828693   0.0021694  -0.035621  -0.004725   0.000090   0.000179  0.0000184  0.0000100    0.000156    0.000045
1996  12  18  50435   0.024508   0.088054  -0.0850339   0.0021655  -0.035531  -0.004685   0.000073   0.000105  0.0000189  0.0000080    0.000156    0.000045
1996  12  19  50436   0.021332   0.088792  -0.0872095   0.0021254  -0.035586  -0.004690   0.000074   0.000102  0.0000268  0.0000078    0.000156    0.000045
1996  12  20  50437   0.018077   0.089458  -0.0893042   0.0020283  -0.035777  -0.004740   0.000094   0.000098  0.0000783  0.0000078    0.000156    0.000045
1996  12  21  50438   0.014902   0.089985  -0.0912546   0.0019043  -0.035997  -0.004803   0.000096   0.000085  0.0002770  0.0000078    0.000165    0.000046
1996  12  22  50439   0.012083   0.090559  -0.0930827   0.0017989  -0.036079  -0.004828   0.000089   0.000112  0.0002614  0.0000078    0.000387    0.000076
1996  12  23  50440   0.009700   0.091105  -0.0948541   0.0017338  -0.035939  -0.004795   0.000069   0.000169  0.0000597  0.0000080    0.000387    0.000076
1996  12  24  50441   0.007353   0.091527  -0.0966054   0.0017033  -0.035680  -0.004735   0.000058   0.000118  0.0000494  0.0000101    0.000387    0.000076
1996  12  25  50442   0.004607   0.091986  -0.0983379   0.0016805  -0.035426  -0.004688   0.000059   0.000119  0.0000493  0.0000106    0.000387    0.000076
1996  12  26  50443   0.001364   0.092386  -0.1000644   0.0016899  -0.035205  -0.004687   0.000061   0.000211  0.0000493  0.0000083    0.000387    0.000076
1996  12  27  50444  -0.002204   0.092687  -0.1018065   0.0017398  -0.034935  -0.004730   0.000061   0.000267  0.0000493  0.0000081    0.000387    0.000076
1996  12  28  50445  -0.006145   0.092983  -0.1035776   0.0017993  -0.034624  -0.004803   0.000062   0.000281  0.0000222  0.0000100    0.000238    0.000063
1996  12  29  50446  -0.010416   0.093388  -0.1053773   0.0018517  -0.034392  -0.004881   0.000074   0.000313  0.0000222  0.0000100    0.000238    0.000063
1996  12  30  50447  -0.014794   0.094103  -0.1072024   0.0019125  -0.034303  -0.004931   0.000097   0.000271  0.0000222  0.0000083    0.000238    0.000063
1996  12  31  50448  -0.019224   0.094959  -0.1090631   0.0019627  -0.034274  -0.004950   0.000108   0.000215  0.0000222  0.0000084    0.000238    0.000063
