

                   INTERNATIONAL EARTH ROTATION SERVICE
                        EARTH ROTATION PARAMETERS
                          EOP (IERS) C04

  
             FORMAT(3(I4),I7,2(F11.6),2(F12.7),2(F12.6),2(F11.6),2(F12.7),2F12.6)
**********************************************************************************
  
      Date      MJD      x          y        UT1-UTC       LOD         dPsi    dEpsilon     x Err     y Err   UT1-UTC Err  Lod Err    dPsi Err   dEpsilon Err
                         "          "           s           s            "         "        "          "          s           s            "         "
     (0h UTC)

1967   1   1  39491   0.099900   0.165700   0.0112652   0.0024240   0.057313   0.008755   0.030000   0.030000  0.0020000  0.0014000    0.012000    0.002000
1967   1   2  39492   0.097900   0.165200   0.0113344   0.0026120   0.057313   0.008757   0.030000   0.030000  0.0020000  0.0014000    0.012000    0.002000
1967   1   3  39493   0.095900   0.164700   0.0112605   0.0026950   0.057162   0.008784   0.030000   0.030000  0.0020000  0.0014000    0.012000    0.002000
1967   1   4  39494   0.093901   0.164301   0.0111796   0.0026440   0.056914   0.008884   0.030000   0.030000  0.0020000  0.0014000    0.012000    0.002000
1967   1   5  39495   0.091901   0.163801   0.0112018   0.0024840   0.056619   0.009035   0.030000   0.030000  0.0020000  0.0014000    0.012000    0.002000
1967   1   6  39496   0.089801   0.163401   0.0114269   0.0022380   0.056344   0.009178   0.030000   0.030000  0.0020000  0.0014000    0.012000    0.002000
1967   1   7  39497   0.087801   0.163001   0.0119130   0.0019930   0.056192   0.009257   0.030000   0.030000  0.0020000  0.0014000    0.012000    0.002000
1967   1   8  39498   0.085702   0.162502   0.0126181   0.0017770   0.056239   0.009230   0.030000   0.030000  0.0020000  0.0014000    0.012000    0.002000
1967   1   9  39499   0.083602   0.162102   0.0135003   0.0016650   0.056453   0.009082   0.030000   0.030000  0.0020000  0.0014000    0.012000    0.002000
1967   1  10  39500   0.081602   0.161702   0.0144434   0.0016540   0.056698   0.008850   0.030000   0.030000  0.0020000  0.0014000    0.012000    0.002000
1967   1  11  39501   0.079503   0.161303   0.0153395   0.0017280   0.056856   0.008637   0.030000   0.030000  0.0020000  0.0014000    0.012000    0.002000
1967   1  12  39502   0.077403   0.160903   0.0161347   0.0018800   0.056929   0.008552   0.030000   0.030000  0.0020000  0.0014000    0.012000    0.002000
1967   1  13  39503   0.075403   0.160503   0.0167578   0.0020570   0.056989   0.008623   0.030000   0.030000  0.0020000  0.0014000    0.012000    0.002000
1967   1  14  39504   0.073403   0.160103   0.0172009   0.0022450   0.057051   0.008763   0.030000   0.030000  0.0020000  0.0014000    0.012000    0.002000
1967   1  15  39505   0.071404   0.159704   0.0174460   0.0024080   0.057071   0.008855   0.030000   0.030000  0.0020000  0.0014000    0.012000    0.002000
1967   1  16  39506   0.069404   0.159304   0.0175692   0.0025270   0.057042   0.008870   0.030000   0.030000  0.0020000  0.0014000    0.012000    0.002000
1967   1  17  39507   0.067504   0.158904   0.0176013   0.0025790   0.057022   0.008882   0.030000   0.030000  0.0020000  0.0014000    0.012000    0.002000
1967   1  18  39508   0.065604   0.158504   0.0176204   0.0025730   0.057023   0.008955   0.030000   0.030000  0.0020000  0.0014000    0.012000    0.002000
1967   1  19  39509   0.063705   0.158105   0.0176636   0.0025120   0.056954   0.009055   0.030000   0.030000  0.0020000  0.0014000    0.012000    0.002000
1967   1  20  39510   0.061905   0.157705   0.0177997   0.0023990   0.056743   0.009089   0.030000   0.030000  0.0020000  0.0014000    0.012000    0.002000
1967   1  21  39511   0.060105   0.157305   0.0180558   0.0022680   0.056464   0.009007   0.030000   0.030000  0.0020000  0.0014000    0.012000    0.002000
1967   1  22  39512   0.058406   0.157006   0.0184559   0.0021230   0.056259   0.008840   0.030000   0.030000  0.0020000  0.0014000    0.012000    0.002000
1967   1  23  39513   0.056706   0.156606   0.0189891   0.0020090   0.056156   0.008621   0.030000   0.030000  0.0020000  0.0014000    0.012000    0.002000
1967   1  24  39514   0.055006   0.156206   0.0196032   0.0019680   0.056101   0.008356   0.030000   0.030000  0.0020000  0.0014000    0.012000    0.002000
1967   1  25  39515   0.053406   0.155906   0.0202063   0.0020260   0.056160   0.008091   0.030000   0.030000  0.0020000  0.0014000    0.012000    0.002000
1967   1  26  39516   0.051807   0.155507   0.0206895   0.0022160   0.056498   0.007967   0.030000   0.030000  0.0020000  0.0014000    0.012000    0.002000
1967   1  27  39517   0.050307   0.155207   0.0209326   0.0024790   0.057084   0.008091   0.030000   0.030000  0.0020000  0.0014000    0.012000    0.002000
1967   1  28  39518   0.048807   0.154807   0.0208927   0.0027790   0.057594   0.008367   0.030000   0.030000  0.0020000  0.0014000    0.012000    0.002000
1967   1  29  39519   0.047407   0.154507   0.0205849   0.0030010   0.057721   0.008559   0.030000   0.030000  0.0020000  0.0014000    0.012000    0.002000
1967   1  30  39520   0.046008   0.154208   0.0201230   0.0030990   0.057483   0.008548   0.030000   0.030000  0.0020000  0.0014000    0.012000    0.002000
1967   1  31  39521   0.044708   0.153908   0.0196301   0.0030520   0.057135   0.008435   0.030000   0.030000  0.0020000  0.0014000    0.012000    0.002000
1967   2   1  39522   0.043408   0.153608   0.0192562   0.0028670   0.056873   0.008386   0.030000   0.030000  0.0020000  0.0014000    0.012000    0.002000
1967   2   2  39523   0.042209   0.153309   0.0191154   0.0026060   0.056704   0.008444   0.030000   0.030000  0.0020000  0.0014000    0.012000    0.002000
1967   2   3  39524   0.041009   0.153009   0.0192405   0.0023140   0.056562   0.008544   0.030000   0.030000  0.0020000  0.0014000    0.012000    0.002000
1967   2   4  39525   0.039909   0.152709   0.0196636   0.0020610   0.056458   0.008607   0.030000   0.030000  0.0020000  0.0014000    0.012000    0.002000
1967   2   5  39526   0.038809   0.152409   0.0202818   0.0018990   0.056500   0.008578   0.030000   0.030000  0.0020000  0.0014000    0.012000    0.002000
1967   2   6  39527   0.037710   0.152110   0.0210029   0.0018460   0.056755   0.008425   0.030000   0.030000  0.0020000  0.0014000    0.012000    0.002000
1967   2   7  39528   0.036710   0.151910   0.0217270   0.0019000   0.057119   0.008173   0.030000   0.030000  0.0020000  0.0014000    0.012000    0.002000
1967   2   8  39529   0.035810   0.151610   0.0223682   0.0020280   0.057387   0.007942   0.030000   0.030000  0.0020000  0.0014000    0.012000    0.002000
1967   2   9  39530   0.034810   0.151310   0.0228463   0.0022110   0.057460   0.007880   0.030000   0.030000  0.0020000  0.0014000    0.012000    0.002000
1967   2  10  39531   0.033911   0.151111   0.0231324   0.0023950   0.057418   0.008026   0.030000   0.030000  0.0020000  0.0014000    0.012000    0.002000
1967   2  11  39532   0.033111   0.150811   0.0232316   0.0025720   0.057384   0.008256   0.030000   0.030000  0.0020000  0.0014000    0.012000    0.002000
1967   2  12  39533   0.032211   0.150611   0.0231837   0.0027060   0.057396   0.008392   0.030000   0.030000  0.0020000  0.0014000    0.012000    0.002000
1967   2  13  39534   0.031412   0.150312   0.0230288   0.0027930   0.057445   0.008379   0.030000   0.030000  0.0020000  0.0014000    0.012000    0.002000
1967   2  14  39535   0.030712   0.150112   0.0227979   0.0028180   0.057538   0.008307   0.030000   0.030000  0.0020000  0.0014000    0.012000    0.002000
1967   2  15  39536   0.029912   0.149812   0.0225831   0.0027750   0.057651   0.008253   0.030000   0.030000  0.0020000  0.0014000    0.012000    0.002000
1967   2  16  39537   0.029212   0.149612   0.0224442   0.0026860   0.057664   0.008172   0.030000   0.030000  0.0020000  0.0014000    0.012000    0.002000
1967   2  17  39538   0.028513   0.149313   0.0224013   0.0025680   0.057495   0.007975   0.030000   0.030000  0.0020000  0.0014000    0.012000    0.002000
1967   2  18  39539   0.027913   0.149013   0.0224905   0.0024440   0.057268   0.007692   0.030000   0.030000  0.0020000  0.0014000    0.012000    0.002000
1967   2  19  39540   0.027213   0.148813   0.0226776   0.0023390   0.057184   0.007475   0.030000   0.030000  0.0020000  0.0014000    0.012000    0.002000
1967   2  20  39541   0.026613   0.148513   0.0229637   0.0022800   0.057215   0.007385   0.030000   0.030000  0.0020000  0.0014000    0.012000    0.002000
1967   2  21  39542   0.026014   0.148214   0.0232769   0.0023040   0.057146   0.007277   0.030000   0.030000  0.0020000  0.0014000    0.012000    0.002000
1967   2  22  39543   0.025414   0.147914   0.0234940   0.0024520   0.057010   0.007005   0.030000   0.030000  0.0020000  0.0014000    0.012000    0.002000
1967   2  23  39544   0.024914   0.147614   0.0235131   0.0026980   0.057172   0.006704   0.030000   0.030000  0.0020000  0.0014000    0.012000    0.002000
1967   2  24  39545   0.024315   0.147315   0.0232553   0.0030230   0.057790   0.006685   0.030000   0.030000  0.0020000  0.0014000    0.012000    0.002000
1967   2  25  39546   0.023715   0.146915   0.0226624   0.0033230   0.058456   0.007003   0.030000   0.030000  0.0020000  0.0014000    0.012000    0.002000
1967   2  26  39547   0.023215   0.146615   0.0218165   0.0035230   0.058645   0.007345   0.030000   0.030000  0.0020000  0.0014000    0.012000    0.002000
1967   2  27  39548   0.022715   0.146215   0.0208627   0.0035440   0.058331   0.007413   0.030000   0.030000  0.0020000  0.0014000    0.012000    0.002000
1967   2  28  39549   0.022216   0.145916   0.0199778   0.0033800   0.057904   0.007263   0.030000   0.030000  0.0020000  0.0014000    0.012000    0.002000
1967   3   1  39550   0.021616   0.145516   0.0193259   0.0031000   0.057654   0.007133   0.030000   0.030000  0.0020000  0.0014000    0.012000    0.002000
1967   3   2  39551   0.021116   0.145116   0.0189841   0.0027720   0.057571   0.007097   0.030000   0.030000  0.0020000  0.0014000    0.012000    0.002000
1967   3   3  39552   0.020617   0.144717   0.0189602   0.0024770   0.057530   0.007054   0.030000   0.030000  0.0020000  0.0014000    0.012000    0.002000
1967   3   4  39553   0.020117   0.144317   0.0191813   0.0022670   0.057486   0.006946   0.030000   0.030000  0.0020000  0.0014000    0.012000    0.002000
1967   3   5  39554   0.019617   0.143917   0.0195705   0.0021640   0.057494   0.006817   0.030000   0.030000  0.0020000  0.0014000    0.012000    0.002000
1967   3   6  39555   0.019217   0.143417   0.0199986   0.0021650   0.057653   0.006700   0.030000   0.030000  0.0020000  0.0014000    0.012000    0.002000
1967   3   7  39556   0.018718   0.143018   0.0203937   0.0022570   0.057977   0.006576   0.030000   0.030000  0.0020000  0.0014000    0.012000    0.002000
1967   3   8  39557   0.018218   0.142618   0.0206579   0.0023910   0.058329   0.006473   0.030000   0.030000  0.0020000  0.0014000    0.012000    0.002000
1967   3   9  39558   0.017718   0.142218   0.0207760   0.0025550   0.058534   0.006510   0.030000   0.030000  0.0020000  0.0014000    0.012000    0.002000
1967   3  10  39559   0.017318   0.141718   0.0207311   0.0027200   0.058557   0.006757   0.030000   0.030000  0.0020000  0.0014000    0.012000    0.002000
1967   3  11  39560   0.016819   0.141319   0.0205373   0.0028400   0.058507   0.007103   0.030000   0.030000  0.0020000  0.0014000    0.012000    0.002000
1967   3  12  39561   0.016319   0.140919   0.0202394   0.0029160   0.058502   0.007321   0.030000   0.030000  0.0020000  0.0014000    0.012000    0.002000
1967   3  13  39562   0.015819   0.140519   0.0199176   0.0029170   0.058579   0.007289   0.030000   0.030000  0.0020000  0.0014000    0.012000    0.002000
1967   3  14  39563   0.015420   0.140120   0.0196167   0.0028550   0.058717   0.007095   0.030000   0.030000  0.0020000  0.0014000    0.012000    0.002000
1967   3  15  39564   0.014920   0.139720   0.0194168   0.0027400   0.058864   0.006881   0.030000   0.030000  0.0020000  0.0014000    0.012000    0.002000
1967   3  16  39565   0.014420   0.139420   0.0193490   0.0025810   0.058927   0.006665   0.030000   0.030000  0.0020000  0.0014000    0.012000    0.002000
1967   3  17  39566   0.013920   0.139020   0.0194281   0.0024320   0.058853   0.006370   0.030000   0.030000  0.0020000  0.0014000    0.012000    0.002000
1967   3  18  39567   0.013421   0.138721   0.0196702   0.0022870   0.058757   0.006023   0.030000   0.030000  0.0020000  0.0014000    0.012000    0.002000
1967   3  19  39568   0.012921   0.138421   0.0200284   0.0021970   0.058840   0.005798   0.030000   0.030000  0.0020000  0.0014000    0.012000    0.002000
1967   3  20  39569   0.012421   0.138221   0.0204425   0.0021720   0.059073   0.005794   0.030000   0.030000  0.0020000  0.0014000    0.012000    0.002000
1967   3  21  39570   0.011921   0.137921   0.0208286   0.0022660   0.059167   0.005831   0.030000   0.030000  0.0020000  0.0014000    0.012000    0.002000
1967   3  22  39571   0.011422   0.137722   0.0210608   0.0024810   0.059032   0.005636   0.030000   0.030000  0.0020000  0.0014000    0.012000    0.002000
1967   3  23  39572   0.010922   0.137622   0.0210219   0.0027980   0.059033   0.005257   0.030000   0.030000  0.0020000  0.0014000    0.012000    0.002000
1967   3  24  39573   0.010422   0.137522   0.0206420   0.0031510   0.059472   0.005090   0.030000   0.030000  0.0020000  0.0014000    0.012000    0.002000
1967   3  25  39574   0.009923   0.137423   0.0199192   0.0034470   0.060034   0.005372   0.030000   0.030000  0.0020000  0.0014000    0.012000    0.002000
1967   3  26  39575   0.009323   0.137423   0.0189683   0.0036060   0.060144   0.005840   0.030000   0.030000  0.0020000  0.0014000    0.012000    0.002000
1967   3  27  39576   0.008823   0.137423   0.0179635   0.0035630   0.059714   0.006078   0.030000   0.030000  0.0020000  0.0014000    0.012000    0.002000
1967   3  28  39577   0.008223   0.137423   0.0170916   0.0033460   0.059178   0.006020   0.030000   0.030000  0.0020000  0.0014000    0.012000    0.002000
1967   3  29  39578   0.007724   0.137524   0.0164847   0.0030300   0.058896   0.005885   0.030000   0.030000  0.0020000  0.0014000    0.012000    0.002000
1967   3  30  39579   0.007124   0.137724   0.0162039   0.0027200   0.058878   0.005769   0.030000   0.030000  0.0020000  0.0014000    0.012000    0.002000
1967   3  31  39580   0.006524   0.137924   0.0162100   0.0024840   0.058992   0.005559   0.030000   0.030000  0.0020000  0.0014000    0.012000    0.002000
1967   4   1  39581   0.005924   0.138124   0.0163951   0.0023550   0.059138   0.005237   0.030000   0.030000  0.0020000  0.0014000    0.012000    0.002000
1967   4   2  39582   0.005425   0.138425   0.0166503   0.0023440   0.059241   0.004977   0.030000   0.030000  0.0020000  0.0014000    0.012000    0.002000
1967   4   3  39583   0.004825   0.138725   0.0168674   0.0024260   0.059311   0.004921   0.030000   0.030000  0.0020000  0.0014000    0.012000    0.002000
1967   4   4  39584   0.004225   0.139125   0.0169686   0.0025590   0.059460   0.005016   0.030000   0.030000  0.0020000  0.0014000    0.012000    0.002000
1967   4   5  39585   0.003626   0.139426   0.0169107   0.0027290   0.059737   0.005146   0.030000   0.030000  0.0020000  0.0014000    0.012000    0.002000
1967   4   6  39586   0.003026   0.139826   0.0166918   0.0028860   0.060007   0.005317   0.030000   0.030000  0.0020000  0.0014000    0.012000    0.002000
1967   4   7  39587   0.002526   0.140226   0.0163290   0.0030350   0.060101   0.005609   0.030000   0.030000  0.0020000  0.0014000    0.012000    0.002000
1967   4   8  39588   0.002026   0.140626   0.0158391   0.0031260   0.060013   0.005976   0.030000   0.030000  0.0020000  0.0014000    0.012000    0.002000
1967   4   9  39589   0.001527   0.141127   0.0152872   0.0031660   0.059890   0.006209   0.030000   0.030000  0.0020000  0.0014000    0.012000    0.002000
1967   4  10  39590   0.001027   0.141627   0.0147294   0.0031300   0.059850   0.006137   0.030000   0.030000  0.0020000  0.0014000    0.012000    0.002000
1967   4  11  39591   0.000527   0.142127   0.0142475   0.0030250   0.059902   0.005816   0.030000   0.030000  0.0020000  0.0014000    0.012000    0.002000
1967   4  12  39592  -0.000073   0.142627   0.0138737   0.0028890   0.059988   0.005451   0.030000   0.030000  0.0020000  0.0014000    0.012000    0.002000
1967   4  13  39593  -0.000672   0.143128   0.0136568   0.0027340   0.060049   0.005169   0.030000   0.030000  0.0020000  0.0014000    0.012000    0.002000
1967   4  14  39594  -0.001272   0.143628   0.0135919   0.0025790   0.060051   0.004941   0.030000   0.030000  0.0020000  0.0014000    0.012000    0.002000
1967   4  15  39595  -0.001872   0.144128   0.0136671   0.0024520   0.060034   0.004718   0.030000   0.030000  0.0020000  0.0014000    0.012000    0.002000
1967   4  16  39596  -0.002471   0.144629   0.0138372   0.0023910   0.060112   0.004559   0.030000   0.030000  0.0020000  0.0014000    0.012000    0.002000
1967   4  17  39597  -0.003071   0.145129   0.0140253   0.0024310   0.060331   0.004536   0.030000   0.030000  0.0020000  0.0014000    0.012000    0.002000
1967   4  18  39598  -0.003671   0.145629   0.0141185   0.0025710   0.060555   0.004562   0.030000   0.030000  0.0020000  0.0014000    0.012000    0.002000
1967   4  19  39599  -0.004271   0.146129   0.0140186   0.0028250   0.060646   0.004449   0.030000   0.030000  0.0020000  0.0014000    0.012000    0.002000
1967   4  20  39600  -0.004870   0.146630   0.0136268   0.0031470   0.060707   0.004196   0.030000   0.030000  0.0020000  0.0014000    0.012000    0.002000
1967   4  21  39601  -0.005470   0.147130   0.0129169   0.0034540   0.060892   0.004090   0.030000   0.030000  0.0020000  0.0014000    0.012000    0.002000
1967   4  22  39602  -0.005970   0.147630   0.0119290   0.0036680   0.061038   0.004366   0.030000   0.030000  0.0020000  0.0014000    0.012000    0.002000
1967   4  23  39603  -0.006470   0.148130   0.0108062   0.0037160   0.060805   0.004855   0.030000   0.030000  0.0020000  0.0014000    0.012000    0.002000
1967   4  24  39604  -0.006969   0.148631   0.0097313   0.0035750   0.060176   0.005183   0.030000   0.030000  0.0020000  0.0014000    0.012000    0.002000
1967   4  25  39605  -0.007369   0.149031   0.0088865   0.0032870   0.059533   0.005212   0.030000   0.030000  0.0020000  0.0014000    0.012000    0.002000
1967   4  26  39606  -0.007669   0.149431   0.0083586   0.0029480   0.059208   0.005098   0.030000   0.030000  0.0020000  0.0014000    0.012000    0.002000
1967   4  27  39607  -0.007968   0.149832   0.0081687   0.0026350   0.059238   0.004937   0.030000   0.030000  0.0020000  0.0014000    0.012000    0.002000
1967   4  28  39608  -0.008268   0.150232   0.0082329   0.0024390   0.059517   0.004646   0.030000   0.030000  0.0020000  0.0014000    0.012000    0.002000
1967   4  29  39609  -0.008568   0.150632   0.0084380   0.0023620   0.059906   0.004230   0.030000   0.030000  0.0020000  0.0014000    0.012000    0.002000
1967   4  30  39610  -0.008768   0.151032   0.0086512   0.0024090   0.060200   0.003914   0.030000   0.030000  0.0020000  0.0014000    0.012000    0.002000
1967   5   1  39611  -0.008967   0.151433   0.0087763   0.0025300   0.060266   0.003907   0.030000   0.030000  0.0020000  0.0014000    0.012000    0.002000
1967   5   2  39612  -0.009167   0.151833   0.0087594   0.0026870   0.060218   0.004157   0.030000   0.030000  0.0020000  0.0014000    0.012000    0.002000
1967   5   3  39613  -0.009367   0.152133   0.0085926   0.0028450   0.060270   0.004453   0.030000   0.030000  0.0020000  0.0014000    0.012000    0.002000
1967   5   4  39614  -0.009467   0.152433   0.0082677   0.0029790   0.060426   0.004691   0.030000   0.030000  0.0020000  0.0014000    0.012000    0.002000
1967   5   5  39615  -0.009566   0.152734   0.0078299   0.0030690   0.060481   0.004932   0.030000   0.030000  0.0020000  0.0014000    0.012000    0.002000
1967   5   6  39616  -0.009666   0.153034   0.0073290   0.0031030   0.060316   0.005212   0.030000   0.030000  0.0020000  0.0014000    0.012000    0.002000
1967   5   7  39617  -0.009766   0.153334   0.0068251   0.0030640   0.060034   0.005399   0.030000   0.030000  0.0020000  0.0014000    0.012000    0.002000
1967   5   8  39618  -0.009765   0.153635   0.0064013   0.0029640   0.059809   0.005314   0.030000   0.030000  0.0020000  0.0014000    0.012000    0.002000
1967   5   9  39619  -0.009765   0.153935   0.0061024   0.0028070   0.059705   0.004951   0.030000   0.030000  0.0020000  0.0014000    0.012000    0.002000
1967   5  10  39620  -0.009665   0.154235   0.0059776   0.0026320   0.059686   0.004512   0.030000   0.030000  0.0020000  0.0014000    0.012000    0.002000
1967   5  11  39621  -0.009665   0.154535   0.0060287   0.0024480   0.059711   0.004214   0.030000   0.030000  0.0020000  0.0014000    0.012000    0.002000
1967   5  12  39622  -0.009564   0.154836   0.0062508   0.0022970   0.059749   0.004106   0.030000   0.030000  0.0020000  0.0014000    0.012000    0.002000
1967   5  13  39623  -0.009364   0.155036   0.0066050   0.0022060   0.059752   0.004092   0.030000   0.030000  0.0020000  0.0014000    0.012000    0.002000
1967   5  14  39624  -0.009264   0.155336   0.0070091   0.0021910   0.059716   0.004072   0.030000   0.030000  0.0020000  0.0014000    0.012000    0.002000
1967   5  15  39625  -0.009064   0.155436   0.0073803   0.0022740   0.059732   0.004023   0.030000   0.030000  0.0020000  0.0014000    0.012000    0.002000
1967   5  16  39626  -0.008863   0.155637   0.0076204   0.0024520   0.059894   0.003960   0.030000   0.030000  0.0020000  0.0014000    0.012000    0.002000
1967   5  17  39627  -0.008663   0.155737   0.0076336   0.0027090   0.060179   0.003893   0.030000   0.030000  0.0020000  0.0014000    0.012000    0.002000
1967   5  18  39628  -0.008463   0.155937   0.0073847   0.0029770   0.060444   0.003870   0.030000   0.030000  0.0020000  0.0014000    0.012000    0.002000
1967   5  19  39629  -0.008162   0.156038   0.0068778   0.0032040   0.060518   0.004007   0.030000   0.030000  0.0020000  0.0014000    0.012000    0.002000
1967   5  20  39630  -0.007962   0.156138   0.0061990   0.0033100   0.060269   0.004352   0.030000   0.030000  0.0020000  0.0014000    0.012000    0.002000
1967   5  21  39631  -0.007662   0.156138   0.0055031   0.0032420   0.059686   0.004759   0.030000   0.030000  0.0020000  0.0014000    0.012000    0.002000
1967   5  22  39632  -0.007362   0.156238   0.0049483   0.0030240   0.058961   0.004998   0.030000   0.030000  0.0020000  0.0014000    0.012000    0.002000
1967   5  23  39633  -0.007061   0.156339   0.0046704   0.0026930   0.058389   0.004999   0.030000   0.030000  0.0020000  0.0014000    0.012000    0.002000
1967   5  24  39634  -0.006761   0.156339   0.0047366   0.0023600   0.058134   0.004877   0.030000   0.030000  0.0020000  0.0014000    0.012000    0.002000
1967   5  25  39635  -0.006461   0.156439   0.0051067   0.0020990   0.058180   0.004711   0.030000   0.030000  0.0020000  0.0014000    0.012000    0.002000
1967   5  26  39636  -0.006061   0.156539   0.0056878   0.0019510   0.058457   0.004453   0.030000   0.030000  0.0020000  0.0014000    0.012000    0.002000
1967   5  27  39637  -0.005760   0.156640   0.0063420   0.0019400   0.058864   0.004108   0.030000   0.030000  0.0020000  0.0014000    0.012000    0.002000
1967   5  28  39638  -0.005460   0.156740   0.0069661   0.0020160   0.059192   0.003852   0.030000   0.030000  0.0020000  0.0014000    0.012000    0.002000
1967   5  29  39639  -0.005160   0.156840   0.0074843   0.0021420   0.059237   0.003867   0.030000   0.030000  0.0020000  0.0014000    0.012000    0.002000
1967   5  30  39640  -0.004859   0.156941   0.0078694   0.0022760   0.059038   0.004122   0.030000   0.030000  0.0020000  0.0014000    0.012000    0.002000
1967   5  31  39641  -0.004559   0.157141   0.0081396   0.0023790   0.058836   0.004417   0.030000   0.030000  0.0020000  0.0014000    0.012000    0.002000
1967   6   1  39642  -0.004359   0.157341   0.0083067   0.0024480   0.058762   0.004622   0.030000   0.030000  0.0020000  0.0014000    0.012000    0.002000
1967   6   2  39643  -0.004059   0.157541   0.0084418   0.0024630   0.058695   0.004779   0.030000   0.030000  0.0020000  0.0014000    0.012000    0.002000
1967   6   3  39644  -0.003758   0.157742   0.0085920   0.0024070   0.058469   0.004967   0.030000   0.030000  0.0020000  0.0014000    0.012000    0.002000
1967   6   4  39645  -0.003558   0.158042   0.0088381   0.0022910   0.058095   0.005132   0.030000   0.030000  0.0020000  0.0014000    0.012000    0.002000
1967   6   5  39646  -0.003358   0.158242   0.0092173   0.0021350   0.057716   0.005110   0.030000   0.030000  0.0020000  0.0014000    0.012000    0.002000
1967   6   6  39647  -0.003157   0.158643   0.0097704   0.0019360   0.057439   0.004830   0.030000   0.030000  0.0020000  0.0014000    0.012000    0.002000
1967   6   7  39648  -0.002957   0.158943   0.0105176   0.0017400   0.057278   0.004423   0.030000   0.030000  0.0020000  0.0014000    0.012000    0.002000
1967   6   8  39649  -0.002757   0.159343   0.0114637   0.0015560   0.057217   0.004121   0.030000   0.030000  0.0020000  0.0014000    0.012000    0.002000
1967   6   9  39650  -0.002657   0.159743   0.0125788   0.0014270   0.057226   0.004056   0.030000   0.030000  0.0020000  0.0014000    0.012000    0.002000
1967   6  10  39651  -0.002556   0.160144   0.0137630   0.0014010   0.057230   0.004161   0.030000   0.030000  0.0020000  0.0014000    0.012000    0.002000
1967   6  11  39652  -0.002456   0.160644   0.0149241   0.0014740   0.057158   0.004271   0.030000   0.030000  0.0020000  0.0014000    0.012000    0.002000
1967   6  12  39653  -0.002356   0.161144   0.0159743   0.0016400   0.057059   0.004278   0.030000   0.030000  0.0020000  0.0014000    0.012000    0.002000
1967   6  13  39654  -0.002256   0.161644   0.0168124   0.0018820   0.057084   0.004207   0.030000   0.030000  0.0020000  0.0014000    0.012000    0.002000
1967   6  14  39655  -0.002255   0.162245   0.0173946   0.0021440   0.057293   0.004173   0.030000   0.030000  0.0020000  0.0014000    0.012000    0.002000
1967   6  15  39656  -0.002255   0.162745   0.0177177   0.0023690   0.057524   0.004283   0.030000   0.030000  0.0020000  0.0014000    0.012000    0.002000
1967   6  16  39657  -0.002255   0.163345   0.0178589   0.0025090   0.057500   0.004558   0.030000   0.030000  0.0020000  0.0014000    0.012000    0.002000
1967   6  17  39658  -0.002254   0.163946   0.0179350   0.0025040   0.057082   0.004912   0.030000   0.030000  0.0020000  0.0014000    0.012000    0.002000
1967   6  18  39659  -0.002354   0.164646   0.0180801   0.0023750   0.056399   0.005195   0.030000   0.030000  0.0020000  0.0014000    0.012000    0.002000
1967   6  19  39660  -0.002454   0.165246   0.0184023   0.0021360   0.055745   0.005297   0.030000   0.030000  0.0020000  0.0014000    0.012000    0.002000
1967   6  20  39661  -0.002554   0.165946   0.0190024   0.0018440   0.055338   0.005224   0.030000   0.030000  0.0020000  0.0014000    0.012000    0.002000
1967   6  21  39662  -0.002653   0.166647   0.0198826   0.0015870   0.055201   0.005068   0.030000   0.030000  0.0020000  0.0014000    0.012000    0.002000
1967   6  22  39663  -0.002753   0.167347   0.0209847   0.0014190   0.055239   0.004885   0.030000   0.030000  0.0020000  0.0014000    0.012000    0.002000
1967   6  23  39664  -0.002953   0.168047   0.0221829   0.0013870   0.055386   0.004671   0.030000   0.030000  0.0020000  0.0014000    0.012000    0.002000
1967   6  24  39665  -0.003053   0.168847   0.0233530   0.0014580   0.055599   0.004449   0.030000   0.030000  0.0020000  0.0014000    0.012000    0.002000
1967   6  25  39666  -0.003252   0.169548   0.0244242   0.0015990   0.055767   0.004321   0.030000   0.030000  0.0020000  0.0014000    0.012000    0.002000
1967   6  26  39667  -0.003452   0.170348   0.0253283   0.0017630   0.055734   0.004376   0.030000   0.030000  0.0020000  0.0014000    0.012000    0.002000
1967   6  27  39668  -0.003652   0.171048   0.0260845   0.0019100   0.055469   0.004569   0.030000   0.030000  0.0020000  0.0014000    0.012000    0.002000
1967   6  28  39669  -0.003851   0.171849   0.0267126   0.0020050   0.055119   0.004762   0.030000   0.030000  0.0020000  0.0014000    0.012000    0.002000
1967   6  29  39670  -0.004051   0.172649   0.0272747   0.0020520   0.054847   0.004873   0.030000   0.030000  0.0020000  0.0014000    0.012000    0.002000
1967   6  30  39671  -0.004251   0.173349   0.0278189   0.0020280   0.054662   0.004954   0.030000   0.030000  0.0020000  0.0014000    0.012000    0.002000
1967   7   1  39672  -0.004451   0.174149   0.0284190   0.0019530   0.054438   0.005084   0.030000   0.030000  0.0020000  0.0014000    0.012000    0.002000
1967   7   2  39673  -0.004650   0.174950   0.0291102   0.0018280   0.054083   0.005229   0.030000   0.030000  0.0020000  0.0014000    0.012000    0.002000
1967   7   3  39674  -0.004950   0.175650   0.0299563   0.0016670   0.053641   0.005250   0.030000   0.030000  0.0020000  0.0014000    0.012000    0.002000
1967   7   4  39675  -0.005150   0.176450   0.0309615   0.0014920   0.053243   0.005053   0.030000   0.030000  0.0020000  0.0014000    0.012000    0.002000
1967   7   5  39676  -0.005350   0.177150   0.0321476   0.0013300   0.052995   0.004707   0.030000   0.030000  0.0020000  0.0014000    0.012000    0.002000
1967   7   6  39677  -0.005649   0.177851   0.0334668   0.0012230   0.052916   0.004401   0.030000   0.030000  0.0020000  0.0014000    0.012000    0.002000
1967   7   7  39678  -0.005849   0.178551   0.0348669   0.0011820   0.052950   0.004287   0.030000   0.030000  0.0020000  0.0014000    0.012000    0.002000
1967   7   8  39679  -0.006049   0.179251   0.0362591   0.0012420   0.053005   0.004365   0.030000   0.030000  0.0020000  0.0014000    0.012000    0.002000
1967   7   9  39680  -0.006348   0.179952   0.0375292   0.0014150   0.053021   0.004515   0.030000   0.030000  0.0020000  0.0014000    0.012000    0.002000
1967   7  10  39681  -0.006548   0.180652   0.0385834   0.0016560   0.052999   0.004613   0.030000   0.030000  0.0020000  0.0014000    0.012000    0.002000
1967   7  11  39682  -0.006748   0.181252   0.0393875   0.0019240   0.052973   0.004627   0.030000   0.030000  0.0020000  0.0014000    0.012000    0.002000
1967   7  12  39683  -0.006948   0.181952   0.0399287   0.0021630   0.052944   0.004620   0.030000   0.030000  0.0020000  0.0014000    0.012000    0.002000
1967   7  13  39684  -0.007247   0.182553   0.0402848   0.0022860   0.052854   0.004680   0.030000   0.030000  0.0020000  0.0014000    0.012000    0.002000
1967   7  14  39685  -0.007447   0.183153   0.0405710   0.0022880   0.052626   0.004836   0.030000   0.030000  0.0020000  0.0014000    0.012000    0.002000
1967   7  15  39686  -0.007647   0.183653   0.0409341   0.0021550   0.052244   0.005040   0.030000   0.030000  0.0020000  0.0014000    0.012000    0.002000
1967   7  16  39687  -0.007847   0.184153   0.0414762   0.0019280   0.051783   0.005205   0.030000   0.030000  0.0020000  0.0014000    0.012000    0.002000
1967   7  17  39688  -0.008046   0.184754   0.0422844   0.0016420   0.051375   0.005271   0.030000   0.030000  0.0020000  0.0014000    0.012000    0.002000
1967   7  18  39689  -0.008246   0.185154   0.0433655   0.0013750   0.051119   0.005226   0.030000   0.030000  0.0020000  0.0014000    0.012000    0.002000
1967   7  19  39690  -0.008446   0.185654   0.0446877   0.0011870   0.051040   0.005089   0.030000   0.030000  0.0020000  0.0014000    0.012000    0.002000
1967   7  20  39691  -0.008645   0.186055   0.0461338   0.0011220   0.051095   0.004889   0.030000   0.030000  0.0020000  0.0014000    0.012000    0.002000
1967   7  21  39692  -0.008845   0.186455   0.0475860   0.0011720   0.051216   0.004677   0.030000   0.030000  0.0020000  0.0014000    0.012000    0.002000
1967   7  22  39693  -0.008945   0.186855   0.0489411   0.0013090   0.051342   0.004542   0.030000   0.030000  0.0020000  0.0014000    0.012000    0.002000
1967   7  23  39694  -0.009145   0.187155   0.0501343   0.0014870   0.051413   0.004567   0.030000   0.030000  0.0020000  0.0014000    0.012000    0.002000
1967   7  24  39695  -0.009344   0.187456   0.0511484   0.0016710   0.051363   0.004748   0.030000   0.030000  0.0020000  0.0014000    0.012000    0.002000
1967   7  25  39696  -0.009544   0.187756   0.0520056   0.0018070   0.051154   0.004970   0.030000   0.030000  0.0020000  0.0014000    0.012000    0.002000
1967   7  26  39697  -0.009644   0.188056   0.0527447   0.0018940   0.050829   0.005103   0.030000   0.030000  0.0020000  0.0014000    0.012000    0.002000
1967   7  27  39698  -0.009844   0.188256   0.0534299   0.0019150   0.050513   0.005125   0.030000   0.030000  0.0020000  0.0014000    0.012000    0.002000
1967   7  28  39699  -0.009943   0.188557   0.0541260   0.0018720   0.050304   0.005123   0.030000   0.030000  0.0020000  0.0014000    0.012000    0.002000
1967   7  29  39700  -0.010143   0.188757   0.0548942   0.0017740   0.050156   0.005174   0.030000   0.030000  0.0020000  0.0014000    0.012000    0.002000
1967   7  30  39701  -0.010243   0.188857   0.0557813   0.0016390   0.049916   0.005234   0.030000   0.030000  0.0020000  0.0014000    0.012000    0.002000
1967   7  31  39702  -0.010342   0.189058   0.0568035   0.0014860   0.049525   0.005182   0.030000   0.030000  0.0020000  0.0014000    0.012000    0.002000
1967   8   1  39703  -0.010542   0.189158   0.0579866   0.0013510   0.049135   0.004963   0.030000   0.030000  0.0020000  0.0014000    0.012000    0.002000
1967   8   2  39704  -0.010642   0.189358   0.0592808   0.0012490   0.048975   0.004660   0.030000   0.030000  0.0020000  0.0014000    0.012000    0.002000
1967   8   3  39705  -0.010742   0.189458   0.0606479   0.0012110   0.049100   0.004422   0.030000   0.030000  0.0020000  0.0014000    0.012000    0.002000
1967   8   4  39706  -0.010841   0.189559   0.0620181   0.0012570   0.049347   0.004339   0.030000   0.030000  0.0020000  0.0014000    0.012000    0.002000
1967   8   5  39707  -0.010941   0.189559   0.0632762   0.0014240   0.049530   0.004403   0.030000   0.030000  0.0020000  0.0014000    0.012000    0.002000
1967   8   6  39708  -0.011141   0.189659   0.0643164   0.0016900   0.049608   0.004553   0.030000   0.030000  0.0020000  0.0014000    0.012000    0.002000
1967   8   7  39709  -0.011241   0.189759   0.0650685   0.0019990   0.049621   0.004716   0.030000   0.030000  0.0020000  0.0014000    0.012000    0.002000
1967   8   8  39710  -0.011340   0.189760   0.0655047   0.0022980   0.049547   0.004815   0.030000   0.030000  0.0020000  0.0014000    0.012000    0.002000
1967   8   9  39711  -0.011440   0.189760   0.0656938   0.0024920   0.049321   0.004806   0.030000   0.030000  0.0020000  0.0014000    0.012000    0.002000
1967   8  10  39712  -0.011640   0.189760   0.0657510   0.0025490   0.048957   0.004727   0.030000   0.030000  0.0020000  0.0014000    0.012000    0.002000
1967   8  11  39713  -0.011739   0.189761   0.0658381   0.0024420   0.048573   0.004678   0.030000   0.030000  0.0020000  0.0014000    0.012000    0.002000
1967   8  12  39714  -0.011839   0.189761   0.0660863   0.0022270   0.048285   0.004721   0.030000   0.030000  0.0020000  0.0014000    0.012000    0.002000
1967   8  13  39715  -0.012039   0.189761   0.0665814   0.0019580   0.048106   0.004832   0.030000   0.030000  0.0020000  0.0014000    0.012000    0.002000
1967   8  14  39716  -0.012139   0.189761   0.0673546   0.0016950   0.047976   0.004934   0.030000   0.030000  0.0020000  0.0014000    0.012000    0.002000
1967   8  15  39717  -0.012338   0.189762   0.0683577   0.0015060   0.047867   0.004966   0.030000   0.030000  0.0020000  0.0014000    0.012000    0.002000
1967   8  16  39718  -0.012438   0.189662   0.0694859   0.0014260   0.047840   0.004899   0.030000   0.030000  0.0020000  0.0014000    0.012000    0.002000
1967   8  17  39719  -0.012638   0.189662   0.0706470   0.0014600   0.047963   0.004739   0.030000   0.030000  0.0020000  0.0014000    0.012000    0.002000
1967   8  18  39720  -0.012838   0.189662   0.0717242   0.0015880   0.048199   0.004561   0.030000   0.030000  0.0020000  0.0014000    0.012000    0.002000
1967   8  19  39721  -0.013137   0.189563   0.0726433   0.0017600   0.048425   0.004498   0.030000   0.030000  0.0020000  0.0014000    0.012000    0.002000
1967   8  20  39722  -0.013337   0.189563   0.0733815   0.0019540   0.048547   0.004654   0.030000   0.030000  0.0020000  0.0014000    0.012000    0.002000
1967   8  21  39723  -0.013637   0.189463   0.0739366   0.0021090   0.048552   0.004993   0.030000   0.030000  0.0020000  0.0014000    0.012000    0.002000
1967   8  22  39724  -0.013836   0.189364   0.0743608   0.0022100   0.048449   0.005332   0.030000   0.030000  0.0020000  0.0014000    0.012000    0.002000
1967   8  23  39725  -0.014136   0.189364   0.0747189   0.0022530   0.048252   0.005484   0.030000   0.030000  0.0020000  0.0014000    0.012000    0.002000
1967   8  24  39726  -0.014536   0.189264   0.0750691   0.0022160   0.048026   0.005431   0.030000   0.030000  0.0020000  0.0014000    0.012000    0.002000
1967   8  25  39727  -0.014836   0.189164   0.0754882   0.0021170   0.047879   0.005306   0.030000   0.030000  0.0020000  0.0014000    0.012000    0.002000
1967   8  26  39728  -0.015235   0.189065   0.0760304   0.0019850   0.047824   0.005224   0.030000   0.030000  0.0020000  0.0014000    0.012000    0.002000
1967   8  27  39729  -0.015635   0.189065   0.0767155   0.0018220   0.047716   0.005147   0.030000   0.030000  0.0020000  0.0014000    0.012000    0.002000
1967   8  28  39730  -0.016035   0.188965   0.0775657   0.0016610   0.047441   0.004968   0.030000   0.030000  0.0020000  0.0014000    0.012000    0.002000
1967   8  29  39731  -0.016434   0.188866   0.0785638   0.0015280   0.047158   0.004683   0.030000   0.030000  0.0020000  0.0014000    0.012000    0.002000
1967   8  30  39732  -0.016934   0.188866   0.0796720   0.0014480   0.047179   0.004441   0.030000   0.030000  0.0020000  0.0014000    0.012000    0.002000
1967   8  31  39733  -0.017334   0.188766   0.0808221   0.0014490   0.047589   0.004382   0.030000   0.030000  0.0020000  0.0014000    0.012000    0.002000
1967   9   1  39734  -0.017834   0.188666   0.0819303   0.0015440   0.048097   0.004493   0.030000   0.030000  0.0020000  0.0014000    0.012000    0.002000
1967   9   2  39735  -0.018333   0.188567   0.0828874   0.0017490   0.048378   0.004662   0.030000   0.030000  0.0020000  0.0014000    0.012000    0.002000
1967   9   3  39736  -0.018833   0.188567   0.0835826   0.0020500   0.048387   0.004834   0.030000   0.030000  0.0020000  0.0014000    0.012000    0.002000
1967   9   4  39737  -0.019433   0.188467   0.0839707   0.0023720   0.048263   0.005018   0.030000   0.030000  0.0020000  0.0014000    0.012000    0.002000
1967   9   5  39738  -0.019933   0.188367   0.0840619   0.0026180   0.048064   0.005153   0.030000   0.030000  0.0020000  0.0014000    0.012000    0.002000
1967   9   6  39739  -0.020532   0.188368   0.0839531   0.0027300   0.047782   0.005116   0.030000   0.030000  0.0020000  0.0014000    0.012000    0.002000
1967   9   7  39740  -0.021032   0.188268   0.0838422   0.0026530   0.047476   0.004919   0.030000   0.030000  0.0020000  0.0014000    0.012000    0.002000
1967   9   8  39741  -0.021632   0.188268   0.0838804   0.0024390   0.047237   0.004756   0.030000   0.030000  0.0020000  0.0014000    0.012000    0.002000
1967   9   9  39742  -0.022131   0.188169   0.0841855   0.0021350   0.047075   0.004779   0.030000   0.030000  0.0020000  0.0014000    0.012000    0.002000
1967   9  10  39743  -0.022731   0.188169   0.0847917   0.0018400   0.046946   0.004914   0.030000   0.030000  0.0020000  0.0014000    0.012000    0.002000
1967   9  11  39744  -0.023231   0.188069   0.0856698   0.0016200   0.046854   0.004989   0.030000   0.030000  0.0020000  0.0014000    0.012000    0.002000
1967   9  12  39745  -0.023731   0.188069   0.0867040   0.0015150   0.046842   0.004948   0.030000   0.030000  0.0020000  0.0014000    0.012000    0.002000
1967   9  13  39746  -0.024330   0.187970   0.0877701   0.0015420   0.046956   0.004857   0.030000   0.030000  0.0020000  0.0014000    0.012000    0.002000
1967   9  14  39747  -0.024830   0.187970   0.0887763   0.0016590   0.047220   0.004778   0.030000   0.030000  0.0020000  0.0014000    0.012000    0.002000
1967   9  15  39748  -0.025330   0.187870   0.0896104   0.0018500   0.047590   0.004738   0.030000   0.030000  0.0020000  0.0014000    0.012000    0.002000
1967   9  16  39749  -0.025830   0.187870   0.0902486   0.0020730   0.047939   0.004790   0.030000   0.030000  0.0020000  0.0014000    0.012000    0.002000
1967   9  17  39750  -0.026329   0.187871   0.0906497   0.0022800   0.048154   0.005015   0.030000   0.030000  0.0020000  0.0014000    0.012000    0.002000
1967   9  18  39751  -0.026829   0.187871   0.0908849   0.0024310   0.048230   0.005407   0.030000   0.030000  0.0020000  0.0014000    0.012000    0.002000
1967   9  19  39752  -0.027229   0.187871   0.0910000   0.0025170   0.048227   0.005797   0.030000   0.030000  0.0020000  0.0014000    0.012000    0.002000
1967   9  20  39753  -0.027728   0.187872   0.0910662   0.0025210   0.048182   0.005960   0.030000   0.030000  0.0020000  0.0014000    0.012000    0.002000
1967   9  21  39754  -0.028128   0.187872   0.0911623   0.0024680   0.048116   0.005836   0.030000   0.030000  0.0020000  0.0014000    0.012000    0.002000
1967   9  22  39755  -0.028528   0.187872   0.0913385   0.0023530   0.048082   0.005576   0.030000   0.030000  0.0020000  0.0014000    0.012000    0.002000
1967   9  23  39756  -0.028928   0.187872   0.0916567   0.0021980   0.048108   0.005356   0.030000   0.030000  0.0020000  0.0014000    0.012000    0.002000
1967   9  24  39757  -0.029327   0.187973   0.0921248   0.0020490   0.048113   0.005190   0.030000   0.030000  0.0020000  0.0014000    0.012000    0.002000
1967   9  25  39758  -0.029627   0.187973   0.0927310   0.0019140   0.048007   0.004977   0.030000   0.030000  0.0020000  0.0014000    0.012000    0.002000
1967   9  26  39759  -0.030027   0.188073   0.0934601   0.0018160   0.047899   0.004714   0.030000   0.030000  0.0020000  0.0014000    0.012000    0.002000
1967   9  27  39760  -0.030327   0.188173   0.0942563   0.0017970   0.048067   0.004569   0.030000   0.030000  0.0020000  0.0014000    0.012000    0.002000
1967   9  28  39761  -0.030626   0.188274   0.0950264   0.0018590   0.048596   0.004687   0.030000   0.030000  0.0020000  0.0014000    0.012000    0.002000
1967   9  29  39762  -0.030826   0.188374   0.0956836   0.0020260   0.049181   0.004989   0.030000   0.030000  0.0020000  0.0014000    0.012000    0.002000
1967   9  30  39763  -0.031126   0.188574   0.0961217   0.0023030   0.049457   0.005264   0.030000   0.030000  0.0020000  0.0014000    0.012000    0.002000
1967  10   1  39764  -0.031325   0.188675   0.0962479   0.0026200   0.049389   0.005441   0.030000   0.030000  0.0020000  0.0014000    0.012000    0.002000
1967  10   2  39765  -0.031625   0.188875   0.0960670   0.0029220   0.049169   0.005617   0.030000   0.030000  0.0020000  0.0014000    0.012000    0.002000
1967  10   3  39766  -0.031825   0.189075   0.0956192   0.0031400   0.048916   0.005798   0.030000   0.030000  0.0020000  0.0014000    0.012000    0.002000
1967  10   4  39767  -0.031925   0.189275   0.0950464   0.0031740   0.048698   0.005811   0.030000   0.030000  0.0020000  0.0014000    0.012000    0.002000
1967  10   5  39768  -0.032124   0.189576   0.0945255   0.0030180   0.048654   0.005605   0.030000   0.030000  0.0020000  0.0014000    0.012000    0.002000
1967  10   6  39769  -0.032224   0.189776   0.0942277   0.0027310   0.048804   0.005422   0.030000   0.030000  0.0020000  0.0014000    0.012000    0.002000
1967  10   7  39770  -0.032324   0.190076   0.0942608   0.0023940   0.048902   0.005488   0.030000   0.030000  0.0020000  0.0014000    0.012000    0.002000
1967  10   8  39771  -0.032424   0.190376   0.0946140   0.0021060   0.048745   0.005672   0.030000   0.030000  0.0020000  0.0014000    0.012000    0.002000
1967  10   9  39772  -0.032523   0.190677   0.0952001   0.0019340   0.048492   0.005668   0.030000   0.030000  0.0020000  0.0014000    0.012000    0.002000
1967  10  10  39773  -0.032623   0.191077   0.0958803   0.0019090   0.048455   0.005430   0.030000   0.030000  0.0020000  0.0014000    0.012000    0.002000
1967  10  11  39774  -0.032623   0.191377   0.0965224   0.0020030   0.048709   0.005213   0.030000   0.030000  0.0020000  0.0014000    0.012000    0.002000
1967  10  12  39775  -0.032722   0.191778   0.0970296   0.0021810   0.049100   0.005224   0.030000   0.030000  0.0020000  0.0014000    0.012000    0.002000
1967  10  13  39776  -0.032722   0.192178   0.0973408   0.0023790   0.049483   0.005421   0.030000   0.030000  0.0020000  0.0014000    0.012000    0.002000
1967  10  14  39777  -0.032722   0.192578   0.0974549   0.0025680   0.049804   0.005664   0.030000   0.030000  0.0020000  0.0014000    0.012000    0.002000
1967  10  15  39778  -0.032722   0.192978   0.0973971   0.0027290   0.050024   0.005923   0.030000   0.030000  0.0020000  0.0014000    0.012000    0.002000
1967  10  16  39779  -0.032721   0.193379   0.0972062   0.0028320   0.050140   0.006237   0.030000   0.030000  0.0020000  0.0014000    0.012000    0.002000
1967  10  17  39780  -0.032621   0.193779   0.0969464   0.0028670   0.050209   0.006547   0.030000   0.030000  0.0020000  0.0014000    0.012000    0.002000
1967  10  18  39781  -0.032621   0.194279   0.0966865   0.0028230   0.050284   0.006675   0.030000   0.030000  0.0020000  0.0014000    0.012000    0.002000
1967  10  19  39782  -0.032621   0.194679   0.0965007   0.0027210   0.050359   0.006520   0.030000   0.030000  0.0020000  0.0014000    0.012000    0.002000
1967  10  20  39783  -0.032520   0.195180   0.0964388   0.0025800   0.050414   0.006195   0.030000   0.030000  0.0020000  0.0014000    0.012000    0.002000
1967  10  21  39784  -0.032520   0.195580   0.0965260   0.0024360   0.050466   0.005912   0.030000   0.030000  0.0020000  0.0014000    0.012000    0.002000
1967  10  22  39785  -0.032420   0.196080   0.0967612   0.0022990   0.050535   0.005753   0.030000   0.030000  0.0020000  0.0014000    0.012000    0.002000
1967  10  23  39786  -0.032319   0.196581   0.0971153   0.0021930   0.050613   0.005637   0.030000   0.030000  0.0020000  0.0014000    0.012000    0.002000
1967  10  24  39787  -0.032219   0.196981   0.0975345   0.0021510   0.050737   0.005507   0.030000   0.030000  0.0020000  0.0014000    0.012000    0.002000
1967  10  25  39788  -0.032119   0.197481   0.0979766   0.0021800   0.051018   0.005454   0.030000   0.030000  0.0020000  0.0014000    0.012000    0.002000
1967  10  26  39789  -0.032119   0.197981   0.0983228   0.0023030   0.051494   0.005601   0.030000   0.030000  0.0020000  0.0014000    0.012000    0.002000
1967  10  27  39790  -0.032018   0.198382   0.0985189   0.0025200   0.051973   0.005892   0.030000   0.030000  0.0020000  0.0014000    0.012000    0.002000
1967  10  28  39791  -0.031918   0.198882   0.0984491   0.0028110   0.052213   0.006137   0.030000   0.030000  0.0020000  0.0014000    0.012000    0.002000
1967  10  29  39792  -0.031718   0.199382   0.0980793   0.0031170   0.052189   0.006277   0.030000   0.030000  0.0020000  0.0014000    0.012000    0.002000
1967  10  30  39793  -0.031618   0.199782   0.0974114   0.0033820   0.052035   0.006452   0.030000   0.030000  0.0020000  0.0014000    0.012000    0.002000
1967  10  31  39794  -0.031517   0.200283   0.0965386   0.0035060   0.051805   0.006725   0.030000   0.030000  0.0020000  0.0014000    0.012000    0.002000
1967  11   1  39795  -0.031417   0.200683   0.0956507   0.0034390   0.051553   0.006899   0.030000   0.030000  0.0020000  0.0014000    0.012000    0.002000
1967  11   2  39796  -0.031317   0.201183   0.0948999   0.0032170   0.051498   0.006805   0.030000   0.030000  0.0020000  0.0014000    0.012000    0.002000
1967  11   3  39797  -0.031116   0.201584   0.0944430   0.0028890   0.051760   0.006619   0.030000   0.030000  0.0020000  0.0014000    0.012000    0.002000
1967  11   4  39798  -0.031016   0.202084   0.0943142   0.0025570   0.052062   0.006629   0.030000   0.030000  0.0020000  0.0014000    0.012000    0.002000
1967  11   5  39799  -0.030816   0.202484   0.0944794   0.0023230   0.052045   0.006778   0.030000   0.030000  0.0020000  0.0014000    0.012000    0.002000
1967  11   6  39800  -0.030716   0.202884   0.0947995   0.0022310   0.051810   0.006740   0.030000   0.030000  0.0020000  0.0014000    0.012000    0.002000
1967  11   7  39801  -0.030615   0.203385   0.0951517   0.0022770   0.051769   0.006430   0.030000   0.030000  0.0020000  0.0014000    0.012000    0.002000
1967  11   8  39802  -0.030415   0.203785   0.0954048   0.0024100   0.052053   0.006171   0.030000   0.030000  0.0020000  0.0014000    0.012000    0.002000
1967  11   9  39803  -0.030315   0.204185   0.0954870   0.0025970   0.052403   0.006275   0.030000   0.030000  0.0020000  0.0014000    0.012000    0.002000
1967  11  10  39804  -0.030115   0.204585   0.0953931   0.0027790   0.052598   0.006683   0.030000   0.030000  0.0020000  0.0014000    0.012000    0.002000
1967  11  11  39805  -0.030014   0.204986   0.0951223   0.0029240   0.052675   0.007100   0.030000   0.030000  0.0020000  0.0014000    0.012000    0.002000
1967  11  12  39806  -0.029814   0.205486   0.0947435   0.0030050   0.052733   0.007365   0.030000   0.030000  0.0020000  0.0014000    0.012000    0.002000
1967  11  13  39807  -0.029714   0.205886   0.0943146   0.0030220   0.052791   0.007540   0.030000   0.030000  0.0020000  0.0014000    0.012000    0.002000
1967  11  14  39808  -0.029513   0.206287   0.0939008   0.0029740   0.052859   0.007699   0.030000   0.030000  0.0020000  0.0014000    0.012000    0.002000
1967  11  15  39809  -0.029413   0.206787   0.0935659   0.0028570   0.052967   0.007772   0.030000   0.030000  0.0020000  0.0014000    0.012000    0.002000
1967  11  16  39810  -0.029313   0.207187   0.0933821   0.0026960   0.053090   0.007643   0.030000   0.030000  0.0020000  0.0014000    0.012000    0.002000
1967  11  17  39811  -0.029113   0.207687   0.0933622   0.0025130   0.053154   0.007345   0.030000   0.030000  0.0020000  0.0014000    0.012000    0.002000
1967  11  18  39812  -0.029012   0.208088   0.0935234   0.0023370   0.053154   0.007058   0.030000   0.030000  0.0020000  0.0014000    0.012000    0.002000
1967  11  19  39813  -0.028912   0.208588   0.0938556   0.0021970   0.053197   0.006924   0.030000   0.030000  0.0020000  0.0014000    0.012000    0.002000
1967  11  20  39814  -0.028812   0.209088   0.0943107   0.0020960   0.053392   0.006915   0.030000   0.030000  0.0020000  0.0014000    0.012000    0.002000
1967  11  21  39815  -0.028711   0.209689   0.0948189   0.0020820   0.053736   0.006927   0.030000   0.030000  0.0020000  0.0014000    0.012000    0.002000
1967  11  22  39816  -0.028611   0.210189   0.0952970   0.0021560   0.054152   0.006929   0.030000   0.030000  0.0020000  0.0014000    0.012000    0.002000
1967  11  23  39817  -0.028511   0.210689   0.0956492   0.0023240   0.054570   0.006977   0.030000   0.030000  0.0020000  0.0014000    0.012000    0.002000
1967  11  24  39818  -0.028411   0.211289   0.0958164   0.0025520   0.054930   0.007086   0.030000   0.030000  0.0020000  0.0014000    0.012000    0.002000
1967  11  25  39819  -0.028410   0.211890   0.0957125   0.0028160   0.055167   0.007203   0.030000   0.030000  0.0020000  0.0014000    0.012000    0.002000
1967  11  26  39820  -0.028310   0.212490   0.0953597   0.0030710   0.055253   0.007315   0.030000   0.030000  0.0020000  0.0014000    0.012000    0.002000
1967  11  27  39821  -0.028310   0.213090   0.0947898   0.0032400   0.055184   0.007521   0.030000   0.030000  0.0020000  0.0014000    0.012000    0.002000
1967  11  28  39822  -0.028310   0.213790   0.0941180   0.0032670   0.054919   0.007853   0.030000   0.030000  0.0020000  0.0014000    0.012000    0.002000
1967  11  29  39823  -0.028209   0.214391   0.0934922   0.0031380   0.054483   0.008126   0.030000   0.030000  0.0020000  0.0014000    0.012000    0.002000
1967  11  30  39824  -0.028209   0.215091   0.0930673   0.0028750   0.054113   0.008124   0.030000   0.030000  0.0020000  0.0014000    0.012000    0.002000
1967  12   1  39825  -0.028209   0.215791   0.0929415   0.0025560   0.054057   0.007913   0.030000   0.030000  0.0020000  0.0014000    0.012000    0.002000
1967  12   2  39826  -0.028308   0.216492   0.0931206   0.0022890   0.054246   0.007766   0.030000   0.030000  0.0020000  0.0014000    0.012000    0.002000
1967  12   3  39827  -0.028308   0.217292   0.0935128   0.0021410   0.054395   0.007771   0.030000   0.030000  0.0020000  0.0014000    0.012000    0.002000
1967  12   4  39828  -0.028308   0.217992   0.0939810   0.0021380   0.054446   0.007738   0.030000   0.030000  0.0020000  0.0014000    0.012000    0.002000
1967  12   5  39829  -0.028408   0.218792   0.0943771   0.0022680   0.054606   0.007554   0.030000   0.030000  0.0020000  0.0014000    0.012000    0.002000
1967  12   6  39830  -0.028407   0.219493   0.0946043   0.0024750   0.054925   0.007419   0.030000   0.030000  0.0020000  0.0014000    0.012000    0.002000
1967  12   7  39831  -0.028507   0.220293   0.0946154   0.0026690   0.055154   0.007591   0.030000   0.030000  0.0020000  0.0014000    0.012000    0.002000
1967  12   8  39832  -0.028607   0.221093   0.0944476   0.0028380   0.055099   0.008026   0.030000   0.030000  0.0020000  0.0014000    0.012000    0.002000
1967  12   9  39833  -0.028607   0.221893   0.0941488   0.0029490   0.054866   0.008438   0.030000   0.030000  0.0020000  0.0014000    0.012000    0.002000
1967  12  10  39834  -0.028706   0.222694   0.0937729   0.0029930   0.054666   0.008630   0.030000   0.030000  0.0020000  0.0014000    0.012000    0.002000
1967  12  11  39835  -0.028806   0.223494   0.0933641   0.0029730   0.054576   0.008661   0.030000   0.030000  0.0020000  0.0014000    0.012000    0.002000
1967  12  12  39836  -0.028806   0.224294   0.0930262   0.0028850   0.054583   0.008682   0.030000   0.030000  0.0020000  0.0014000    0.012000    0.002000
1967  12  13  39837  -0.028905   0.225095   0.0927994   0.0027520   0.054678   0.008711   0.030000   0.030000  0.0020000  0.0014000    0.012000    0.002000
1967  12  14  39838  -0.029005   0.225895   0.0927206   0.0025840   0.054816   0.008635   0.030000   0.030000  0.0020000  0.0014000    0.012000    0.002000
1967  12  15  39839  -0.029005   0.226695   0.0928127   0.0024150   0.054892   0.008403   0.030000   0.030000  0.0020000  0.0014000    0.012000    0.002000
1967  12  16  39840  -0.029105   0.227495   0.0930519   0.0022730   0.054857   0.008124   0.030000   0.030000  0.0020000  0.0014000    0.012000    0.002000
1967  12  17  39841  -0.029104   0.228296   0.0934290   0.0021750   0.054837   0.007964   0.030000   0.030000  0.0020000  0.0014000    0.012000    0.002000
1967  12  18  39842  -0.029104   0.228996   0.0938572   0.0021530   0.055017   0.007973   0.030000   0.030000  0.0020000  0.0014000    0.012000    0.002000
1967  12  19  39843  -0.029104   0.229796   0.0942744   0.0022070   0.055433   0.008066   0.030000   0.030000  0.0020000  0.0014000    0.012000    0.002000
1967  12  20  39844  -0.029104   0.230496   0.0945935   0.0023480   0.055926   0.008126   0.030000   0.030000  0.0020000  0.0014000    0.012000    0.002000
1967  12  21  39845  -0.029103   0.231197   0.0947477   0.0025450   0.056325   0.008120   0.030000   0.030000  0.0020000  0.0014000    0.012000    0.002000
1967  12  22  39846  -0.029003   0.231797   0.0946838   0.0027740   0.056592   0.008090   0.030000   0.030000  0.0020000  0.0014000    0.012000    0.002000
1967  12  23  39847  -0.028903   0.232497   0.0943850   0.0029980   0.056765   0.008104   0.030000   0.030000  0.0020000  0.0014000    0.012000    0.002000
1967  12  24  39848  -0.028802   0.233098   0.0939012   0.0031440   0.056833   0.008209   0.030000   0.030000  0.0020000  0.0014000    0.012000    0.002000
1967  12  25  39849  -0.028702   0.233698   0.0933153   0.0031870   0.056728   0.008431   0.030000   0.030000  0.0020000  0.0014000    0.012000    0.002000
1967  12  26  39850  -0.028602   0.234298   0.0927645   0.0030810   0.056401   0.008723   0.030000   0.030000  0.0020000  0.0014000    0.012000    0.002000
1967  12  27  39851  -0.028402   0.234798   0.0923866   0.0028480   0.055914   0.008939   0.030000   0.030000  0.0020000  0.0014000    0.012000    0.002000
1967  12  28  39852  -0.028201   0.235399   0.0922758   0.0025480   0.055461   0.008930   0.030000   0.030000  0.0020000  0.0014000    0.012000    0.002000
1967  12  29  39853  -0.028001   0.235899   0.0924700   0.0022520   0.055238   0.008716   0.030000   0.030000  0.0020000  0.0014000    0.012000    0.002000
1967  12  30  39854  -0.027701   0.236299   0.0929241   0.0020390   0.055275   0.008480   0.030000   0.030000  0.0020000  0.0014000    0.012000    0.002000
1967  12  31  39855  -0.027401   0.236799   0.0935273   0.0019590   0.055453   0.008358   0.030000   0.030000  0.0020000  0.0014000    0.012000    0.002000
