

                   INTERNATIONAL EARTH ROTATION AND REFERENCE SYSTEMS SERVICE
                        EARTH ORIENTATION PARAMETERS
                          EOP (IERS) 05 C04

  
             FORMAT(3(I4),I7,2(F11.6),2(F12.7),2(F11.6),2(F11.6),2(F11.7),2F12.6)
**********************************************************************************
  
      Date      MJD      x          y        UT1-UTC       LOD         dPsi      dEps       x Err     y Err   UT1-UTC Err  LOD Err    dPsi Err   dEpsilon Err
                         "          "           s           s            "         "        "          "          s           s            "         "
     (0h UTC)

2008   1   1  54466  -0.080518   0.258431  -0.2733249   0.0010341  -0.061278  -0.002143   0.000012   0.000015  0.0001474  0.0000019    0.000157    0.000127
2008   1   2  54467  -0.081854   0.260082  -0.2743095   0.0009269  -0.060825  -0.002420   0.000012   0.000015  0.0000227  0.0000021    0.000159    0.000128
2008   1   3  54468  -0.083363   0.261986  -0.2751916   0.0008029  -0.060134  -0.002776   0.000012   0.000016  0.0000123  0.0000022    0.000171    0.000138
2008   1   4  54469  -0.085546   0.263861  -0.2759539   0.0006924  -0.059450  -0.003166   0.000013   0.000019  0.0000174  0.0000021    0.000245    0.000194
2008   1   5  54470  -0.087912   0.265565  -0.2766100   0.0006129  -0.059184  -0.003434   0.000013   0.000021  0.0000283  0.0000022    0.000444    0.000323
2008   1   6  54471  -0.090277   0.267180  -0.2772037   0.0005533  -0.059252  -0.003619   0.000013   0.000021  0.0000329  0.0000024    0.000310    0.000246
2008   1   7  54472  -0.092587   0.268844  -0.2777499   0.0005300  -0.059679  -0.003449   0.000012   0.000020  0.0000212  0.0000024    0.000129    0.000116
2008   1   8  54473  -0.094443   0.270672  -0.2782627   0.0005541  -0.060021  -0.003101   0.000013   0.000016  0.0000138  0.0000024    0.000129    0.000116
2008   1   9  54474  -0.096010   0.272662  -0.2788589   0.0006510  -0.060019  -0.002767   0.000015   0.000016  0.0000216  0.0000024    0.000130    0.000116
2008   1  10  54475  -0.097645   0.274960  -0.2795806   0.0008237  -0.059687  -0.002639   0.000015   0.000016  0.0000758  0.0000024    0.000247    0.000208
2008   1  11  54476  -0.099541   0.277532  -0.2804622   0.0009821  -0.059304  -0.002725   0.000015   0.000020  0.0000597  0.0000023    0.000365    0.000282
2008   1  12  54477  -0.101595   0.280146  -0.2815510   0.0011633  -0.059119  -0.002892   0.000013   0.000031  0.0000572  0.0000023    0.000365    0.000283
2008   1  13  54478  -0.103384   0.282855  -0.2828278   0.0013337  -0.059127  -0.003061   0.000012   0.000025  0.0000444  0.0000023    0.000278    0.000261
2008   1  14  54479  -0.104993   0.285781  -0.2842185   0.0014149  -0.059337  -0.003035   0.000014   0.000024  0.0000441  0.0000023    0.000196    0.000124
2008   1  15  54480  -0.106909   0.288697  -0.2855964   0.0013689  -0.059649  -0.002889   0.000015   0.000023  0.0000356  0.0000024    0.000196    0.000123
2008   1  16  54481  -0.108857   0.291069  -0.2869110   0.0011941  -0.059982  -0.002691   0.000014   0.000023  0.0000294  0.0000025    0.000197    0.000124
2008   1  17  54482  -0.110442   0.292997  -0.2880145   0.0009323  -0.060295  -0.002565   0.000015   0.000023  0.0000300  0.0000026    0.000262    0.000181
2008   1  18  54483  -0.112145   0.295007  -0.2888042   0.0006619  -0.060495  -0.002620   0.000018   0.000019  0.0000259  0.0000027    0.000285    0.000206
2008   1  19  54484  -0.113984   0.297121  -0.2893449   0.0004644  -0.060481  -0.002863   0.000018   0.000019  0.0000265  0.0000027    0.000285    0.000206
2008   1  20  54485  -0.115091   0.299204  -0.2897954   0.0004221  -0.060259  -0.003154   0.000014   0.000018  0.0000335  0.0000025    0.000284    0.000244
2008   1  21  54486  -0.115093   0.301655  -0.2902243   0.0005252  -0.059826  -0.003289   0.000016   0.000017  0.0001073  0.0000023    0.000284    0.000168
2008   1  22  54487  -0.115058   0.304503  -0.2908377   0.0007053  -0.059306  -0.003226   0.000022   0.000020  0.0001151  0.0000023    0.000284    0.000165
2008   1  23  54488  -0.115365   0.306822  -0.2916538   0.0009702  -0.058748  -0.003021   0.000016   0.000030  0.0000593  0.0000024    0.000284    0.000165
2008   1  24  54489  -0.115854   0.309065  -0.2927418   0.0012259  -0.058256  -0.002838   0.000013   0.000020  0.0000477  0.0000024    0.000273    0.000167
2008   1  25  54490  -0.116630   0.311591  -0.2940899   0.0014193  -0.058024  -0.002772   0.000012   0.000016  0.0000356  0.0000024    0.000250    0.000172
2008   1  26  54491  -0.117460   0.313934  -0.2955854   0.0015105  -0.058202  -0.002846   0.000012   0.000019  0.0000357  0.0000024    0.000249    0.000172
2008   1  27  54492  -0.117833   0.316516  -0.2971298   0.0015019  -0.058695  -0.003026   0.000012   0.000019  0.0000287  0.0000022    0.000262    0.000166
2008   1  28  54493  -0.117979   0.319384  -0.2985840   0.0014255  -0.059256  -0.003221   0.000014   0.000019  0.0000304  0.0000021    0.000516    0.000136
2008   1  29  54494  -0.118469   0.321872  -0.2999554   0.0012486  -0.059582  -0.003336   0.000013   0.000018  0.0000228  0.0000021    0.000162    0.000116
2008   1  30  54495  -0.119164   0.324122  -0.3011510   0.0010312  -0.059635  -0.003318   0.000011   0.000019  0.0000290  0.0000021    0.000163    0.000117
2008   1  31  54496  -0.119646   0.326498  -0.3020200   0.0008015  -0.059460  -0.003249   0.000011   0.000030  0.0000462  0.0000021    0.000250    0.000183
2008   2   1  54497  -0.119692   0.329174  -0.3027574   0.0006520  -0.059195  -0.003261   0.000011   0.000019  0.0000292  0.0000021    0.000293    0.000218
2008   2   2  54498  -0.119525   0.332401  -0.3033766   0.0005983  -0.059015  -0.003410   0.000010   0.000015  0.0000325  0.0000020    0.000293    0.000219
2008   2   3  54499  -0.119847   0.335649  -0.3039695   0.0005646  -0.059025  -0.003620   0.000011   0.000014  0.0000235  0.0000020    0.000238    0.000182
2008   2   4  54500  -0.120535   0.338409  -0.3045232   0.0006184  -0.059192  -0.003780   0.000011   0.000013  0.0000183  0.0000019    0.000132    0.000104
2008   2   5  54501  -0.120850   0.341173  -0.3052085   0.0007842  -0.059353  -0.003839   0.000011   0.000013  0.0000193  0.0000019    0.000132    0.000106
2008   2   6  54502  -0.121287   0.344072  -0.3060590   0.0009813  -0.059290  -0.003835   0.000012   0.000017  0.0000293  0.0000019    0.000132    0.000106
2008   2   7  54503  -0.122056   0.346927  -0.3071699   0.0012051  -0.059025  -0.003812   0.000012   0.000026  0.0000385  0.0000019    0.000200    0.000166
2008   2   8  54504  -0.122857   0.349492  -0.3084729   0.0014338  -0.058807  -0.003766   0.000010   0.000018  0.0000239  0.0000019    0.000233    0.000198
2008   2   9  54505  -0.123511   0.352015  -0.3099734   0.0015604  -0.058929  -0.003680   0.000011   0.000018  0.0000269  0.0000019    0.000233    0.000198
2008   2  10  54506  -0.123989   0.354883  -0.3115698   0.0016328  -0.059314  -0.003597   0.000011   0.000017  0.0000256  0.0000019    0.000260    0.000194
2008   2  11  54507  -0.124729   0.357734  -0.3132037   0.0016260  -0.059901  -0.003550   0.000010   0.000013  0.0000268  0.0000018    0.000207    0.000161
2008   2  12  54508  -0.125665   0.359978  -0.3148295   0.0014488  -0.060320  -0.003579   0.000010   0.000012  0.0000306  0.0000018    0.000286    0.000159
2008   2  13  54509  -0.126123   0.361950  -0.3161605   0.0012318  -0.060448  -0.003664   0.000013   0.000010  0.0000359  0.0000017    0.000283    0.000159
2008   2  14  54510  -0.125770   0.364441  -0.3172947   0.0010179  -0.060294  -0.003781   0.000012   0.000012  0.0000418  0.0000018    0.000185    0.000180
2008   2  15  54511  -0.125295   0.367219  -0.3182352   0.0007650  -0.060032  -0.003928   0.000010   0.000016  0.0000293  0.0000018    0.000174    0.000185
2008   2  16  54512  -0.125278   0.369486  -0.3189163   0.0005939  -0.059805  -0.004124   0.000010   0.000016  0.0000358  0.0000018    0.000174    0.000185
2008   2  17  54513  -0.125723   0.371465  -0.3194663   0.0005516  -0.059506  -0.004357   0.000010   0.000016  0.0000333  0.0000018    0.000174    0.000185
2008   2  18  54514  -0.126456   0.373954  -0.3200697   0.0006861  -0.059207  -0.004551   0.000009   0.000016  0.0000232  0.0000017    0.000167    0.000123
2008   2  19  54515  -0.126924   0.376808  -0.3208714   0.0009357  -0.058863  -0.004623   0.000009   0.000014  0.0000218  0.0000016    0.000166    0.000120
2008   2  20  54516  -0.127188   0.379604  -0.3219276   0.0011511  -0.058542  -0.004540   0.000009   0.000014  0.0000351  0.0000016    0.000195    0.000144
2008   2  21  54517  -0.127356   0.382182  -0.3231617   0.0013034  -0.058204  -0.004330   0.000009   0.000014  0.0000383  0.0000016    0.000212    0.000161
2008   2  22  54518  -0.127404   0.384941  -0.3245005   0.0013471  -0.057959  -0.004177   0.000010   0.000012  0.0000318  0.0000016    0.000289    0.000267
2008   2  23  54519  -0.127451   0.387885  -0.3258408   0.0013102  -0.057860  -0.004216   0.000010   0.000012  0.0000396  0.0000016    0.000297    0.000282
2008   2  24  54520  -0.127216   0.390919  -0.3271038   0.0012158  -0.057897  -0.004418   0.000010   0.000014  0.0000404  0.0000015    0.000247    0.000195
2008   2  25  54521  -0.126855   0.393877  -0.3282890   0.0010904  -0.058210  -0.004655   0.000011   0.000012  0.0000278  0.0000014    0.000161    0.000098
2008   2  26  54522  -0.126358   0.396463  -0.3292834   0.0008824  -0.058704  -0.004718   0.000011   0.000010  0.0000183  0.0000014    0.000136    0.000086
2008   2  27  54523  -0.125418   0.398999  -0.3300639   0.0006456  -0.059056  -0.004660   0.000011   0.000012  0.0000230  0.0000013    0.000201    0.000128
2008   2  28  54524  -0.124166   0.401656  -0.3306173   0.0004544  -0.059037  -0.004646   0.000016   0.000012  0.0000372  0.0000013    0.000286    0.000214
2008   2  29  54525  -0.122843   0.404090  -0.3309726   0.0002955  -0.058667  -0.004829   0.000010   0.000010  0.0000278  0.0000014    0.000182    0.000143
2008   3   1  54526  -0.121341   0.406776  -0.3312053   0.0002261  -0.058208  -0.005172   0.000008   0.000013  0.0000376  0.0000014    0.000179    0.000140
2008   3   2  54527  -0.120120   0.409813  -0.3314096   0.0002655  -0.057826  -0.005500   0.000011   0.000025  0.0000471  0.0000015    0.000158    0.000116
2008   3   3  54528  -0.119091   0.412745  -0.3317943   0.0003857  -0.057716  -0.005666   0.000017   0.000024  0.0000219  0.0000015    0.000101    0.000065
2008   3   4  54529  -0.118130   0.415926  -0.3322407   0.0005952  -0.057890  -0.005680   0.000012   0.000013  0.0000137  0.0000014    0.000101    0.000065
2008   3   5  54530  -0.117006   0.418980  -0.3329799   0.0008897  -0.058181  -0.005659   0.000012   0.000012  0.0000176  0.0000014    0.000102    0.000065
2008   3   6  54531  -0.115702   0.421804  -0.3339920   0.0011624  -0.058328  -0.005608   0.000019   0.000012  0.0000339  0.0000015    0.000192    0.000141
2008   3   7  54532  -0.114746   0.424357  -0.3352608   0.0013865  -0.058235  -0.005438   0.000023   0.000010  0.0000274  0.0000015    0.000278    0.000277
2008   3   8  54533  -0.113409   0.426723  -0.3367791   0.0015504  -0.058116  -0.005117   0.000020   0.000010  0.0000330  0.0000015    0.000279    0.000278
2008   3   9  54534  -0.111920   0.429394  -0.3383316   0.0015337  -0.058190  -0.004789   0.000011   0.000011  0.0000352  0.0000014    0.000278    0.000277
2008   3  10  54535  -0.110683   0.431804  -0.3398205   0.0013617  -0.058608  -0.004698   0.000008   0.000011  0.0000309  0.0000015    0.000106    0.000104
2008   3  11  54536  -0.109345   0.434479  -0.3410475   0.0010967  -0.059048  -0.004908   0.000008   0.000014  0.0000195  0.0000015    0.000103    0.000101
2008   3  12  54537  -0.108001   0.437581  -0.3420795   0.0008108  -0.059317  -0.005307   0.000008   0.000014  0.0000145  0.0000015    0.000103    0.000101
2008   3  13  54538  -0.106544   0.440444  -0.3428311   0.0005876  -0.059259  -0.005701   0.000009   0.000013  0.0000196  0.0000016    0.000117    0.000113
2008   3  14  54539  -0.104857   0.443274  -0.3433409   0.0004591  -0.058969  -0.005979   0.000011   0.000013  0.0000308  0.0000016    0.000227    0.000199
2008   3  15  54540  -0.103000   0.446048  -0.3437593   0.0004508  -0.058581  -0.006138   0.000021   0.000014  0.0000392  0.0000016    0.000248    0.000212
2008   3  16  54541  -0.100921   0.448946  -0.3442790   0.0005677  -0.058187  -0.006244   0.000029   0.000015  0.0000432  0.0000017    0.000186    0.000135
2008   3  17  54542  -0.098566   0.452097  -0.3449234   0.0007762  -0.057774  -0.006353   0.000023   0.000012  0.0000211  0.0000018    0.000094    0.000070
2008   3  18  54543  -0.096312   0.455122  -0.3458067   0.0010165  -0.057394  -0.006454   0.000012   0.000011  0.0000118  0.0000017    0.000094    0.000070
2008   3  19  54544  -0.094086   0.457949  -0.3469823   0.0012526  -0.057143  -0.006517   0.000009   0.000011  0.0000123  0.0000017    0.000162    0.000097
2008   3  20  54545  -0.091541   0.460915  -0.3483093   0.0013912  -0.057178  -0.006450   0.000009   0.000011  0.0000238  0.0000017    0.000322    0.000241
2008   3  21  54546  -0.088881   0.463894  -0.3496996   0.0014578  -0.057395  -0.006295   0.000009   0.000011  0.0000367  0.0000016    0.000355    0.000290
2008   3  22  54547  -0.086154   0.467024  -0.3512374   0.0014667  -0.057600  -0.006174   0.000010   0.000012  0.0000483  0.0000016    0.000356    0.000291
2008   3  23  54548  -0.083341   0.470230  -0.3526641   0.0014217  -0.057641  -0.006166   0.000012   0.000015  0.0000360  0.0000016    0.000255    0.000195
2008   3  24  54549  -0.080731   0.473141  -0.3540554   0.0013051  -0.057558  -0.006274   0.000011   0.000013  0.0000300  0.0000015    0.000099    0.000073
2008   3  25  54550  -0.078460   0.475860  -0.3552959   0.0011500  -0.057419  -0.006389   0.000009   0.000011  0.0000140  0.0000015    0.000105    0.000073
2008   3  26  54551  -0.076250   0.478391  -0.3563463   0.0009717  -0.057236  -0.006444   0.000011   0.000014  0.0000148  0.0000015    0.000105    0.000073
2008   3  27  54552  -0.074083   0.480693  -0.3572250   0.0007885  -0.056994  -0.006542   0.000011   0.000014  0.0000193  0.0000016    0.000117    0.000078
2008   3  28  54553  -0.072212   0.482897  -0.3579613   0.0006745  -0.056724  -0.006787   0.000009   0.000014  0.0000228  0.0000015    0.000184    0.000099
2008   3  29  54554  -0.070630   0.484987  -0.3585963   0.0006385  -0.056474  -0.007128   0.000009   0.000014  0.0000300  0.0000014    0.000193    0.000101
2008   3  30  54555  -0.068726   0.486715  -0.3592498   0.0007149  -0.056333  -0.007387   0.000012   0.000011  0.0000425  0.0000014    0.000194    0.000106
2008   3  31  54556  -0.066547   0.488210  -0.3600366   0.0008768  -0.056208  -0.007421   0.000021   0.000010  0.0000297  0.0000014    0.000136    0.000089
2008   4   1  54557  -0.064468   0.489849  -0.3610018   0.0010906  -0.056251  -0.007339   0.000026   0.000010  0.0000216  0.0000015    0.000135    0.000089
2008   4   2  54558  -0.062001   0.491696  -0.3621677   0.0013313  -0.056435  -0.007334   0.000022   0.000010  0.0000264  0.0000015    0.000136    0.000089
2008   4   3  54559  -0.058977   0.493603  -0.3636691   0.0015641  -0.056561  -0.007393   0.000012   0.000010  0.0000338  0.0000015    0.000195    0.000133
2008   4   4  54560  -0.056088   0.495414  -0.3652814   0.0017569  -0.056441  -0.007262   0.000009   0.000010  0.0000253  0.0000014    0.000220    0.000153
2008   4   5  54561  -0.053615   0.497079  -0.3671185   0.0019056  -0.056291  -0.006787   0.000010   0.000010  0.0000320  0.0000014    0.000220    0.000153
2008   4   6  54562  -0.050890   0.498778  -0.3690424   0.0018750  -0.056606  -0.006221   0.000011   0.000011  0.0000312  0.0000014    0.000186    0.000134
2008   4   7  54563  -0.047910   0.500494  -0.3708240   0.0015951  -0.057393  -0.006008   0.000008   0.000014  0.0000221  0.0000014    0.000110    0.000083
2008   4   8  54564  -0.045122   0.502463  -0.3722199   0.0012137  -0.058194  -0.006370   0.000007   0.000024  0.0000156  0.0000014    0.000095    0.000084
2008   4   9  54565  -0.042936   0.504777  -0.3732792   0.0008792  -0.058440  -0.006997   0.000007   0.000023  0.0000192  0.0000014    0.000095    0.000084
2008   4  10  54566  -0.041093   0.506877  -0.3740514   0.0006450  -0.058085  -0.007569   0.000008   0.000012  0.0000306  0.0000015    0.000140    0.000102
2008   4  11  54567  -0.038897   0.508686  -0.3746259   0.0005329  -0.057472  -0.007930   0.000008   0.000009  0.0000253  0.0000014    0.000161    0.000107
2008   4  12  54568  -0.036607   0.510400  -0.3751907   0.0005557  -0.057001  -0.008085   0.000011   0.000009  0.0000285  0.0000014    0.000161    0.000107
2008   4  13  54569  -0.034187   0.511896  -0.3757651   0.0006909  -0.056825  -0.008051   0.000017   0.000010  0.0000257  0.0000014    0.000143    0.000101
2008   4  14  54570  -0.031606   0.513002  -0.3765740   0.0009396  -0.056820  -0.007945   0.000010   0.000010  0.0000199  0.0000014    0.000093    0.000081
2008   4  15  54571  -0.029049   0.513854  -0.3776517   0.0011873  -0.056750  -0.007826   0.000008   0.000009  0.0000142  0.0000014    0.000093    0.000080
2008   4  16  54572  -0.026490   0.514628  -0.3789167   0.0013055  -0.056506  -0.007739   0.000010   0.000010  0.0000158  0.0000015    0.000093    0.000081
2008   4  17  54573  -0.023653   0.515698  -0.3802461   0.0013581  -0.056209  -0.007657   0.000010   0.000010  0.0000212  0.0000014    0.000157    0.000129
2008   4  18  54574  -0.020403   0.517384  -0.3816091   0.0013487  -0.056025  -0.007553   0.000008   0.000010  0.0000235  0.0000014    0.000200    0.000156
2008   4  19  54575  -0.016954   0.519417  -0.3829436   0.0012943  -0.055992  -0.007494   0.000008   0.000010  0.0000288  0.0000014    0.000200    0.000156
2008   4  20  54576  -0.013741   0.521654  -0.3841649   0.0011676  -0.055963  -0.007596   0.000007   0.000012  0.0000312  0.0000014    0.000230    0.000158
2008   4  21  54577  -0.010960   0.523852  -0.3852451   0.0009873  -0.055984  -0.007855   0.000007   0.000019  0.0000263  0.0000014    0.000176    0.000133
2008   4  22  54578  -0.008271   0.525843  -0.3861470   0.0008368  -0.055963  -0.008113   0.000007   0.000012  0.0000261  0.0000013    0.000173    0.000132
2008   4  23  54579  -0.005757   0.527505  -0.3869338   0.0007083  -0.055959  -0.008262   0.000007   0.000010  0.0000370  0.0000013    0.000173    0.000132
2008   4  24  54580  -0.003101   0.528468  -0.3875918   0.0006168  -0.055883  -0.008285   0.000007   0.000010  0.0000349  0.0000013    0.000186    0.000134
2008   4  25  54581  -0.000052   0.529183  -0.3881944   0.0005796  -0.055793  -0.008338   0.000007   0.000012  0.0000264  0.0000014    0.000241    0.000138
2008   4  26  54582   0.003070   0.529960  -0.3887900   0.0006008  -0.055727  -0.008485   0.000008   0.000014  0.0000314  0.0000014    0.000246    0.000138
2008   4  27  54583   0.006178   0.530771  -0.3893850   0.0006956  -0.055547  -0.008600   0.000010   0.000013  0.0000338  0.0000014    0.000184    0.000121
2008   4  28  54584   0.009546   0.531807  -0.3902034   0.0008842  -0.055304  -0.008536   0.000009   0.000011  0.0000258  0.0000013    0.000093    0.000075
2008   4  29  54585   0.012905   0.533220  -0.3912164   0.0011521  -0.055101  -0.008347   0.000009   0.000009  0.0000173  0.0000013    0.000099    0.000080
2008   4  30  54586   0.015979   0.534730  -0.3925144   0.0014496  -0.055133  -0.008264   0.000009   0.000009  0.0000212  0.0000013    0.000130    0.000106
2008   5   1  54587   0.018945   0.536072  -0.3941033   0.0016517  -0.055338  -0.008370   0.000007   0.000011  0.0000370  0.0000013    0.000179    0.000149
2008   5   2  54588   0.021729   0.537052  -0.3957762   0.0017791  -0.055489  -0.008430   0.000007   0.000011  0.0000480  0.0000012    0.000197    0.000165
2008   5   3  54589   0.024417   0.537751  -0.3976160   0.0018597  -0.055603  -0.008185   0.000007   0.000012  0.0000405  0.0000012    0.000194    0.000161
2008   5   4  54590   0.027072   0.538356  -0.3994698   0.0018068  -0.056060  -0.007763   0.000007   0.000012  0.0000359  0.0000013    0.000140    0.000109
2008   5   5  54591   0.029983   0.538612  -0.4011514   0.0015759  -0.056728  -0.007553   0.000009   0.000010  0.0000359  0.0000013    0.000140    0.000109
2008   5   6  54592   0.033504   0.538803  -0.4025763   0.0012530  -0.057279  -0.007745   0.000010   0.000012  0.0000334  0.0000012    0.000140    0.000110
2008   5   7  54593   0.036879   0.539339  -0.4036558   0.0009522  -0.057304  -0.008114   0.000010   0.000018  0.0000309  0.0000012    0.000143    0.000117
2008   5   8  54594   0.039759   0.539921  -0.4045499   0.0008151  -0.056936  -0.008379   0.000010   0.000020  0.0000230  0.0000012    0.000153    0.000143
2008   5   9  54595   0.042467   0.540710  -0.4054286   0.0008746  -0.056530  -0.008518   0.000007   0.000021  0.0000315  0.0000012    0.000154    0.000146
2008   5  10  54596   0.044806   0.541524  -0.4063691   0.0010252  -0.056285  -0.008615   0.000007   0.000014  0.0000447  0.0000013    0.000154    0.000145
2008   5  11  54597   0.047303   0.541877  -0.4074534   0.0012699  -0.056204  -0.008617   0.000008   0.000013  0.0000329  0.0000013    0.000109    0.000067
2008   5  12  54598   0.050015   0.542302  -0.4088953   0.0014979  -0.056341  -0.008462   0.000009   0.000012  0.0000215  0.0000013    0.000107    0.000065
2008   5  13  54599   0.052825   0.542615  -0.4104732   0.0016323  -0.056539  -0.008213   0.000011   0.000010  0.0000176  0.0000013    0.000107    0.000065
2008   5  14  54600   0.056360   0.542683  -0.4121417   0.0016840  -0.056640  -0.008041   0.000009   0.000012  0.0000250  0.0000013    0.000108    0.000065
2008   5  15  54601   0.060244   0.542695  -0.4138017   0.0016309  -0.056602  -0.007968   0.000009   0.000022  0.0000301  0.0000013    0.000164    0.000111
2008   5  16  54602   0.064134   0.542688  -0.4154045   0.0015256  -0.056586  -0.007893   0.000010   0.000023  0.0000211  0.0000013    0.000192    0.000143
2008   5  17  54603   0.067952   0.542713  -0.4168357   0.0013180  -0.056719  -0.007781   0.000011   0.000013  0.0000283  0.0000013    0.000192    0.000143
2008   5  18  54604   0.071432   0.542735  -0.4179950   0.0010971  -0.056901  -0.007806   0.000019   0.000010  0.0000421  0.0000014    0.000203    0.000151
2008   5  19  54605   0.074584   0.542766  -0.4190419   0.0008933  -0.057061  -0.008078   0.000024   0.000010  0.0000394  0.0000014    0.000437    0.000297
2008   5  20  54606   0.077667   0.542714  -0.4198165   0.0006440  -0.057104  -0.008534   0.000019   0.000012  0.0000426  0.0000014    0.000440    0.000298
2008   5  21  54607   0.080922   0.542431  -0.4203599   0.0004533  -0.057026  -0.008876   0.000010   0.000012  0.0000525  0.0000014    0.000429    0.000297
2008   5  22  54608   0.084332   0.541937  -0.4207793   0.0003290  -0.056930  -0.008974   0.000010   0.000011  0.0000330  0.0000014    0.000196    0.000216
2008   5  23  54609   0.088187   0.541573  -0.4210412   0.0002795  -0.056979  -0.008916   0.000009   0.000013  0.0000220  0.0000014    0.000182    0.000206
2008   5  24  54610   0.092218   0.541536  -0.4213206   0.0003386  -0.057273  -0.008874   0.000008   0.000013  0.0000300  0.0000015    0.000182    0.000206
2008   5  25  54611   0.096093   0.541381  -0.4217246   0.0004968  -0.057601  -0.008882   0.000010   0.000011  0.0000435  0.0000014    0.000182    0.000192
2008   5  26  54612   0.100024   0.541342  -0.4222990   0.0006968  -0.057729  -0.008779   0.000020   0.000013  0.0000526  0.0000014    0.000253    0.000176
2008   5  27  54613   0.103782   0.541566  -0.4230542   0.0008583  -0.057413  -0.008546   0.000018   0.000013  0.0000441  0.0000014    0.000263    0.000175
2008   5  28  54614   0.107516   0.541495  -0.4240138   0.0010165  -0.057006  -0.008296   0.000009   0.000010  0.0000324  0.0000014    0.000264    0.000175
2008   5  29  54615   0.111242   0.541246  -0.4251535   0.0011760  -0.056738  -0.008175   0.000007   0.000012  0.0000362  0.0000014    0.000300    0.000196
2008   5  30  54616   0.114489   0.540725  -0.4263455   0.0012748  -0.056763  -0.008126   0.000007   0.000012  0.0000356  0.0000014    0.000616    0.000345
2008   5  31  54617   0.117315   0.540139  -0.4275781   0.0012271  -0.057107  -0.007995   0.000009   0.000010  0.0000500  0.0000014    0.000685    0.000368
2008   6   1  54618   0.119959   0.539820  -0.4287452   0.0010419  -0.057697  -0.007856   0.000010   0.000010  0.0000453  0.0000014    0.000251    0.000217
2008   6   2  54619   0.122622   0.539305  -0.4296804   0.0008136  -0.058446  -0.007890   0.000011   0.000010  0.0000249  0.0000014    0.000097    0.000094
2008   6   3  54620   0.125631   0.538525  -0.4303408   0.0005642  -0.058984  -0.008168   0.000019   0.000012  0.0000178  0.0000014    0.000117    0.000104
2008   6   4  54621   0.129040   0.537463  -0.4307707   0.0003693  -0.059064  -0.008370   0.000024   0.000012  0.0000225  0.0000013    0.000176    0.000155
2008   6   5  54622   0.132809   0.536175  -0.4310981   0.0003044  -0.058688  -0.008210   0.000025   0.000013  0.0000348  0.0000013    0.000371    0.000269
2008   6   6  54623   0.136458   0.534993  -0.4314388   0.0003545  -0.058613  -0.008243   0.000020   0.000013  0.0000208  0.0000014    0.000201    0.000142
2008   6   7  54624   0.139883   0.533833  -0.4319046   0.0005317  -0.058466  -0.008456   0.000011   0.000012  0.0000260  0.0000014    0.000197    0.000139
2008   6   8  54625   0.143258   0.532823  -0.4325423   0.0007200  -0.058332  -0.008703   0.000011   0.000010  0.0000497  0.0000014    0.000202    0.000135
2008   6   9  54626   0.146553   0.531775  -0.4333234   0.0008475  -0.058469  -0.008662   0.000020   0.000009  0.0000275  0.0000014    0.000244    0.000117
2008   6  10  54627   0.150166   0.530557  -0.4342575   0.0009809  -0.058979  -0.008240   0.000018   0.000009  0.0000153  0.0000014    0.000239    0.000122
2008   6  11  54628   0.153705   0.529301  -0.4352647   0.0009904  -0.059605  -0.007681   0.000010   0.000012  0.0000163  0.0000014    0.000224    0.000144
2008   6  12  54629   0.157075   0.527729  -0.4361931   0.0008367  -0.059934  -0.007283   0.000009   0.000023  0.0000277  0.0000014    0.000216    0.000167
2008   6  13  54630   0.160588   0.526134  -0.4369430   0.0006543  -0.059941  -0.007138   0.000009   0.000023  0.0000552  0.0000014    0.000215    0.000173
2008   6  14  54631   0.163902   0.524779  -0.4375020   0.0004597  -0.059891  -0.007202   0.000007   0.000013  0.0000581  0.0000014    0.000204    0.000154
2008   6  15  54632   0.166782   0.523391  -0.4378377   0.0002497  -0.059944  -0.007466   0.000007   0.000013  0.0000514  0.0000013    0.000126    0.000071
2008   6  16  54633   0.169555   0.521987  -0.4380038   0.0001268  -0.060063  -0.007931   0.000007   0.000020  0.0000210  0.0000013    0.000126    0.000071
2008   6  17  54634   0.172444   0.520664  -0.4380594   0.0000323  -0.060142  -0.008457   0.000009   0.000013  0.0000127  0.0000012    0.000126    0.000071
2008   6  18  54635   0.175192   0.519138  -0.4380325  -0.0000463  -0.060144  -0.008769   0.000015   0.000013  0.0000169  0.0000013    0.000135    0.000076
2008   6  19  54636   0.177786   0.517494  -0.4379630  -0.0000713  -0.060102  -0.008698   0.000010   0.000020  0.0000323  0.0000012    0.000257    0.000177
2008   6  20  54637   0.180430   0.515915  -0.4379043  -0.0000432  -0.060097  -0.008354   0.000010   0.000013  0.0000243  0.0000013    0.000179    0.000130
2008   6  21  54638   0.183605   0.514425  -0.4379194   0.0000890  -0.060260  -0.008021   0.000018   0.000012  0.0000298  0.0000013    0.000144    0.000104
2008   6  22  54639   0.187013   0.512956  -0.4381071   0.0002898  -0.060594  -0.007885   0.000023   0.000012  0.0000465  0.0000013    0.000138    0.000102
2008   6  23  54640   0.190277   0.511407  -0.4385288   0.0005457  -0.060903  -0.007927   0.000018   0.000012  0.0000381  0.0000013    0.000185    0.000212
2008   6  24  54641   0.193401   0.509965  -0.4391957   0.0007709  -0.060973  -0.008008   0.000010   0.000013  0.0000299  0.0000014    0.000197    0.000223
2008   6  25  54642   0.196490   0.508452  -0.4400671   0.0009346  -0.060795  -0.008054   0.000010   0.000014  0.0000373  0.0000014    0.000261    0.000271
2008   6  26  54643   0.199475   0.507168  -0.4410481   0.0010297  -0.060901  -0.008114   0.000016   0.000024  0.0000406  0.0000014    0.000473    0.000388
2008   6  27  54644   0.201835   0.505865  -0.4420667   0.0009967  -0.061518  -0.008173   0.000010   0.000024  0.0000279  0.0000014    0.000591    0.000454
2008   6  28  54645   0.204215   0.504068  -0.4429941   0.0008784  -0.062415  -0.008054   0.000010   0.000014  0.0000334  0.0000014    0.000523    0.000440
2008   6  29  54646   0.206558   0.502154  -0.4437828   0.0007024  -0.063239  -0.007822   0.000017   0.000011  0.0000486  0.0000014    0.000352    0.000201
2008   6  30  54647   0.208746   0.499913  -0.4443982   0.0004931  -0.063574  -0.007744   0.000010   0.000014  0.0000280  0.0000015    0.000166    0.000079
2008   7   1  54648   0.211207   0.497565  -0.4447532   0.0002798  -0.063198  -0.007943   0.000008   0.000014  0.0000192  0.0000015    0.000166    0.000079
2008   7   2  54649   0.213599   0.495394  -0.4449369   0.0001451  -0.062405  -0.008267   0.000010   0.000011  0.0000256  0.0000015    0.000184    0.000091
2008   7   3  54650   0.216115   0.493310  -0.4450828   0.0001730  -0.061864  -0.008460   0.000010   0.000014  0.0000507  0.0000015    0.000291    0.000200
2008   7   4  54651   0.218853   0.491262  -0.4453562   0.0003448  -0.061960  -0.008482   0.000011   0.000025  0.0000587  0.0000014    0.000304    0.000228
2008   7   5  54652   0.221710   0.489121  -0.4458310   0.0005432  -0.062417  -0.008466   0.000020   0.000025  0.0000638  0.0000014    0.000304    0.000228
2008   7   6  54653   0.224671   0.487296  -0.4464744   0.0007104  -0.062747  -0.008411   0.000027   0.000013  0.0000602  0.0000015    0.000173    0.000104
2008   7   7  54654   0.227267   0.485516  -0.4472545   0.0008080  -0.062945  -0.008190   0.000021   0.000010  0.0000400  0.0000015    0.000171    0.000102
2008   7   8  54655   0.229613   0.483320  -0.4480621   0.0007596  -0.063359  -0.007835   0.000011   0.000010  0.0000315  0.0000015    0.000187    0.000112
2008   7   9  54656   0.231902   0.481187  -0.4487510   0.0006389  -0.064189  -0.007584   0.000011   0.000010  0.0000387  0.0000014    0.000277    0.000172
2008   7  10  54657   0.234161   0.479244  -0.4493245   0.0004900  -0.064722  -0.007635   0.000020   0.000013  0.0000433  0.0000014    0.000286    0.000227
2008   7  11  54658   0.236498   0.477332  -0.4497312   0.0002750  -0.064577  -0.007901   0.000021   0.000022  0.0000335  0.0000014    0.000211    0.000161
2008   7  12  54659   0.238786   0.475018  -0.4498641   0.0000318  -0.064406  -0.008053   0.000011   0.000014  0.0000405  0.0000014    0.000193    0.000143
2008   7  13  54660   0.241228   0.472521  -0.4498040  -0.0001695  -0.064454  -0.008026   0.000008   0.000010  0.0000543  0.0000014    0.000178    0.000112
2008   7  14  54661   0.243374   0.469978  -0.4495447  -0.0003065  -0.064561  -0.008013   0.000008   0.000012  0.0000226  0.0000014    0.000131    0.000061
2008   7  15  54662   0.245311   0.467009  -0.4491875  -0.0003870  -0.064673  -0.008145   0.000010   0.000012  0.0000138  0.0000014    0.000131    0.000061
2008   7  16  54663   0.247854   0.464131  -0.4487812  -0.0003970  -0.064868  -0.008327   0.000016   0.000009  0.0000179  0.0000014    0.000154    0.000072
2008   7  17  54664   0.250612   0.461620  -0.4484149  -0.0003311  -0.065245  -0.008331   0.000010   0.000009  0.0000418  0.0000013    0.000402    0.000267
2008   7  18  54665   0.252929   0.459184  -0.4481623  -0.0001979  -0.065751  -0.008074   0.000008   0.000009  0.0000424  0.0000014    0.000266    0.000248
2008   7  19  54666   0.254963   0.456639  -0.4480689   0.0000019  -0.066133  -0.007721   0.000008   0.000009  0.0000513  0.0000014    0.000219    0.000204
2008   7  20  54667   0.257197   0.453837  -0.4482059   0.0002637  -0.066296  -0.007512   0.000010   0.000009  0.0000635  0.0000014    0.000190    0.000131
2008   7  21  54668   0.259627   0.450947  -0.4486067   0.0005129  -0.066326  -0.007548   0.000017   0.000010  0.0000291  0.0000014    0.000127    0.000060
2008   7  22  54669   0.262216   0.447684  -0.4492297   0.0006827  -0.066315  -0.007752   0.000011   0.000009  0.0000188  0.0000014    0.000127    0.000060
2008   7  23  54670   0.265099   0.444193  -0.4499521   0.0007559  -0.066318  -0.007976   0.000011   0.000009  0.0000246  0.0000014    0.000136    0.000065
2008   7  24  54671   0.267771   0.440773  -0.4507186   0.0007698  -0.066390  -0.008105   0.000020   0.000009  0.0000392  0.0000014    0.000381    0.000242
2008   7  25  54672   0.270285   0.437444  -0.4514702   0.0007079  -0.066583  -0.008093   0.000024   0.000009  0.0000284  0.0000014    0.000307    0.000269
2008   7  26  54673   0.272824   0.434848  -0.4520990   0.0005449  -0.066831  -0.007980   0.000024   0.000009  0.0000352  0.0000014    0.000247    0.000216
2008   7  27  54674   0.274997   0.432444  -0.4525148   0.0003214  -0.067004  -0.007888   0.000025   0.000010  0.0000577  0.0000016    0.000208    0.000147
2008   7  28  54675   0.276728   0.429716  -0.4527192   0.0001032  -0.067033  -0.007935   0.000021   0.000013  0.0000219  0.0000017    0.000141    0.000072
2008   7  29  54676   0.278251   0.426859  -0.4527688   0.0000016  -0.067004  -0.008107   0.000011   0.000014  0.0000126  0.0000016    0.000152    0.000078
2008   7  30  54677   0.279455   0.424114  -0.4527463   0.0000165  -0.067147  -0.008235   0.000008   0.000014  0.0000163  0.0000016    0.000212    0.000115
2008   7  31  54678   0.280196   0.421388  -0.4528043   0.0001105  -0.067120  -0.008184   0.000008   0.000021  0.0000390  0.0000015    0.000339    0.000198
2008   8   1  54679   0.281057   0.418325  -0.4530167   0.0002910  -0.066908  -0.007993   0.000008   0.000014  0.0000396  0.0000015    0.000333    0.000148
2008   8   2  54680   0.282267   0.415116  -0.4534440   0.0005112  -0.066717  -0.007815   0.000008   0.000011  0.0000463  0.0000015    0.000330    0.000145
2008   8   3  54681   0.283668   0.411649  -0.4540562   0.0006899  -0.066635  -0.007748   0.000009   0.000014  0.0000565  0.0000014    0.000254    0.000112
2008   8   4  54682   0.285284   0.408122  -0.4548322   0.0007935  -0.066893  -0.007762   0.000011   0.000021  0.0000322  0.0000014    0.000133    0.000060
2008   8   5  54683   0.286903   0.404698  -0.4556212   0.0007415  -0.067676  -0.007809   0.000011   0.000013  0.0000211  0.0000014    0.000145    0.000065
2008   8   6  54684   0.288567   0.401356  -0.4562935   0.0005971  -0.068736  -0.007893   0.000012   0.000010  0.0000275  0.0000015    0.000219    0.000098
2008   8   7  54685   0.289985   0.398458  -0.4568056   0.0004063  -0.069587  -0.007981   0.000017   0.000012  0.0000430  0.0000015    0.000449    0.000200
2008   8   8  54686   0.290736   0.395608  -0.4571419   0.0002186  -0.069933  -0.007972   0.000010   0.000012  0.0000301  0.0000015    0.000360    0.000161
2008   8   9  54687   0.291419   0.392708  -0.4572848   0.0000835  -0.069861  -0.007812   0.000008   0.000010  0.0000371  0.0000015    0.000352    0.000157
2008   8  10  54688   0.291926   0.389552  -0.4572770  -0.0000598  -0.069596  -0.007605   0.000008   0.000012  0.0000592  0.0000015    0.000297    0.000144
2008   8  11  54689   0.292381   0.386046  -0.4571615  -0.0001703  -0.069279  -0.007515   0.000007   0.000013  0.0000590  0.0000015    0.000101    0.000065
2008   8  12  54690   0.292757   0.382737  -0.4569337  -0.0002279  -0.068950  -0.007626   0.000007   0.000012  0.0000614  0.0000014    0.000099    0.000066
2008   8  13  54691   0.292973   0.379398  -0.4567215  -0.0001734  -0.068631  -0.007841   0.000007   0.000012  0.0000655  0.0000014    0.000089    0.000069
2008   8  14  54692   0.293045   0.376415  -0.4566076  -0.0000600  -0.068685  -0.007961   0.000008   0.000013  0.0000646  0.0000014    0.000072    0.000054
2008   8  15  54693   0.292934   0.373462  -0.4566320   0.0000882  -0.068939  -0.007869   0.000010   0.000024  0.0000612  0.0000014    0.000075    0.000056
2008   8  16  54694   0.293593   0.370648  -0.4568158   0.0002596  -0.068967  -0.007703   0.000010   0.000026  0.0000607  0.0000014    0.000105    0.000091
2008   8  17  54695   0.294237   0.368120  -0.4571515   0.0004325  -0.068984  -0.007630   0.000008   0.000014  0.0000636  0.0000014    0.000124    0.000109
2008   8  18  54696   0.294451   0.365156  -0.4577068   0.0006508  -0.069100  -0.007669   0.000008   0.000010  0.0000634  0.0000014    0.000106    0.000083
2008   8  19  54697   0.294800   0.361915  -0.4584629   0.0008212  -0.069344  -0.007728   0.000010   0.000009  0.0000650  0.0000014    0.000106    0.000081
2008   8  20  54698   0.295364   0.358777  -0.4593116   0.0008562  -0.069651  -0.007777   0.000010   0.000009  0.0000694  0.0000014    0.000115    0.000093
2008   8  21  54699   0.296119   0.355698  -0.4601259   0.0007449  -0.069858  -0.007823   0.000010   0.000009  0.0000702  0.0000015    0.000077    0.000063
2008   8  22  54700   0.297015   0.352356  -0.4607930   0.0005544  -0.069887  -0.007795   0.000010   0.000009  0.0000711  0.0000015    0.000069    0.000061
2008   8  23  54701   0.298046   0.349121  -0.4612558   0.0003490  -0.069848  -0.007734   0.000010   0.000009  0.0000715  0.0000015    0.000087    0.000085
2008   8  24  54702   0.298587   0.346176  -0.4615030   0.0001685  -0.069762  -0.007757   0.000017   0.000010  0.0000724  0.0000015    0.000093    0.000096
2008   8  25  54703   0.298217   0.343120  -0.4615989   0.0000464  -0.069504  -0.007871   0.000011   0.000010  0.0000622  0.0000015    0.000084    0.000083
2008   8  26  54704   0.297840   0.339545  -0.4616540   0.0000753  -0.069295  -0.007944   0.000008   0.000010  0.0000544  0.0000016    0.000099    0.000082
2008   8  27  54705   0.298080   0.335928  -0.4617878   0.0002203  -0.069259  -0.007941   0.000010   0.000010  0.0000560  0.0000016    0.000151    0.000099
2008   8  28  54706   0.298240   0.332655  -0.4620706   0.0003709  -0.069280  -0.007879   0.000011   0.000010  0.0000529  0.0000016    0.000187    0.000114
2008   8  29  54707   0.298282   0.329554  -0.4625432   0.0006040  -0.069296  -0.007730   0.000012   0.000013  0.0000401  0.0000016    0.000187    0.000119
2008   8  30  54708   0.298470   0.326229  -0.4633211   0.0008742  -0.069216  -0.007540   0.000022   0.000022  0.0000476  0.0000016    0.000187    0.000119
2008   8  31  54709   0.298633   0.322419  -0.4642939   0.0010148  -0.069068  -0.007391   0.000028   0.000013  0.0000668  0.0000015    0.000218    0.000139
2008   9   1  54710   0.298683   0.318600  -0.4653507   0.0010416  -0.069063  -0.007343   0.000026   0.000010  0.0000570  0.0000014    0.000708    0.000446
2008   9   2  54711   0.298909   0.314724  -0.4663807   0.0009685  -0.069424  -0.007407   0.000020   0.000013  0.0000201  0.0000014    0.000274    0.000147
2008   9   3  54712   0.299209   0.310903  -0.4672705   0.0007939  -0.070128  -0.007524   0.000010   0.000012  0.0000126  0.0000014    0.000128    0.000073
2008   9   4  54713   0.299095   0.307295  -0.4679758   0.0005885  -0.070802  -0.007642   0.000008   0.000009  0.0000164  0.0000014    0.000096    0.000064
2008   9   5  54714   0.298665   0.303576  -0.4684813   0.0003896  -0.071063  -0.007705   0.000007   0.000009  0.0000323  0.0000014    0.000113    0.000084
2008   9   6  54715   0.298273   0.299970  -0.4687921   0.0002304  -0.070864  -0.007602   0.000007   0.000009  0.0000429  0.0000014    0.000154    0.000121
2008   9   7  54716   0.297886   0.296479  -0.4689678   0.0001240  -0.070358  -0.007423   0.000008   0.000009  0.0000581  0.0000014    0.000165    0.000122
2008   9   8  54717   0.297544   0.293090  -0.4690765   0.0001193  -0.069785  -0.007356   0.000010   0.000009  0.0000284  0.0000014    0.000145    0.000079
2008   9   9  54718   0.297280   0.289856  -0.4692109   0.0002026  -0.069370  -0.007460   0.000010   0.000009  0.0000174  0.0000014    0.000155    0.000085
2008   9  10  54719   0.296890   0.286725  -0.4694613   0.0003152  -0.069219  -0.007619   0.000007   0.000009  0.0000227  0.0000014    0.000208    0.000129
2008   9  11  54720   0.296463   0.283808  -0.4698574   0.0004876  -0.069289  -0.007699   0.000007   0.000009  0.0000416  0.0000014    0.000306    0.000251
2008   9  12  54721   0.295818   0.280850  -0.4704777   0.0007674  -0.069511  -0.007677   0.000009   0.000009  0.0000315  0.0000014    0.000241    0.000192
2008   9  13  54722   0.294482   0.277778  -0.4714111   0.0010887  -0.069685  -0.007613   0.000009   0.000011  0.0000385  0.0000014    0.000230    0.000181
2008   9  14  54723   0.292810   0.274626  -0.4726444   0.0013392  -0.069688  -0.007571   0.000008   0.000012  0.0000594  0.0000014    0.000830    0.000643
2008   9  15  54724   0.291474   0.271355  -0.4741048   0.0015288  -0.069608  -0.007543   0.000008   0.000010  0.0000359  0.0000014    0.000539    0.000360
2008   9  16  54725   0.290463   0.268227  -0.4757071   0.0016196  -0.069651  -0.007485   0.000008   0.000010  0.0000233  0.0000015    0.000286    0.000191
2008   9  17  54726   0.289400   0.265112  -0.4773281   0.0015700  -0.069952  -0.007387   0.000008   0.000012  0.0000303  0.0000015    0.000276    0.000184
2008   9  18  54727   0.287859   0.261747  -0.4787923   0.0013719  -0.070421  -0.007277   0.000008   0.000012  0.0000393  0.0000015    0.000219    0.000147
2008   9  19  54728   0.285992   0.258237  -0.4800172   0.0010899  -0.070790  -0.007180   0.000011   0.000010  0.0000250  0.0000014    0.000211    0.000142
2008   9  20  54729   0.284171   0.254692  -0.4809872   0.0008457  -0.070830  -0.007101   0.000010   0.000010  0.0000307  0.0000014    0.000211    0.000142
2008   9  21  54730   0.282221   0.251283  -0.4816989   0.0006472  -0.070513  -0.007052   0.000008   0.000013  0.0000499  0.0000013    0.000187    0.000133
2008   9  22  54731   0.280175   0.247889  -0.4822768   0.0005653  -0.070010  -0.007054   0.000007   0.000023  0.0000286  0.0000012    0.000122    0.000101
2008   9  23  54732   0.278318   0.244363  -0.4828558   0.0006046  -0.069537  -0.007145   0.000007   0.000026  0.0000183  0.0000012    0.000130    0.000109
2008   9  24  54733   0.276539   0.240956  -0.4835158   0.0007094  -0.069196  -0.007332   0.000007   0.000022  0.0000241  0.0000012    0.000172    0.000146
2008   9  25  54734   0.274739   0.237689  -0.4843159   0.0009283  -0.069097  -0.007384   0.000007   0.000013  0.0000399  0.0000012    0.000229    0.000158
2008   9  26  54735   0.273025   0.234466  -0.4853677   0.0011673  -0.069123  -0.007256   0.000007   0.000013  0.0000292  0.0000012    0.000210    0.000107
2008   9  27  54736   0.271307   0.231100  -0.4866201   0.0013171  -0.069113  -0.007056   0.000007   0.000023  0.0000360  0.0000012    0.000208    0.000105
2008   9  28  54737   0.269795   0.227972  -0.4879928   0.0014170  -0.069073  -0.006845   0.000009   0.000023  0.0000479  0.0000012    0.000178    0.000104
2008   9  29  54738   0.268291   0.225434  -0.4894212   0.0014014  -0.069075  -0.006708   0.000010   0.000013  0.0000218  0.0000013    0.000106    0.000095
2008   9  30  54739   0.266465   0.222886  -0.4907808   0.0012868  -0.069163  -0.006732   0.000008   0.000013  0.0000139  0.0000013    0.000106    0.000096
2008  10   1  54740   0.264567   0.220353  -0.4919925   0.0011037  -0.069343  -0.006902   0.000010   0.000020  0.0000190  0.0000014    0.000125    0.000112
2008  10   2  54741   0.262465   0.217735  -0.4929896   0.0008659  -0.069587  -0.007101   0.000010   0.000013  0.0000386  0.0000014    0.000328    0.000265
2008  10   3  54742   0.259825   0.215043  -0.4937436   0.0006396  -0.069778  -0.007192   0.000008   0.000010  0.0000297  0.0000014    0.000226    0.000165
2008  10   4  54743   0.256833   0.212359  -0.4942886   0.0004520  -0.069682  -0.007112   0.000008   0.000010  0.0000347  0.0000014    0.000187    0.000136
2008  10   5  54744   0.254321   0.209799  -0.4946807   0.0003635  -0.069240  -0.006986   0.000007   0.000009  0.0000438  0.0000014    0.000188    0.000135
2008  10   6  54745   0.252102   0.207630  -0.4950254   0.0003379  -0.068646  -0.006977   0.000007   0.000008  0.0000329  0.0000012    0.000274    0.000180
2008  10   7  54746   0.249678   0.205626  -0.4953586   0.0003955  -0.068124  -0.007082   0.000006   0.000010  0.0000235  0.0000011    0.000298    0.000196
2008  10   8  54747   0.247169   0.203518  -0.4958384   0.0005662  -0.067737  -0.007142   0.000007   0.000017  0.0000304  0.0000012    0.000379    0.000272
2008  10   9  54748   0.244815   0.200856  -0.4965254   0.0007798  -0.067673  -0.007138   0.000007   0.000010  0.0000396  0.0000012    0.000248    0.000218
2008  10  10  54749   0.242350   0.197893  -0.4974181   0.0010087  -0.068041  -0.007166   0.000006   0.000008  0.0000266  0.0000012    0.000152    0.000129
2008  10  11  54750   0.239642   0.194748  -0.4985493   0.0012481  -0.068525  -0.007200   0.000007   0.000008  0.0000327  0.0000013    0.000131    0.000109
2008  10  12  54751   0.237086   0.191760  -0.4999174   0.0014546  -0.068865  -0.007191   0.000009   0.000010  0.0000521  0.0000014    0.000127    0.000106
2008  10  13  54752   0.234771   0.189187  -0.5014458   0.0015652  -0.068942  -0.007058   0.000016   0.000013  0.0000491  0.0000013    0.000171    0.000118
2008  10  14  54753   0.232513   0.186853  -0.5030225   0.0015748  -0.068770  -0.006775   0.000010   0.000013  0.0000340  0.0000013    0.000177    0.000119
2008  10  15  54754   0.229761   0.184753  -0.5045323   0.0014579  -0.068538  -0.006522   0.000008   0.000013  0.0000236  0.0000013    0.000177    0.000119
2008  10  16  54755   0.227026   0.182529  -0.5059199   0.0012974  -0.068392  -0.006475   0.000007   0.000011  0.0000298  0.0000013    0.000186    0.000131
2008  10  17  54756   0.224417   0.180348  -0.5071361   0.0011323  -0.068292  -0.006573   0.000007   0.000009  0.0000414  0.0000013    0.000217    0.000192
2008  10  18  54757   0.221608   0.177889  -0.5081579   0.0009792  -0.068151  -0.006606   0.000007   0.000009  0.0000451  0.0000013    0.000219    0.000199
2008  10  19  54758   0.218908   0.175231  -0.5090665   0.0009541  -0.067970  -0.006499   0.000008   0.000009  0.0000422  0.0000014    0.000185    0.000146
2008  10  20  54759   0.216214   0.172842  -0.5100322   0.0010202  -0.067787  -0.006357   0.000007   0.000009  0.0000210  0.0000013    0.000108    0.000072
2008  10  21  54760   0.213653   0.170616  -0.5111117   0.0011567  -0.067603  -0.006304   0.000007   0.000009  0.0000133  0.0000013    0.000108    0.000072
2008  10  22  54761   0.211283   0.168748  -0.5123381   0.0013189  -0.067395  -0.006350   0.000007   0.000009  0.0000178  0.0000013    0.000108    0.000072
2008  10  23  54762   0.208404   0.166909  -0.5137491   0.0014811  -0.067157  -0.006422   0.000007   0.000011  0.0000375  0.0000013    0.000178    0.000127
2008  10  24  54763   0.204986   0.164942  -0.5153291   0.0016254  -0.066911  -0.006443   0.000007   0.000022  0.0000337  0.0000014    0.000222    0.000171
2008  10  25  54764   0.201207   0.162562  -0.5169811   0.0016527  -0.066727  -0.006346   0.000008   0.000029  0.0000396  0.0000013    0.000222    0.000171
2008  10  26  54765   0.197758   0.159959  -0.5186123   0.0016011  -0.066671  -0.006118   0.000010   0.000024  0.0000635  0.0000014    0.000221    0.000173
2008  10  27  54766   0.195243   0.157946  -0.5202056   0.0015485  -0.066740  -0.005853   0.000017   0.000012  0.0000483  0.0000014    0.000209    0.000184
2008  10  28  54767   0.193290   0.156742  -0.5216960   0.0014244  -0.066874  -0.005710   0.000010   0.000012  0.0000348  0.0000014    0.000209    0.000184
2008  10  29  54768   0.191164   0.155880  -0.5230065   0.0011802  -0.067027  -0.005795   0.000008   0.000024  0.0000387  0.0000014    0.000209    0.000184
2008  10  30  54769   0.188430   0.154427  -0.5240846   0.0009594  -0.067182  -0.006046   0.000007   0.000031  0.0000469  0.0000014    0.000302    0.000204
2008  10  31  54770   0.185660   0.152975  -0.5249660   0.0008133  -0.067243  -0.006261   0.000007   0.000032  0.0000331  0.0000014    0.000345    0.000209
2008  11   1  54771   0.182588   0.151540  -0.5256965   0.0006688  -0.067049  -0.006287   0.000008   0.000026  0.0000297  0.0000014    0.000345    0.000209
2008  11   2  54772   0.179411   0.149706  -0.5263177   0.0006225  -0.066550  -0.006176   0.000008   0.000015  0.0000403  0.0000014    0.000248    0.000155
2008  11   3  54773   0.176480   0.148523  -0.5269350   0.0006354  -0.065936  -0.006100   0.000008   0.000014  0.0000242  0.0000015    0.000121    0.000078
2008  11   4  54774   0.173273   0.147798  -0.5275935   0.0006654  -0.065480  -0.006132   0.000008   0.000014  0.0000142  0.0000014    0.000122    0.000078
2008  11   5  54775   0.169764   0.146769  -0.5283096   0.0007778  -0.065264  -0.006155   0.000008   0.000014  0.0000170  0.0000014    0.000143    0.000092
2008  11   6  54776   0.166493   0.145662  -0.5291555   0.0009397  -0.065221  -0.006023   0.000008   0.000012  0.0000254  0.0000014    0.000444    0.000304
2008  11   7  54777   0.163790   0.144795  -0.5301897   0.0011339  -0.065318  -0.005771   0.000008   0.000010  0.0000314  0.0000014    0.000350    0.000245
2008  11   8  54778   0.160883   0.143918  -0.5314327   0.0013472  -0.065473  -0.005597   0.000008   0.000010  0.0000365  0.0000014    0.000291    0.000203
2008  11   9  54779   0.157697   0.143046  -0.5328911   0.0015613  -0.065672  -0.005611   0.000010   0.000010  0.0000401  0.0000015    0.000257    0.000170
2008  11  10  54780   0.154056   0.142298  -0.5345185   0.0016575  -0.065864  -0.005686   0.000011   0.000010  0.0000228  0.0000015    0.000175    0.000107
2008  11  11  54781   0.150256   0.141179  -0.5361812   0.0016347  -0.065964  -0.005656   0.000009   0.000013  0.0000168  0.0000015    0.000175    0.000107
2008  11  12  54782   0.146723   0.140329  -0.5377942   0.0015116  -0.065920  -0.005554   0.000009   0.000012  0.0000210  0.0000015    0.000175    0.000107
2008  11  13  54783   0.142569   0.139420  -0.5392040   0.0012668  -0.065670  -0.005547   0.000008   0.000010  0.0000276  0.0000015    0.000175    0.000126
2008  11  14  54784   0.138286   0.138015  -0.5403138   0.0009907  -0.065213  -0.005623   0.000008   0.000010  0.0000253  0.0000015    0.000175    0.000131
2008  11  15  54785   0.134488   0.136903  -0.5411751   0.0007974  -0.064785  -0.005597   0.000009   0.000011  0.0000303  0.0000015    0.000175    0.000131
2008  11  16  54786   0.130895   0.136201  -0.5419325   0.0008240  -0.064703  -0.005421   0.000009   0.000015  0.0000465  0.0000015    0.000185    0.000140
2008  11  17  54787   0.126956   0.135811  -0.5427774   0.0009640  -0.064956  -0.005291   0.000011   0.000024  0.0000436  0.0000016    0.000478    0.000780
2008  11  18  54788   0.123260   0.135483  -0.5438702   0.0012239  -0.065179  -0.005342   0.000011   0.000014  0.0000430  0.0000015    0.000495    0.000673
2008  11  19  54789   0.120568   0.135153  -0.5452889   0.0015683  -0.065111  -0.005426   0.000011   0.000011  0.0000500  0.0000015    0.000536    0.000481
2008  11  20  54790   0.118512   0.135221  -0.5469498   0.0017596  -0.064800  -0.005355   0.000022   0.000012  0.0000484  0.0000015    0.000391    0.000290
2008  11  21  54791   0.116955   0.135542  -0.5487688   0.0018520  -0.064544  -0.005142   0.000023   0.000012  0.0000402  0.0000015    0.000246    0.000183
2008  11  22  54792   0.115396   0.136064  -0.5506440   0.0018678  -0.064540  -0.004945   0.000013   0.000010  0.0000457  0.0000015    0.000241    0.000180
2008  11  23  54793   0.113331   0.136326  -0.5524731   0.0017588  -0.064716  -0.004835   0.000014   0.000011  0.0000599  0.0000015    0.000220    0.000169
2008  11  24  54794   0.110898   0.136679  -0.5541758   0.0016088  -0.064898  -0.004756   0.000024   0.000010  0.0000360  0.0000015    0.000152    0.000127
2008  11  25  54795   0.107875   0.137389  -0.5557035   0.0014607  -0.064924  -0.004667   0.000029   0.000010  0.0000231  0.0000016    0.000162    0.000133
2008  11  26  54796   0.104393   0.137226  -0.5570760   0.0013080  -0.064742  -0.004634   0.000029   0.000013  0.0000256  0.0000016    0.000208    0.000163
2008  11  27  54797   0.101223   0.136602  -0.5583175   0.0011549  -0.064586  -0.004778   0.000029   0.000014  0.0000436  0.0000015    0.000330    0.000244
2008  11  28  54798   0.098312   0.136283  -0.5593852   0.0010220  -0.064503  -0.005016   0.000028   0.000014  0.0000691  0.0000015    0.000720    0.000812
2008  11  29  54799   0.095124   0.135972  -0.5603262   0.0009250  -0.064336  -0.005146   0.000028   0.000015  0.0000633  0.0000015    0.000831    0.001587
2008  11  30  54800   0.091651   0.135657  -0.5611941   0.0008735  -0.064047  -0.005110   0.000029   0.000016  0.0000474  0.0000015    0.000207    0.000247
2008  12   1  54801   0.088214   0.135400  -0.5620864   0.0009277  -0.063687  -0.004997   0.000021   0.000023  0.0000244  0.0000015    0.000117    0.000136
2008  12   2  54802   0.084636   0.135265  -0.5630625   0.0010399  -0.063346  -0.004878   0.000011   0.000013  0.0000157  0.0000014    0.000127    0.000147
2008  12   3  54803   0.080514   0.135198  -0.5641272   0.0011013  -0.063062  -0.004702   0.000011   0.000010  0.0000197  0.0000014    0.000180    0.000211
2008  12   4  54804   0.075970   0.135125  -0.5653013   0.0012450  -0.063103  -0.004508   0.000021   0.000012  0.0000357  0.0000014    0.000284    0.000248
2008  12   5  54805   0.071784   0.135296  -0.5666532   0.0014649  -0.063348  -0.004354   0.000027   0.000013  0.0000314  0.0000015    0.000237    0.000154
2008  12   6  54806   0.068104   0.135402  -0.5681879   0.0016065  -0.063555  -0.004347   0.000029   0.000010  0.0000355  0.0000015    0.000234    0.000151
2008  12   7  54807   0.064622   0.135224  -0.5698303   0.0016892  -0.063744  -0.004553   0.000031   0.000011  0.0000422  0.0000015    0.000234    0.000151
2008  12   8  54808   0.061481   0.134665  -0.5715214   0.0016468  -0.063934  -0.004800   0.000029   0.000014  0.0000332  0.0000015    0.000127    0.000087
2008  12   9  54809   0.059065   0.134344  -0.5731128   0.0014806  -0.064078  -0.004843   0.000027   0.000023  0.0000231  0.0000015    0.000123    0.000085
2008  12  10  54810   0.056681   0.134920  -0.5744886   0.0012615  -0.064126  -0.004699   0.000028   0.000013  0.0000195  0.0000015    0.000124    0.000085
2008  12  11  54811   0.053628   0.135076  -0.5756288   0.0009882  -0.063964  -0.004607   0.000028   0.000010  0.0000275  0.0000015    0.000136    0.000095
2008  12  12  54812   0.050458   0.134610  -0.5764898   0.0007562  -0.063468  -0.004625   0.000022   0.000013  0.0000271  0.0000015    0.000200    0.000150
2008  12  13  54813   0.047244   0.134519  -0.5771525   0.0006771  -0.062849  -0.004544   0.000012   0.000015  0.0000280  0.0000015    0.000208    0.000157
2008  12  14  54814   0.044730   0.134383  -0.5778550   0.0008047  -0.062619  -0.004291   0.000012   0.000015  0.0000318  0.0000015    0.000197    0.000131
2008  12  15  54815   0.042798   0.134553  -0.5787737   0.0010602  -0.062944  -0.004137   0.000012   0.000014  0.0000217  0.0000015    0.000150    0.000076
2008  12  16  54816   0.040105   0.134967  -0.5799209   0.0012706  -0.063365  -0.004318   0.000012   0.000015  0.0000127  0.0000016    0.000150    0.000076
2008  12  17  54817   0.036846   0.135126  -0.5812555   0.0013806  -0.063387  -0.004652   0.000011   0.000027  0.0000144  0.0000016    0.000151    0.000087
2008  12  18  54818   0.033676   0.135528  -0.5826919   0.0014448  -0.063088  -0.004763   0.000009   0.000034  0.0000370  0.0000016    0.000162    0.000193
2008  12  19  54819   0.030509   0.136099  -0.5841327   0.0014476  -0.062851  -0.004568   0.000011   0.000034  0.0000301  0.0000016    0.000199    0.000205
2008  12  20  54820   0.027492   0.136620  -0.5855089   0.0013357  -0.062730  -0.004364   0.000020   0.000029  0.0000308  0.0000016    0.000245    0.000200
2008  12  21  54821   0.024445   0.137422  -0.5867294   0.0011115  -0.062691  -0.004346   0.000013   0.000016  0.0000413  0.0000016    0.000227    0.000178
2008  12  22  54822   0.021192   0.138212  -0.5877454   0.0009134  -0.062828  -0.004407   0.000013   0.000012  0.0000272  0.0000016    0.000144    0.000118
2008  12  23  54823   0.017888   0.138746  -0.5885801   0.0007343  -0.063197  -0.004381   0.000012   0.000012  0.0000180  0.0000016    0.000155    0.000127
2008  12  24  54824   0.014497   0.139074  -0.5892161   0.0005284  -0.063679  -0.004286   0.000012   0.000012  0.0000242  0.0000016    0.000227    0.000187
2008  12  25  54825   0.010815   0.139527  -0.5896185   0.0003366  -0.064008  -0.004303   0.000012   0.000014  0.0000569  0.0000016    0.000445    0.000379
2008  12  26  54826   0.006686   0.139969  -0.5898603   0.0002187  -0.064088  -0.004468   0.000009   0.000015  0.0000724  0.0000016    0.000650    0.000584
2008  12  27  54827   0.002802   0.140529  -0.5900578   0.0002346  -0.063966  -0.004594   0.000009   0.000013  0.0000592  0.0000016    0.000468    0.000364
2008  12  28  54828  -0.001039   0.141784  -0.5903146   0.0002837  -0.063642  -0.004515   0.000013   0.000013  0.0000503  0.0000015    0.000147    0.000104
2008  12  29  54829  -0.005305   0.143150  -0.5906663   0.0003833  -0.063114  -0.004301   0.000019   0.000015  0.0000329  0.0000015    0.000148    0.000105
2008  12  30  54830  -0.009634   0.144194  -0.5911490   0.0005723  -0.062550  -0.004128   0.000011   0.000014  0.0000231  0.0000014    0.000158    0.000113
2008  12  31  54831  -0.013453   0.145106  -0.5918671   0.0008261  -0.062169  -0.004064   0.000009   0.000013  0.0000284  0.0000015    0.000217    0.000161
