

                   INTERNATIONAL EARTH ROTATION SERVICE
                        EARTH ROTATION PARAMETERS
                          EOP (IERS) C04

  
             FORMAT(3(I4),I7,2(F11.6),2(F12.7),2(F12.6),2(F11.6),2(F12.7),2F12.6)
**********************************************************************************
  
      Date      MJD      x          y        UT1-UTC       LOD         dPsi    dEpsilon     x Err     y Err   UT1-UTC Err  Lod Err    dPsi Err   dEpsilon Err
                         "          "           s           s            "         "        "          "          s           s            "         "
     (0h UTC)

1988   1   1  47161  -0.025415   0.414104   0.3644945   0.0011809  -0.004364   0.003316   0.001625   0.001556  0.0000809  0.0000758    0.000734    0.000252
1988   1   2  47162  -0.024552   0.415228   0.3633686   0.0011053  -0.004476   0.003026   0.002120   0.002085  0.0000708  0.0000758    0.001005    0.000302
1988   1   3  47163  -0.022738   0.415971   0.3622534   0.0011357  -0.004216   0.002619   0.001386   0.001374  0.0000707  0.0000730    0.001043    0.000309
1988   1   4  47164  -0.019438   0.417042   0.3610670   0.0012163  -0.003608   0.002283   0.001047   0.001044  0.0000752  0.0000864    0.001055    0.000326
1988   1   5  47165  -0.015895   0.418177   0.3597954   0.0012857  -0.002517   0.002183   0.001215   0.001252  0.0001022  0.0001175    0.001099    0.000411
1988   1   6  47166  -0.013790   0.418712   0.3584785   0.0013331  -0.001626   0.002218   0.002199   0.001689  0.0001598  0.0001213    0.001104    0.000508
1988   1   7  47167  -0.012442   0.419051   0.3571219   0.0014096  -0.001235   0.002281   0.000685   0.000315  0.0001404  0.0001467    0.000554    0.000188
1988   1   8  47168  -0.011175   0.419547   0.3556623   0.0015610  -0.001372   0.002432   0.000464   0.000217  0.0001336  0.0001372    0.000550    0.000185
1988   1   9  47169  -0.009728   0.420074   0.3540120   0.0017756  -0.002066   0.002901   0.000605   0.000324  0.0001339  0.0001444    0.000774    0.000260
1988   1  10  47170  -0.007469   0.419934   0.3521297   0.0019531  -0.002265   0.003044   0.000884   0.000636  0.0001553  0.0001822    0.001223    0.000416
1988   1  11  47171  -0.005607   0.419622   0.3501279   0.0019718  -0.002060   0.002866   0.001170   0.000693  0.0002305  0.0002165    0.001271    0.000437
1988   1  12  47172  -0.005179   0.420361   0.3482095   0.0018324  -0.001900   0.002754   0.001491   0.000978  0.0002777  0.0002054    0.001111    0.000324
1988   1  13  47173  -0.003242   0.421077   0.3464861   0.0016313  -0.002279   0.002623   0.001232   0.000866  0.0001803  0.0001877    0.000935    0.000256
1988   1  14  47174  -0.001082   0.422456   0.3449663   0.0014561  -0.003664   0.002789   0.000919   0.000824  0.0000977  0.0001403    0.000857    0.000263
1988   1  15  47175  -0.000297   0.423760   0.3435836   0.0013271  -0.004238   0.002654   0.001118   0.000954  0.0001003  0.0001226    0.000981    0.000319
1988   1  16  47176  -0.000203   0.424247   0.3423039   0.0012100  -0.004000   0.002243   0.001034   0.000709  0.0001475  0.0000994    0.001086    0.000355
1988   1  17  47177   0.001077   0.424317   0.3411321   0.0011033  -0.003511   0.001850   0.000594   0.000440  0.0000986  0.0001330    0.000649    0.000215
1988   1  18  47178   0.002710   0.424580   0.3400467   0.0010796  -0.002794   0.001835   0.000538   0.000340  0.0001184  0.0000962    0.000642    0.000211
1988   1  19  47179   0.004016   0.425207   0.3389186   0.0012156  -0.002489   0.002176   0.000627   0.000449  0.0000938  0.0001007    0.000831    0.000250
1988   1  20  47180   0.005356   0.424905   0.3375788   0.0014813  -0.002688   0.002446   0.000772   0.000785  0.0000831  0.0000892    0.000968    0.000331
1988   1  21  47181   0.006773   0.424455   0.3359526   0.0017446  -0.002811   0.002438   0.001050   0.001163  0.0000847  0.0000997    0.000957    0.000409
1988   1  22  47182   0.008458   0.424785   0.3341218   0.0018739  -0.002795   0.002159   0.000546   0.000433  0.0001163  0.0000920    0.000617    0.000221
1988   1  23  47183   0.010315   0.425802   0.3322601   0.0018311  -0.002946   0.001969   0.000370   0.000293  0.0000993  0.0000917    0.000611    0.000200
1988   1  24  47184   0.012150   0.426872   0.3305176   0.0016864  -0.003740   0.002431   0.000435   0.000389  0.0000670  0.0000787    0.000713    0.000181
1988   1  25  47185   0.014366   0.427797   0.3289305   0.0015086  -0.004377   0.002775   0.000523   0.000561  0.0000580  0.0000632    0.000808    0.000172
1988   1  26  47186   0.016871   0.428469   0.3275206   0.0013006  -0.004608   0.002680   0.001742   0.001531  0.0000593  0.0000695    0.000778    0.000178
1988   1  27  47187   0.019133   0.428920   0.3263278   0.0010637  -0.004482   0.002321   0.001091   0.001156  0.0000811  0.0000738    0.000623    0.000249
1988   1  28  47188   0.021055   0.429044   0.3253760   0.0008332  -0.004145   0.002022   0.000623   0.000735  0.0000883  0.0001066    0.000666    0.000271
1988   1  29  47189   0.023233   0.428412   0.3246348   0.0006742  -0.003867   0.002125   0.000975   0.001173  0.0001320  0.0001735    0.000880    0.000407
1988   1  30  47190   0.026011   0.428478   0.3239966   0.0006321  -0.003618   0.002256   0.001935   0.002781  0.0002586  0.0002479    0.001181    0.000817
1988   1  31  47191   0.028707   0.429203   0.3233393   0.0007032  -0.003417   0.002247   0.002303   0.004632  0.0003638  0.0001714    0.001275    0.001191
1988   2   1  47192   0.031372   0.430001   0.3225623   0.0008598  -0.003257   0.002148   0.001789   0.002048  0.0000842  0.0002226    0.001053    0.000270
1988   2   2  47193   0.034227   0.430466   0.3215989   0.0010690  -0.003047   0.002093   0.001345   0.001480  0.0000813  0.0000829    0.001028    0.000260
1988   2   3  47194   0.037236   0.430621   0.3204134   0.0013001  -0.002632   0.002122   0.000893   0.000952  0.0000815  0.0000818    0.000954    0.000259
1988   2   4  47195   0.040487   0.430436   0.3189987   0.0015245  -0.001900   0.002104   0.000814   0.000837  0.0000822  0.0000821    0.000791    0.000253
1988   2   5  47196   0.042835   0.431153   0.3173750   0.0017155  -0.001181   0.002080   0.001019   0.001021  0.0000827  0.0000820    0.000716    0.000249
1988   2   6  47197   0.045154   0.432275   0.3155866   0.0018528  -0.000711   0.002103   0.001330   0.001321  0.0000818  0.0000785    0.000729    0.000253
1988   2   7  47198   0.047512   0.433155   0.3136933   0.0019269  -0.000549   0.002179   0.000898   0.001041  0.0000743  0.0000780    0.001206    0.000315
1988   2   8  47199   0.049127   0.433835   0.3117579   0.0019397  -0.000698   0.002240   0.000877   0.001021  0.0000743  0.0000743    0.001210    0.000316
1988   2   9  47200   0.049551   0.434729   0.3098367   0.0018984  -0.000904   0.001774   0.000886   0.001028  0.0000743  0.0000756    0.001210    0.000316
1988   2  10  47201   0.049954   0.435141   0.3079788   0.0018044  -0.001243   0.001110   0.001557   0.001306  0.0000770  0.0000883    0.000982    0.000307
1988   2  11  47202   0.051361   0.434568   0.3062372   0.0016550  -0.001672   0.000710   0.001299   0.001003  0.0001023  0.0000932    0.000576    0.000271
1988   2  12  47203   0.053391   0.433534   0.3046653   0.0014692  -0.002217   0.000905   0.000776   0.000658  0.0001095  0.0001274    0.000609    0.000277
1988   2  13  47204   0.054865   0.434733   0.3032772   0.0013157  -0.003109   0.001754   0.000657   0.000690  0.0001526  0.0002153    0.000797    0.000316
1988   2  14  47205   0.053911   0.435336   0.3019932   0.0012964  -0.003939   0.002135   0.000978   0.001137  0.0003212  0.0004932    0.001463    0.000521
1988   2  15  47206   0.052842   0.433610   0.3006318   0.0014752  -0.004035   0.001878   0.003167   0.002595  0.0008338  0.0004291    0.003525    0.001305
1988   2  16  47207   0.054430   0.431919   0.2989948   0.0018188  -0.003204   0.001497   0.002795   0.002294  0.0005370  0.0004864    0.004189    0.000811
1988   2  17  47208   0.057225   0.431581   0.2969705   0.0022197  -0.002049   0.001523   0.001481   0.001202  0.0001389  0.0003079    0.001855    0.000366
1988   2  18  47209   0.058805   0.431704   0.2945685   0.0025615  -0.001337   0.001828   0.000971   0.000732  0.0000789  0.0001246    0.001150    0.000229
1988   2  19  47210   0.060214   0.430903   0.2918948   0.0027593  -0.001385   0.001927   0.001297   0.001054  0.0001103  0.0000928    0.001480    0.000321
1988   2  20  47211   0.061990   0.429978   0.2891146   0.0027697  -0.001849   0.001749   0.000924   0.001002  0.0001066  0.0000969    0.000862    0.000299
1988   2  21  47212   0.063970   0.429910   0.2864144   0.0025995  -0.002566   0.001559   0.000629   0.000679  0.0000835  0.0000914    0.000657    0.000234
1988   2  22  47213   0.065402   0.430605   0.2839517   0.0023057  -0.003433   0.001470   0.000563   0.000614  0.0000763  0.0000797    0.000753    0.000259
1988   2  23  47214   0.066166   0.430375   0.2818109   0.0019722  -0.003851   0.001264   0.000601   0.000660  0.0000759  0.0000833    0.000927    0.000299
1988   2  24  47215   0.066653   0.428600   0.2799922   0.0016748  -0.003274   0.000821   0.000740   0.000776  0.0000904  0.0000916    0.001075    0.000320
1988   2  25  47216   0.066833   0.428602   0.2784330   0.0014615  -0.002368   0.000407   0.001191   0.001120  0.0001074  0.0000960    0.001228    0.000338
1988   2  26  47217   0.067152   0.430239   0.2770362   0.0013532  -0.001684   0.000261   0.003101   0.001907  0.0001016  0.0000859    0.001200    0.000313
1988   2  27  47218   0.068135   0.430632   0.2756937   0.0013523  -0.001306   0.000345   0.000865   0.000816  0.0000645  0.0000830    0.000878    0.000204
1988   2  28  47219   0.069660   0.430223   0.2743018   0.0014486  -0.001190   0.000480   0.000651   0.000631  0.0000645  0.0000645    0.000877    0.000204
1988   2  29  47220   0.071513   0.430200   0.2727725   0.0016197  -0.001041   0.000545   0.000959   0.000900  0.0000645  0.0000645    0.000877    0.000204
1988   3   1  47221   0.073565   0.430612   0.2710469   0.0018308  -0.001070   0.000664   0.002316   0.001760  0.0000645  0.0000658    0.000878    0.000204
1988   3   2  47222   0.075937   0.431168   0.2691061   0.0020394  -0.001367   0.000924   0.004637   0.003977  0.0000671  0.0000659    0.001084    0.000239
1988   3   3  47223   0.078558   0.431804   0.2669747   0.0022056  -0.001824   0.001216   0.001459   0.001269  0.0000674  0.0000672    0.001106    0.000242
1988   3   4  47224   0.080961   0.432504   0.2647116   0.0023041  -0.002323   0.001348   0.000717   0.000618  0.0000674  0.0000674    0.001106    0.000242
1988   3   5  47225   0.082754   0.433052   0.2623905   0.0023296  -0.003096   0.001297   0.000880   0.000760  0.0000674  0.0000674    0.001106    0.000242
1988   3   6  47226   0.084094   0.433463   0.2600802   0.0022885  -0.003761   0.001141   0.002861   0.002557  0.0000674  0.0000723    0.001106    0.000242
1988   3   7  47227   0.085522   0.433737   0.2578401   0.0021865  -0.003968   0.000981   0.003781   0.003220  0.0000773  0.0000729    0.000729    0.000276
1988   3   8  47228   0.087647   0.433531   0.2557279   0.0020236  -0.003524   0.000817   0.000776   0.000584  0.0000785  0.0000788    0.000711    0.000280
1988   3   9  47229   0.090454   0.432697   0.2538039   0.0018023  -0.002412   0.000599   0.000803   0.000604  0.0000804  0.0000833    0.000695    0.000286
1988   3  10  47230   0.093545   0.431464   0.2521217   0.0015415  -0.000727   0.000350   0.001061   0.000800  0.0000880  0.0000877    0.000648    0.000306
1988   3  11  47231   0.096049   0.430212   0.2507042   0.0012856   0.000584   0.000281   0.001625   0.001383  0.0000950  0.0000944    0.000620    0.000324
1988   3  12  47232   0.098737   0.429360   0.2495184   0.0010997   0.000979   0.000361   0.001939   0.002186  0.0001007  0.0001763    0.000642    0.000328
1988   3  13  47233   0.102161   0.428802   0.2484603   0.0010527   0.000476   0.000295   0.001219   0.001981  0.0002576  0.0001539    0.001571    0.000332
1988   3  14  47234   0.105209   0.427911   0.2473657   0.0011847  -0.000556  -0.000078   0.000975   0.001595  0.0002071  0.0001990    0.001393    0.000332
1988   3  15  47235   0.107161   0.426515   0.2460561   0.0014784  -0.001591  -0.000675   0.000794   0.001202  0.0001404  0.0001623    0.001058    0.000331
1988   3  16  47236   0.109245   0.425196   0.2444019   0.0018381  -0.002021  -0.000714   0.000704   0.001027  0.0001175  0.0001028    0.000915    0.000325
1988   3  17  47237   0.111945   0.424757   0.2424078   0.0021242  -0.001928  -0.000204   0.000417   0.000508  0.0000652  0.0000913    0.000522    0.000195
1988   3  18  47238   0.114474   0.425187   0.2402098   0.0022369  -0.001692   0.000271   0.000415   0.000499  0.0000650  0.0000777    0.000518    0.000190
1988   3  19  47239   0.116137   0.425396   0.2379996   0.0021670  -0.001540   0.000320   0.000557   0.000658  0.0000902  0.0001192    0.000680    0.000227
1988   3  20  47240   0.118079   0.422702   0.2359288   0.0019653  -0.001563  -0.000266   0.001019   0.001167  0.0001735  0.0002264    0.000940    0.000313
1988   3  21  47241   0.120130   0.419519   0.2340946   0.0016971  -0.001644  -0.000795   0.002548   0.002754  0.0003627  0.0002195    0.001036    0.000400
1988   3  22  47242   0.121610   0.417704   0.2325308   0.0014297  -0.001573  -0.001008   0.005147   0.004867  0.0002656  0.0002325    0.000992    0.000347
1988   3  23  47243   0.122421   0.417144   0.2312104   0.0012181  -0.001217  -0.001042   0.000802   0.000766  0.0001024  0.0001840    0.000734    0.000186
1988   3  24  47244   0.123161   0.416710   0.2300604   0.0010943  -0.000697  -0.000850   0.000714   0.000682  0.0001023  0.0001024    0.000734    0.000186
1988   3  25  47245   0.124618   0.415168   0.2289871   0.0010708  -0.000332  -0.000592   0.000814   0.000777  0.0001023  0.0001023    0.000734    0.000186
1988   3  26  47246   0.126691   0.412991   0.2278878   0.0011436  -0.000228  -0.000277   0.003117   0.002871  0.0001023  0.0000891    0.000734    0.000186
1988   3  27  47247   0.128662   0.411496   0.2266743   0.0012925  -0.000231  -0.000076   0.005548   0.005026  0.0000759  0.0000884    0.000693    0.000248
1988   3  28  47248   0.130090   0.410796   0.2252847   0.0014899  -0.000203  -0.000098   0.000783   0.000832  0.0000745  0.0000752    0.000690    0.000256
1988   3  29  47249   0.130998   0.410020   0.2236857   0.0017079  -0.000187  -0.000231   0.000797   0.000846  0.0000745  0.0000745    0.000690    0.000256
1988   3  30  47250   0.131673   0.408588   0.2218707   0.0019207  -0.000235  -0.000310   0.001073   0.001136  0.0000745  0.0000744    0.000690    0.000256
1988   3  31  47251   0.132206   0.407220   0.2198566   0.0021031  -0.000343  -0.000285   0.002222   0.002338  0.0000743  0.0000719    0.000692    0.000255
1988   4   1  47252   0.132683   0.406306   0.2176854   0.0022291  -0.000444  -0.000260   0.001779   0.002154  0.0000692  0.0000717    0.000750    0.000233
1988   4   2  47253   0.132968   0.405711   0.2154254   0.0022751  -0.000544  -0.000318   0.000693   0.000840  0.0000692  0.0000692    0.000750    0.000233
1988   4   3  47254   0.132910   0.404800   0.2131642   0.0022295  -0.000747  -0.000324   0.000559   0.000678  0.0000692  0.0000692    0.000750    0.000233
1988   4   4  47255   0.132568   0.403181   0.2109921   0.0021020  -0.001043  -0.000173   0.000926   0.001119  0.0000692  0.0000693    0.000750    0.000233
1988   4   5  47256   0.132209   0.401133   0.2089768   0.0019251  -0.001274   0.000021   0.007061   0.006692  0.0000695  0.0000939    0.000750    0.000234
1988   4   6  47257   0.132165   0.399226   0.2071445   0.0017441  -0.001354   0.000112   0.006236   0.005247  0.0001186  0.0000941    0.000766    0.000315
1988   4   7  47258   0.132659   0.397610   0.2054749   0.0016035  -0.001280  -0.000053   0.001043   0.000911  0.0001186  0.0001185    0.000766    0.000316
1988   4   8  47259   0.133625   0.396197   0.2039091   0.0015365  -0.001064  -0.000523   0.000946   0.000830  0.0001185  0.0001160    0.000765    0.000315
1988   4   9  47260   0.134762   0.394874   0.2023632   0.0015639  -0.000654  -0.001381   0.000952   0.000771  0.0001134  0.0001107    0.000698    0.000305
1988   4  10  47261   0.136104   0.393548   0.2007398   0.0016961  -0.000150  -0.002222   0.001059   0.000756  0.0001029  0.0001077    0.000584    0.000282
1988   4  11  47262   0.137625   0.392046   0.1989369   0.0019340   0.000387  -0.002529   0.001348   0.001059  0.0001020  0.0000930    0.000579    0.000281
1988   4  12  47263   0.138555   0.390314   0.1968561   0.0022453   0.000783  -0.002344   0.001320   0.000994  0.0000831  0.0000900    0.000642    0.000261
1988   4  13  47264   0.139018   0.388434   0.1944578   0.0025462   0.000853  -0.001866   0.000714   0.000525  0.0000781  0.0000776    0.000589    0.000237
1988   4  14  47265   0.139742   0.386503   0.1918032   0.0027238   0.000392  -0.001443   0.000454   0.000361  0.0000722  0.0000791    0.000455    0.000192
1988   4  15  47266   0.141159   0.384096   0.1890678   0.0027126   0.000267  -0.001145   0.000447   0.000364  0.0000801  0.0001611    0.000470    0.000200
1988   4  16  47267   0.143115   0.381628   0.1864359   0.0025315   0.000512  -0.001037   0.001688   0.001394  0.0002500  0.0001213    0.001592    0.000564
1988   4  17  47268   0.145018   0.380065   0.1840451   0.0022356   0.000553  -0.000982   0.002281   0.001926  0.0001626  0.0001743    0.001481    0.000482
1988   4  18  47269   0.146889   0.379289   0.1819770   0.0018880   0.000047  -0.001034   0.001025   0.000879  0.0000986  0.0001392    0.000885    0.000305
1988   4  19  47270   0.148907   0.378781   0.1802546   0.0015423  -0.001264  -0.001276   0.000971   0.000920  0.0001159  0.0001211    0.001044    0.000317
1988   4  20  47271   0.150623   0.377971   0.1788612   0.0012607  -0.002202  -0.001621   0.001128   0.001468  0.0001437  0.0001406    0.001267    0.000298
1988   4  21  47272   0.152241   0.376299   0.1776969   0.0011077  -0.002179  -0.001897   0.000823   0.001767  0.0001654  0.0001399    0.001274    0.000263
1988   4  22  47273   0.154259   0.374410   0.1766126   0.0010954  -0.001104  -0.001960   0.000787   0.001155  0.0001362  0.0001255    0.001065    0.000301
1988   4  23  47274   0.154700   0.374534   0.1754794   0.0011835   0.000279  -0.001841   0.000708   0.000810  0.0000856  0.0001047    0.000854    0.000278
1988   4  24  47275   0.155074   0.375052   0.1742265   0.0013191   0.000936  -0.001829   0.000660   0.000741  0.0000733  0.0000807    0.000787    0.000255
1988   4  25  47276   0.156688   0.373679   0.1728304   0.0014648   0.000844  -0.001974   0.002030   0.001894  0.0000759  0.0001652    0.000822    0.000265
1988   4  26  47277   0.158998   0.370203   0.1712956   0.0016012   0.000520  -0.002056   0.004505   0.002898  0.0002572  0.0001257    0.002441    0.000824
1988   4  27  47278   0.160673   0.366672   0.1696365   0.0017252   0.000316  -0.001866   0.001629   0.001981  0.0001756  0.0001838    0.001651    0.000807
1988   4  28  47279   0.160973   0.366311   0.1678621   0.0018437   0.000783  -0.001298   0.001020   0.001438  0.0001104  0.0001432    0.001034    0.000744
1988   4  29  47280   0.160502   0.367210   0.1659725   0.0019434   0.001046  -0.001008   0.001351   0.001949  0.0001108  0.0002772    0.001034    0.000801
1988   4  30  47281   0.160072   0.366600   0.1640023   0.0019778   0.000899  -0.001157   0.004355   0.006089  0.0004441  0.0003585    0.003616    0.001241
1988   5   1  47282   0.160980   0.364195   0.1620440   0.0018977   0.000379  -0.001519   0.004046   0.003799  0.0006062  0.0003095    0.003194    0.000912
1988   5   2  47283   0.163982   0.362046   0.1602285   0.0016987  -0.000391  -0.001741   0.001167   0.001272  0.0001748  0.0003510    0.001227    0.000466
1988   5   3  47284   0.167915   0.361059   0.1586558   0.0014449  -0.001278  -0.001603   0.000653   0.000782  0.0000957  0.0001495    0.000816    0.000331
1988   5   4  47285   0.169655   0.359855   0.1573304   0.0012347  -0.002107  -0.001323   0.000880   0.001069  0.0001242  0.0002485    0.001113    0.000452
1988   5   5  47286   0.169445   0.359136   0.1561602   0.0011426  -0.002537  -0.001137   0.002810   0.002740  0.0004012  0.0006317    0.003448    0.000994
1988   5   6  47287   0.169112   0.358124   0.1550067   0.0011898  -0.002318  -0.001136   0.008117   0.005708  0.0011391  0.0002858    0.004043    0.001092
1988   5   7  47288   0.169370   0.356319   0.1537398   0.0013533  -0.001314  -0.001298   0.001428   0.001764  0.0001705  0.0006139    0.001518    0.000514
1988   5   8  47289   0.170026   0.353948   0.1522680   0.0015889   0.000177  -0.001557   0.000756   0.000939  0.0000887  0.0001285    0.000848    0.000289
1988   5   9  47290   0.170560   0.351658   0.1505468   0.0018536   0.001131  -0.001806   0.000743   0.000923  0.0000866  0.0000876    0.000829    0.000282
1988   5  10  47291   0.170977   0.349775   0.1485678   0.0021027   0.001359  -0.001960   0.001794   0.002215  0.0000866  0.0000749    0.000828    0.000282
1988   5  11  47292   0.171717   0.348347   0.1463707   0.0022811   0.001015  -0.001962   0.005365   0.005503  0.0000631  0.0000742    0.000527    0.000318
1988   5  12  47293   0.173032   0.347168   0.1440514   0.0023382   0.000324  -0.001806   0.000938   0.000968  0.0000619  0.0000625    0.000514    0.000322
1988   5  13  47294   0.174540   0.345602   0.1417457   0.0022520  -0.000396  -0.001567   0.000501   0.000517  0.0000619  0.0000619    0.000514    0.000322
1988   5  14  47295   0.175658   0.343078   0.1395903   0.0020425  -0.000333  -0.001343   0.000491   0.000506  0.0000619  0.0000628    0.000514    0.000322
1988   5  15  47296   0.176196   0.340297   0.1376833   0.0017670   0.000059  -0.001252   0.000513   0.000520  0.0000638  0.0000703    0.000532    0.000283
1988   5  16  47297   0.176374   0.338501   0.1360538   0.0014960   0.000391  -0.001338   0.000743   0.000633  0.0000788  0.0000720    0.000688    0.000191
1988   5  17  47298   0.176424   0.338105   0.1346674   0.0012803   0.000487  -0.001554   0.000779   0.000665  0.0000802  0.0000841    0.000710    0.000204
1988   5  18  47299   0.176308   0.338263   0.1334582   0.0011378   0.000099  -0.001806   0.000954   0.000841  0.0000894  0.0001022    0.000815    0.000280
1988   5  19  47300   0.175987   0.336053   0.1323562   0.0010606   0.000039  -0.001817   0.001210   0.001203  0.0001242  0.0001150    0.000980    0.000387
1988   5  20  47301   0.175633   0.333547   0.1313075   0.0010479   0.000003  -0.001612   0.001359   0.001426  0.0001406  0.0001038    0.001007    0.000353
1988   5  21  47302   0.175308   0.331634   0.1302397   0.0011143  -0.000033  -0.001449   0.000790   0.000713  0.0000833  0.0001175    0.000768    0.000244
1988   5  22  47303   0.176114   0.329450   0.1290674   0.0012515   0.000245  -0.001628   0.000895   0.000716  0.0000943  0.0001041    0.000745    0.000257
1988   5  23  47304   0.176617   0.327429   0.1277343   0.0014211   0.000612  -0.001858   0.001528   0.000886  0.0001250  0.0002471    0.000761    0.000286
1988   5  24  47305   0.176329   0.325562   0.1262315   0.0015786   0.000830  -0.001847   0.001384   0.000559  0.0004000  0.0003476    0.000907    0.000344
1988   5  25  47306   0.176199   0.323836   0.1245911   0.0016928   0.000887  -0.001665   0.001381   0.000539  0.0005702  0.0003041    0.000920    0.000349
1988   5  26  47307   0.176322   0.322212   0.1228656   0.0017500   0.000678  -0.001408   0.003664   0.001753  0.0002082  0.0003197    0.000893    0.000345
1988   5  27  47308   0.175887   0.320437   0.1211143   0.0017455   0.000233  -0.001228   0.001434   0.001211  0.0000692  0.0001386    0.000719    0.000318
1988   5  28  47309   0.174718   0.318587   0.1193988   0.0016782  -0.000243  -0.001247   0.000826   0.000700  0.0000691  0.0000692    0.000719    0.000317
1988   5  29  47310   0.173129   0.316866   0.1177799   0.0015479  -0.000467  -0.001532   0.000815   0.000690  0.0000691  0.0000691    0.000719    0.000317
1988   5  30  47311   0.171533   0.315260   0.1163172   0.0013643  -0.000512  -0.001897   0.000889   0.000755  0.0000691  0.0000673    0.000719    0.000317
1988   5  31  47312   0.170236   0.313477   0.1150506   0.0011586  -0.000552  -0.002196   0.003192   0.003096  0.0000655  0.0000671    0.000551    0.000273
1988   6   1  47313   0.169276   0.311331   0.1139799   0.0009804  -0.000668  -0.002381   0.001345   0.001262  0.0000652  0.0000653    0.000542    0.000270
1988   6   2  47314   0.168464   0.309046   0.1130522   0.0008843  -0.000810  -0.002421   0.000744   0.000694  0.0000652  0.0000653    0.000542    0.000270
1988   6   3  47315   0.167982   0.306963   0.1121664   0.0009100  -0.001054  -0.002155   0.000903   0.000841  0.0000655  0.0000883    0.000543    0.000269
1988   6   4  47316   0.167275   0.305050   0.1111946   0.0010590  -0.001232  -0.001799   0.001435   0.001224  0.0001114  0.0001054    0.000650    0.000219
1988   6   5  47317   0.166274   0.303267   0.1100305   0.0012862  -0.001330  -0.001557   0.000956   0.000768  0.0001453  0.0001120    0.000684    0.000212
1988   6   6  47318   0.165597   0.301791   0.1086295   0.0015172  -0.001262  -0.001641   0.000691   0.000630  0.0001126  0.0001122    0.000682    0.000227
1988   6   7  47319   0.165336   0.300451   0.1070257   0.0016786  -0.001110  -0.001931   0.000473   0.000480  0.0000791  0.0000952    0.000677    0.000290
1988   6   8  47320   0.165315   0.298802   0.1053157   0.0017231  -0.001061  -0.002118   0.000473   0.000482  0.0000778  0.0000784    0.000677    0.000296
1988   6   9  47321   0.165334   0.296761   0.1036259   0.0016368  -0.001121  -0.002097   0.001437   0.001461  0.0000777  0.0000710    0.000677    0.000296
1988   6  10  47322   0.165176   0.294598   0.1020812   0.0014342  -0.001314  -0.001877   0.005459   0.005423  0.0000643  0.0000706    0.000543    0.000224
1988   6  11  47323   0.164717   0.292705   0.1007808   0.0011533  -0.001643  -0.001554   0.000892   0.000905  0.0000635  0.0000639    0.000536    0.000220
1988   6  12  47324   0.164395   0.290891   0.0997778   0.0008487  -0.001975  -0.001299   0.000576   0.000585  0.0000635  0.0000635    0.000536    0.000220
1988   6  13  47325   0.164532   0.288872   0.0990668   0.0005881  -0.002064  -0.001305   0.000782   0.000823  0.0000635  0.0000635    0.000536    0.000220
1988   6  14  47326   0.164755   0.286647   0.0985711   0.0004278  -0.001885  -0.001503   0.001608   0.002431  0.0000635  0.0000781    0.000536    0.000220
1988   6  15  47327   0.164876   0.284467   0.0981755   0.0003855  -0.001550  -0.001704   0.002824   0.004000  0.0000928  0.0000801    0.000764    0.000388
1988   6  16  47328   0.165275   0.282739   0.0977676   0.0004383  -0.001213  -0.001742   0.001505   0.001246  0.0000966  0.0000929    0.000797    0.000410
1988   6  17  47329   0.165793   0.281565   0.0972748   0.0005391  -0.000986  -0.001598   0.000797   0.000640  0.0000931  0.0000826    0.000812    0.000339
1988   6  18  47330   0.165456   0.280211   0.0966756   0.0006371  -0.000859  -0.001433   0.000739   0.000550  0.0000685  0.0000643    0.000799    0.000227
1988   6  19  47331   0.163891   0.277594   0.0959969   0.0007196  -0.001496  -0.001243   0.000394   0.000291  0.0000355  0.0000494    0.000525    0.000179
1988   6  20  47332   0.163199   0.274590   0.0952418   0.0008040  -0.002200  -0.001212   0.000330   0.000245  0.0000304  0.0000569    0.000459    0.000181
1988   6  21  47333   0.164218   0.272242   0.0944021   0.0008820  -0.002367  -0.001347   0.000829   0.000637  0.0000784  0.0000670    0.000908    0.000445
1988   6  22  47334   0.164529   0.269904   0.0934962   0.0009231  -0.002694  -0.001346   0.001045   0.000979  0.0001036  0.0000912    0.000913    0.000522
1988   6  23  47335   0.164447   0.267686   0.0925768   0.0008978  -0.003774  -0.001120   0.000903   0.000877  0.0001041  0.0001144    0.000837    0.000383
1988   6  24  47336   0.165332   0.265340   0.0917218   0.0007981  -0.004887  -0.001046   0.001246   0.001204  0.0001252  0.0001097    0.000851    0.000346
1988   6  25  47337   0.166864   0.263508   0.0910000   0.0006414  -0.005389  -0.001265   0.002552   0.002116  0.0001153  0.0000966    0.000884    0.000240
1988   6  26  47338   0.168064   0.262435   0.0904537   0.0004506  -0.005200  -0.001554   0.001174   0.000651  0.0000680  0.0000916    0.001125    0.000156
1988   6  27  47339   0.168692   0.261016   0.0901035   0.0002491  -0.004411  -0.001717   0.001069   0.000592  0.0000680  0.0000680    0.001126    0.000156
1988   6  28  47340   0.168862   0.258545   0.0899440   0.0000670  -0.003745  -0.001449   0.001590   0.000896  0.0000680  0.0000680    0.001126    0.000156
1988   6  29  47341   0.168849   0.256164   0.0899386  -0.0000514  -0.003307  -0.001180   0.003830   0.002350  0.0000680  0.0000734    0.001126    0.000156
1988   6  30  47342   0.168978   0.254527   0.0900013  -0.0000545  -0.003102  -0.001002   0.004515   0.004367  0.0000789  0.0000740    0.000726    0.000336
1988   7   1  47343   0.169135   0.253136   0.0900013   0.0000872  -0.003103  -0.000886   0.001950   0.001983  0.0000801  0.0000797    0.000702    0.000405
1988   7   2  47344   0.168861   0.251306   0.0897975   0.0003556  -0.003396  -0.000840   0.000936   0.000946  0.0000805  0.0000880    0.000705    0.000406
1988   7   3  47345   0.168104   0.248766   0.0892898   0.0006733  -0.004237  -0.001087   0.000603   0.000648  0.0000959  0.0002094    0.000789    0.000417
1988   7   4  47346   0.167057   0.246882   0.0884804   0.0009339  -0.005174  -0.001482   0.000465   0.000514  0.0003384  0.0002492    0.001334    0.000446
1988   7   5  47347   0.166181   0.246662   0.0874710   0.0010605  -0.005458  -0.001537   0.000733   0.000750  0.0004025  0.0002583    0.001402    0.000412
1988   7   6  47348   0.165203   0.244977   0.0864117   0.0010282  -0.005879  -0.001396   0.001421   0.001188  0.0001783  0.0002524    0.001373    0.000357
1988   7   7  47349   0.166626   0.241946   0.0854562   0.0008536  -0.006443  -0.001121   0.000942   0.000814  0.0001022  0.0001347    0.001057    0.000319
1988   7   8  47350   0.168295   0.239175   0.0847277   0.0005705  -0.006730  -0.001032   0.000681   0.000641  0.0000911  0.0000989    0.000788    0.000210
1988   7   9  47351   0.168055   0.237002   0.0843182   0.0002593  -0.006935  -0.001059   0.000780   0.000769  0.0000956  0.0001272    0.000713    0.000180
1988   7  10  47352   0.166237   0.234940   0.0841945   0.0000461  -0.007196  -0.001115   0.001368   0.001541  0.0001633  0.0001489    0.000849    0.000385
1988   7  11  47353   0.165448   0.232863   0.0841987  -0.0000353  -0.007331  -0.001298   0.001177   0.001664  0.0002023  0.0001912    0.000864    0.000489
1988   7  12  47354   0.166643   0.230999   0.0842315  -0.0000633  -0.007201  -0.001591   0.001057   0.001671  0.0002190  0.0002269    0.000866    0.000325
1988   7  13  47355   0.164588   0.229072   0.0842922  -0.0000543  -0.006728  -0.001884   0.001477   0.001091  0.0002515  0.0002238    0.001185    0.000361
1988   7  14  47356   0.162249   0.226809   0.0843129   0.0000584  -0.006160  -0.002078   0.001702   0.000929  0.0002285  0.0002284    0.001395    0.000448
1988   7  15  47357   0.163875   0.224841   0.0841580   0.0002766  -0.005905  -0.001813   0.001979   0.001240  0.0002052  0.0001459    0.001310    0.000491
1988   7  16  47358   0.166340   0.223265   0.0837534   0.0005219  -0.006069  -0.001245   0.001641   0.000865  0.0000634  0.0001302    0.001158    0.000193
1988   7  17  47359   0.164992   0.221793   0.0831181   0.0007146  -0.006620  -0.000725   0.000585   0.000285  0.0000551  0.0000593    0.001123    0.000170
1988   7  18  47360   0.162651   0.220200   0.0823369   0.0008161  -0.007546  -0.000566   0.000567   0.000276  0.0000551  0.0000553    0.001123    0.000170
1988   7  19  47361   0.161899   0.218346   0.0815046   0.0008359  -0.008576  -0.000736   0.001402   0.000695  0.0000554  0.0001065    0.001127    0.000171
1988   7  20  47362   0.162352   0.216210   0.0806866   0.0008022  -0.009218  -0.000912   0.003183   0.002085  0.0001579  0.0001084    0.001415    0.000396
1988   7  21  47363   0.162257   0.213765   0.0799212   0.0007407  -0.009383  -0.001043   0.001356   0.001110  0.0001613  0.0001496    0.001377    0.000451
1988   7  22  47364   0.160395   0.211241   0.0792231   0.0006707  -0.009117  -0.001164   0.001032   0.001025  0.0001414  0.0001546    0.001279    0.000553
1988   7  23  47365   0.158521   0.209402   0.0785930   0.0005854  -0.008783  -0.001406   0.000975   0.000963  0.0001480  0.0001448    0.001094    0.000524
1988   7  24  47366   0.157593   0.207738   0.0780584   0.0004611  -0.008688  -0.001598   0.000859   0.000620  0.0001482  0.0001346    0.000626    0.000211
1988   7  25  47367   0.156628   0.205924   0.0776654   0.0003032  -0.008908  -0.001481   0.000809   0.000547  0.0001212  0.0001339    0.000452    0.000144
1988   7  26  47368   0.154980   0.204226   0.0774304   0.0001617  -0.009517  -0.001042   0.000919   0.000796  0.0001197  0.0001164    0.000703    0.000222
1988   7  27  47369   0.153804   0.201389   0.0773031   0.0001309  -0.009508  -0.000913   0.000960   0.000864  0.0001116  0.0001215    0.001080    0.000323
1988   7  28  47370   0.151836   0.199553   0.0771201   0.0002903  -0.008905  -0.001135   0.001417   0.000950  0.0001234  0.0001372    0.001025    0.000348
1988   7  29  47371   0.149327   0.197509   0.0766806   0.0006129  -0.008232  -0.001373   0.001936   0.001120  0.0001628  0.0001306    0.001055    0.000416
1988   7  30  47372   0.148151   0.195681   0.0758773   0.0009647  -0.007903  -0.001366   0.001282   0.000915  0.0001378  0.0001163    0.000875    0.000392
1988   7  31  47373   0.148680   0.193754   0.0747690   0.0012011  -0.008196  -0.001112   0.000685   0.000454  0.0000698  0.0000944    0.000539    0.000238
1988   8   1  47374   0.148577   0.191687   0.0735236   0.0012742  -0.008901  -0.000913   0.000508   0.000341  0.0000509  0.0000582    0.000426    0.000184
1988   8   2  47375   0.148122   0.189847   0.0722829   0.0012092  -0.009453  -0.001058   0.000553   0.000378  0.0000465  0.0000741    0.000399    0.000172
1988   8   3  47376   0.146994   0.188214   0.0711601   0.0010344  -0.009665  -0.001376   0.001361   0.001115  0.0000974  0.0001300    0.000737    0.000342
1988   8   4  47377   0.144083   0.186436   0.0702468   0.0007904  -0.009741  -0.001537   0.001705   0.001582  0.0002135  0.0001124    0.001155    0.000684
1988   8   5  47378   0.142295   0.184220   0.0695856   0.0005350  -0.009848  -0.001397   0.001300   0.001061  0.0001274  0.0001422    0.001013    0.000449
1988   8   6  47379   0.140877   0.182078   0.0691616   0.0003163  -0.009966  -0.001276   0.000800   0.000570  0.0000708  0.0000897    0.000725    0.000214
1988   8   7  47380   0.140106   0.180194   0.0689247   0.0001518  -0.010084  -0.001384   0.000414   0.000337  0.0000521  0.0000588    0.000403    0.000142
1988   8   8  47381   0.139051   0.178567   0.0688246   0.0000457  -0.010136  -0.001581   0.000365   0.000308  0.0000469  0.0000495    0.000325    0.000123
1988   8   9  47382   0.136843   0.176943   0.0688004   0.0000172  -0.010003  -0.001703   0.000892   0.000760  0.0000469  0.0000547    0.000324    0.000124
1988   8  10  47383   0.134134   0.175010   0.0687618   0.0000838  -0.009716  -0.001774   0.001102   0.001027  0.0000625  0.0000549    0.000598    0.000192
1988   8  11  47384   0.132497   0.172965   0.0686123   0.0002379  -0.009392  -0.001678   0.000691   0.000652  0.0000628  0.0000626    0.000609    0.000194
1988   8  12  47385   0.132653   0.171249   0.0682758   0.0004427  -0.009262  -0.001357   0.000895   0.000890  0.0000628  0.0000628    0.000609    0.000194
1988   8  13  47386   0.132699   0.170051   0.0677277   0.0006488  -0.009351  -0.000885   0.001297   0.001529  0.0000628  0.0000684    0.000609    0.000194
1988   8  14  47387   0.131654   0.168994   0.0669890   0.0008184  -0.009644  -0.000511   0.002186   0.002289  0.0000741  0.0000690    0.000776    0.000249
1988   8  15  47388   0.129576   0.167756   0.0661094   0.0009292  -0.010093  -0.000427   0.001166   0.001127  0.0000751  0.0000746    0.000794    0.000256
1988   8  16  47389   0.127029   0.166464   0.0651534   0.0009696  -0.010550  -0.000581   0.000711   0.000685  0.0000751  0.0000751    0.000794    0.000256
1988   8  17  47390   0.124666   0.165411   0.0641932   0.0009370  -0.010801  -0.000774   0.000670   0.000645  0.0000751  0.0000751    0.000794    0.000256
1988   8  18  47391   0.122630   0.164562   0.0632993   0.0008366  -0.010890  -0.000947   0.002213   0.002187  0.0000751  0.0000678    0.000794    0.000255
1988   8  19  47392   0.120605   0.163570   0.0625338   0.0006827  -0.011007  -0.001184   0.003363   0.003378  0.0000604  0.0000674    0.000591    0.000179
1988   8  20  47393   0.118542   0.162218   0.0619401   0.0004992  -0.011250  -0.001513   0.000652   0.000600  0.0000596  0.0000600    0.000581    0.000176
1988   8  21  47394   0.116421   0.160668   0.0615320   0.0003199  -0.011467  -0.001778   0.000600   0.000552  0.0000596  0.0000596    0.000581    0.000176
1988   8  22  47395   0.114245   0.159133   0.0612845   0.0001873  -0.011491  -0.001810   0.000604   0.000555  0.0000596  0.0000596    0.000581    0.000176
1988   8  23  47396   0.112236   0.157694   0.0611271   0.0001494  -0.011310  -0.001619   0.001355   0.001270  0.0000596  0.0000704    0.000581    0.000176
1988   8  24  47397   0.110501   0.156312   0.0609428   0.0002475  -0.011069  -0.001406   0.003752   0.004083  0.0000811  0.0000718    0.000709    0.000220
1988   8  25  47398   0.108762   0.155146   0.0605862   0.0004912  -0.010864  -0.001257   0.001317   0.001460  0.0000841  0.0000826    0.000723    0.000225
1988   8  26  47399   0.105940   0.153968   0.0599280   0.0008346  -0.010778  -0.001051   0.000843   0.000942  0.0000841  0.0000841    0.000723    0.000225
1988   8  27  47400   0.102068   0.152675   0.0589145   0.0011788  -0.010914  -0.000713   0.001013   0.001153  0.0000841  0.0000878    0.000723    0.000225
1988   8  28  47401   0.099184   0.151811   0.0576044   0.0014097  -0.011302  -0.000518   0.001274   0.001500  0.0000916  0.0001777    0.000785    0.000247
1988   8  29  47402   0.097680   0.151002   0.0561563   0.0014537  -0.011671  -0.000660   0.001204   0.001440  0.0002712  0.0001288    0.002025    0.000994
1988   8  30  47403   0.096501   0.149881   0.0547645   0.0013117  -0.011817  -0.000945   0.000967   0.001130  0.0001660  0.0001830    0.001471    0.000488
1988   8  31  47404   0.094391   0.148424   0.0535840   0.0010528  -0.011962  -0.001058   0.000702   0.000790  0.0000948  0.0001248    0.000909    0.000267
1988   9   1  47405   0.092245   0.147604   0.0526798   0.0007646  -0.011920  -0.001157   0.000875   0.000889  0.0000836  0.0000898    0.000782    0.000260
1988   9   2  47406   0.089082   0.146029   0.0520456   0.0005182  -0.011998  -0.001291   0.001447   0.001315  0.0000849  0.0000852    0.000772    0.000295
1988   9   3  47407   0.086104   0.144403   0.0516140   0.0003632  -0.012147  -0.001471   0.001667   0.001626  0.0000868  0.0000957    0.000790    0.000305
1988   9   4  47408   0.084015   0.143632   0.0512822   0.0003155  -0.012133  -0.001635   0.001170   0.000752  0.0001065  0.0000967    0.001097    0.000317
1988   9   5  47409   0.082227   0.143668   0.0509474   0.0003615  -0.012038  -0.001628   0.001132   0.000716  0.0001066  0.0001066    0.001099    0.000317
1988   9   6  47410   0.079924   0.143627   0.0505292   0.0004651  -0.011468  -0.001811   0.001146   0.000725  0.0001066  0.0001105    0.001099    0.000317
1988   9   7  47411   0.077752   0.142646   0.0499947   0.0005823  -0.010713  -0.001993   0.002511   0.001882  0.0001144  0.0001621    0.001096    0.000331
1988   9   8  47412   0.076239   0.140589   0.0493510   0.0006827  -0.010042  -0.001946   0.002346   0.003394  0.0002176  0.0001296    0.001073    0.000437
1988   9   9  47413   0.074829   0.138455   0.0486256   0.0007610  -0.009686  -0.001477   0.001178   0.001343  0.0001448  0.0001555    0.001027    0.000369
1988   9  10  47414   0.071779   0.138040   0.0478358   0.0008372  -0.009823  -0.000536   0.000790   0.000713  0.0000935  0.0001304    0.000960    0.000283
1988   9  11  47415   0.067827   0.138909   0.0469673   0.0009409  -0.010728   0.000603   0.001022   0.000887  0.0001161  0.0001581    0.001196    0.000351
1988   9  12  47416   0.065373   0.139487   0.0459766   0.0010674  -0.011560   0.001069   0.002090   0.001845  0.0002227  0.0001475    0.001660    0.000576
1988   9  13  47417   0.064647   0.138650   0.0448574   0.0011609  -0.011890   0.000636   0.001353   0.002711  0.0001788  0.0001464    0.001617    0.000546
1988   9  14  47418   0.063647   0.136689   0.0436779   0.0011611  -0.011803  -0.000257   0.000907   0.001234  0.0000700  0.0001244    0.000969    0.000266
1988   9  15  47419   0.060631   0.134940   0.0425525   0.0010517  -0.011400  -0.001182   0.000611   0.000713  0.0000699  0.0000700    0.000968    0.000265
1988   9  16  47420   0.057537   0.134311   0.0415830   0.0008765  -0.011302  -0.001542   0.000676   0.000783  0.0000700  0.0000761    0.000960    0.000265
1988   9  17  47421   0.054999   0.134459   0.0407971   0.0007060  -0.011361  -0.001655   0.001373   0.001210  0.0000822  0.0000781    0.000658    0.000236
1988   9  18  47422   0.052256   0.134338   0.0401571   0.0005938  -0.011427  -0.001706   0.001220   0.000633  0.0000861  0.0000863    0.000623    0.000231
1988   9  19  47423   0.049432   0.133264   0.0395838   0.0005671  -0.010985  -0.001837   0.000993   0.000623  0.0000904  0.0000962    0.000669    0.000248
1988   9  20  47424   0.046298   0.131886   0.0389864   0.0006445  -0.010721  -0.001833   0.000750   0.000854  0.0001063  0.0001003    0.000868    0.000316
1988   9  21  47425   0.042801   0.131243   0.0382525   0.0008504  -0.011395  -0.001602   0.000679   0.000920  0.0001101  0.0001092    0.000895    0.000306
1988   9  22  47426   0.039407   0.131241   0.0372482   0.0011775  -0.011920  -0.001369   0.000778   0.001108  0.0001120  0.0001085    0.000903    0.000296
1988   9  23  47427   0.036113   0.131233   0.0358792   0.0015597  -0.011834  -0.001125   0.002227   0.001917  0.0001070  0.0000951    0.000904    0.000288
1988   9  24  47428   0.032424   0.130753   0.0341415   0.0018963  -0.011580  -0.000808   0.000874   0.000944  0.0000781  0.0000925    0.000904    0.000242
1988   9  25  47429   0.028833   0.129995   0.0321322   0.0020896  -0.011320  -0.000622   0.000544   0.000618  0.0000781  0.0000781    0.000904    0.000242
1988   9  26  47430   0.025878   0.129406   0.0300282   0.0020857  -0.011472  -0.000663   0.000759   0.000816  0.0000781  0.0000781    0.000904    0.000242
1988   9  27  47431   0.023202   0.128879   0.0280250   0.0018947  -0.011554  -0.000826   0.002178   0.001500  0.0000781  0.0000735    0.000903    0.000242
1988   9  28  47432   0.020288   0.128410   0.0262798   0.0015810  -0.011611  -0.000814   0.003302   0.002450  0.0000690  0.0000732    0.000710    0.000334
1988   9  29  47433   0.017013   0.128689   0.0248704   0.0012361  -0.011929  -0.000606   0.001342   0.001312  0.0000684  0.0000687    0.000700    0.000346
1988   9  30  47434   0.013262   0.129772   0.0237853   0.0009462  -0.012316  -0.000527   0.000694   0.000670  0.0000684  0.0000684    0.000700    0.000346
1988  10   1  47435   0.009017   0.129864   0.0229392   0.0007721  -0.011867  -0.000940   0.000848   0.000799  0.0000684  0.0000684    0.000700    0.000346
1988  10   2  47436   0.004381   0.129330   0.0222000   0.0007400  -0.010834  -0.001464   0.002544   0.001796  0.0000684  0.0000816    0.000700    0.000346
1988  10   3  47437  -0.000089   0.129405   0.0214245   0.0008415  -0.009841  -0.001637   0.003460   0.001988  0.0000948  0.0000834    0.000763    0.000244
1988  10   4  47438  -0.003301   0.129520   0.0204917   0.0010397  -0.009333  -0.001335   0.000763   0.000652  0.0000985  0.0000975    0.000769    0.000240
1988  10   5  47439  -0.004973   0.129081   0.0193290   0.0012787  -0.009380  -0.000726   0.000762   0.000655  0.0001001  0.0001161    0.000778    0.000243
1988  10   6  47440  -0.005761   0.127855   0.0179273   0.0014979  -0.010167   0.000184   0.000921   0.000881  0.0001338  0.0002418    0.000934    0.000298
1988  10   7  47441  -0.007892   0.128244   0.0163358   0.0016578  -0.010546   0.000738   0.001322   0.001959  0.0003835  0.0002178    0.001323    0.000457
1988  10   8  47442  -0.011059   0.130095   0.0146238   0.0017555  -0.009763   0.000516   0.001335   0.002009  0.0003019  0.0002775    0.001717    0.000521
1988  10   9  47443  -0.013302   0.130783   0.0128447   0.0018107  -0.009229   0.000178   0.001129   0.001574  0.0001714  0.0001999    0.001523    0.000457
1988  10  10  47444  -0.017519   0.132721   0.0110268   0.0018400  -0.009783   0.000043   0.001004   0.000895  0.0000980  0.0001301    0.000939    0.000316
1988  10  11  47445  -0.021327   0.133898   0.0091895   0.0018278  -0.010409  -0.000262   0.001407   0.001186  0.0000888  0.0000972    0.000857    0.000292
1988  10  12  47446  -0.024947   0.134679   0.0073921   0.0017386  -0.010946  -0.000594   0.002886   0.002553  0.0000964  0.0003365    0.000932    0.000318
1988  10  13  47447  -0.028768   0.135492   0.0057254   0.0015657  -0.011351  -0.000731   0.001999   0.001834  0.0005842  0.0003015    0.007637    0.002949
1988  10  14  47448  -0.032514   0.136040   0.0042623   0.0013501  -0.011502  -0.000637   0.001885   0.001698  0.0005065  0.0004821    0.005237    0.001920
1988  10  15  47449  -0.036289   0.136151   0.0030135   0.0011611  -0.011467  -0.000436   0.002176   0.001848  0.0003801  0.0005100    0.003246    0.001153
1988  10  16  47450  -0.040733   0.136688   0.0019154   0.0010534  -0.010986  -0.000365   0.003538   0.002720  0.0005135  0.0005024    0.004171    0.001448
1988  10  17  47451  -0.044707   0.137060   0.0008724   0.0010470  -0.010157  -0.000501   0.006498   0.002700  0.0006248  0.0003111    0.005884    0.001844
1988  10  18  47452  -0.047724   0.136839  -0.0002172   0.0011481  -0.009127  -0.000731   0.001399   0.001253  0.0001088  0.0003444    0.001064    0.000352
1988  10  19  47453  -0.049989   0.137248  -0.0014593   0.0013593  -0.007995  -0.000855   0.000798   0.000803  0.0000641  0.0000998    0.000631    0.000211
1988  10  20  47454  -0.051839   0.139631  -0.0029587   0.0016651  -0.006963  -0.000628   0.001096   0.001228  0.0000909  0.0001397    0.000937    0.000330
1988  10  21  47455  -0.053566   0.140848  -0.0047900   0.0020021  -0.006242  -0.000219   0.002420   0.003821  0.0002152  0.0004850    0.002529    0.001126
1988  10  22  47456  -0.055739   0.141139  -0.0069356   0.0022658  -0.006067   0.000171   0.007451   0.004652  0.0008791  0.0004854    0.008916    0.003858
1988  10  23  47457  -0.058142   0.142069  -0.0092701   0.0023647  -0.006434   0.000324   0.005905   0.002487  0.0007555  0.0004821    0.005304    0.002433
1988  10  24  47458  -0.060577   0.143431  -0.0116031   0.0022668  -0.006997   0.000126   0.001065   0.000941  0.0000852  0.0004181    0.000629    0.000307
1988  10  25  47459  -0.063766   0.145088  -0.0137512   0.0020091  -0.007430  -0.000242   0.000675   0.000635  0.0000808  0.0001055    0.000595    0.000291
1988  10  26  47460  -0.067982   0.147009  -0.0155954   0.0016739  -0.007822  -0.000352   0.000887   0.000841  0.0001259  0.0002543    0.000911    0.000449
1988  10  27  47461  -0.071488   0.148310  -0.0171056   0.0013537  -0.008104  -0.000221   0.001975   0.001896  0.0004279  0.0003278    0.002684    0.001132
1988  10  28  47462  -0.074903   0.149619  -0.0183350   0.0011239  -0.008160  -0.000126   0.002122   0.001976  0.0005298  0.0002438    0.003399    0.001122
1988  10  29  47463  -0.078439   0.150836  -0.0193967   0.0010267  -0.007820  -0.000205   0.000873   0.000804  0.0000596  0.0002933    0.000416    0.000223
1988  10  30  47464  -0.081585   0.151645  -0.0204289   0.0010638  -0.007185  -0.000261   0.000487   0.000448  0.0000567  0.0000738    0.000396    0.000212
1988  10  31  47465  -0.083830   0.152444  -0.0215547   0.0011996  -0.006758   0.000039   0.000705   0.000648  0.0000880  0.0001671    0.000609    0.000315
1988  11   1  47466  -0.085348   0.154286  -0.0228469   0.0013835  -0.006637   0.000408   0.002324   0.002144  0.0002775  0.0001721    0.001694    0.000759
1988  11   2  47467  -0.087182   0.157057  -0.0243302   0.0015776  -0.006561   0.000608   0.003268   0.002995  0.0002561  0.0002091    0.001225    0.000634
1988  11   3  47468  -0.090338   0.159294  -0.0260017   0.0017636  -0.006054   0.000658   0.000935   0.000981  0.0001407  0.0001730    0.000806    0.000367
1988  11   4  47469  -0.094344   0.160642  -0.0278484   0.0019274  -0.005257   0.000736   0.000511   0.000547  0.0000899  0.0001235    0.000598    0.000243
1988  11   5  47470  -0.097615   0.162198  -0.0298397   0.0020367  -0.004911   0.001081   0.000614   0.000661  0.0001063  0.0001106    0.000693    0.000299
1988  11   6  47471  -0.100062   0.163753  -0.0318999   0.0020532  -0.005322   0.001188   0.000818   0.000855  0.0001313  0.0001203    0.000734    0.000292
1988  11   7  47472  -0.102274   0.165395  -0.0339222   0.0019681  -0.006165   0.000922   0.001169   0.000959  0.0001342  0.0001074    0.000587    0.000190
1988  11   8  47473  -0.104821   0.167620  -0.0358141   0.0018252  -0.006477   0.000763   0.000825   0.000719  0.0000836  0.0000946    0.000579    0.000187
1988  11   9  47474  -0.107758   0.170445  -0.0375561   0.0016792  -0.006449   0.000687   0.000559   0.000517  0.0000550  0.0000676    0.000616    0.000204
1988  11  10  47475  -0.110694   0.173266  -0.0391658   0.0015401  -0.006427   0.000682   0.000640   0.000591  0.0000516  0.0000393    0.000715    0.000262
1988  11  11  47476  -0.113422   0.174435  -0.0406429   0.0013936  -0.006084   0.000563   0.000375   0.000372  0.0000237  0.0000348    0.000448    0.000231
1988  11  12  47477  -0.115634   0.175280  -0.0419745   0.0012577  -0.005541   0.000470   0.000319   0.000318  0.0000180  0.0000258    0.000348    0.000189
1988  11  13  47478  -0.117489   0.177442  -0.0431922   0.0011974  -0.005152   0.000569   0.000780   0.000805  0.0000280  0.0000569    0.000485    0.000229
1988  11  14  47479  -0.119670   0.179938  -0.0444084   0.0012731  -0.004945   0.000669   0.000935   0.001095  0.0000957  0.0000638    0.000780    0.000276
1988  11  15  47480  -0.121351   0.182143  -0.0457734   0.0014859  -0.004734   0.000639   0.000961   0.001125  0.0000996  0.0000977    0.000784    0.000277
1988  11  16  47481  -0.122462   0.184087  -0.0474022   0.0017835  -0.004468   0.000570   0.002910   0.003423  0.0000996  0.0000865    0.000784    0.000277
1988  11  17  47482  -0.123815   0.186328  -0.0493430   0.0020932  -0.004182   0.000582   0.003928   0.003896  0.0000735  0.0000859    0.000568    0.000255
1988  11  18  47483  -0.125204   0.189069  -0.0515691   0.0023404  -0.003995   0.000740   0.001486   0.001235  0.0000722  0.0000728    0.000557    0.000254
1988  11  19  47484  -0.126417   0.192257  -0.0539843   0.0024630  -0.004035   0.001022   0.000938   0.000773  0.0000722  0.0000722    0.000557    0.000254
1988  11  20  47485  -0.127476   0.195518  -0.0564435   0.0024290  -0.004272   0.001312   0.000764   0.000628  0.0000722  0.0000722    0.000557    0.000254
1988  11  21  47486  -0.128809   0.198596  -0.0587919   0.0022469  -0.004535   0.001424   0.001755   0.001457  0.0000722  0.0000717    0.000557    0.000254
1988  11  22  47487  -0.130918   0.201460  -0.0609030   0.0019640  -0.004677   0.001293   0.004328   0.004316  0.0000711  0.0000716    0.000531    0.000300
1988  11  23  47488  -0.133948   0.204332  -0.0627120   0.0016536  -0.004744   0.001027   0.000908   0.000949  0.0000710  0.0000711    0.000529    0.000304
1988  11  24  47489  -0.136887   0.206506  -0.0642299   0.0013924  -0.004890   0.000779   0.000580   0.000604  0.0000710  0.0000710    0.000529    0.000304
1988  11  25  47490  -0.139072   0.208003  -0.0655349   0.0012344  -0.005228   0.000565   0.000817   0.000831  0.0000710  0.0000710    0.000529    0.000304
1988  11  26  47491  -0.141090   0.210411  -0.0667418   0.0011977  -0.005504   0.000466   0.001535   0.001404  0.0000710  0.0000636    0.000529    0.000304
1988  11  27  47492  -0.143162   0.213933  -0.0679664   0.0012663  -0.005490   0.000550   0.001049   0.000973  0.0000562  0.0000633    0.000528    0.000255
1988  11  28  47493  -0.145109   0.217661  -0.0692974   0.0014037  -0.005174   0.000842   0.000512   0.000492  0.0000555  0.0000562    0.000528    0.000250
1988  11  29  47494  -0.146879   0.220733  -0.0707840   0.0015707  -0.004654   0.001279   0.000518   0.000497  0.0000562  0.0000572    0.000522    0.000236
1988  11  30  47495  -0.148794   0.223013  -0.0724386   0.0017348  -0.003974   0.001758   0.000581   0.000556  0.0000589  0.0000586    0.000504    0.000200
1988  12   1  47496  -0.151390   0.225625  -0.0742451   0.0018698  -0.003343   0.002046   0.000785   0.000767  0.0000609  0.0000607    0.000492    0.000183
1988  12   2  47497  -0.154746   0.228556  -0.0761627   0.0019507  -0.002872   0.002118   0.001188   0.001251  0.0000625  0.0000707    0.000500    0.000185
1988  12   3  47498  -0.156893   0.231215  -0.0781261   0.0019560  -0.002609   0.002073   0.000903   0.000981  0.0000805  0.0000716    0.000646    0.000284
1988  12   4  47499  -0.156523   0.233480  -0.0800523   0.0018760  -0.002578   0.001940   0.000614   0.000662  0.0000806  0.0000806    0.000647    0.000285
1988  12   5  47500  -0.155552   0.235948  -0.0818568   0.0017241  -0.002601   0.001756   0.000507   0.000546  0.0000806  0.0000806    0.000647    0.000285
1988  12   6  47501  -0.156132   0.238960  -0.0834837   0.0015352  -0.002725   0.001492   0.001229   0.001305  0.0000806  0.0000860    0.000647    0.000285
1988  12   7  47502  -0.158106   0.242154  -0.0849178   0.0013488  -0.003001   0.001223   0.004171   0.003704  0.0000913  0.0000866    0.000783    0.000366
1988  12   8  47503  -0.159996   0.245094  -0.0861828   0.0011962  -0.003413   0.001078   0.001095   0.001020  0.0000925  0.0000914    0.000800    0.000377
1988  12   9  47504  -0.161299   0.248120  -0.0873261   0.0010937  -0.003870   0.001119   0.000628   0.000581  0.0000914  0.0000802    0.000795    0.000369
1988  12  10  47505  -0.162151   0.251619  -0.0884009   0.0010435  -0.004334   0.001320   0.000511   0.000333  0.0000680  0.0000693    0.000679    0.000229
1988  12  11  47506  -0.162870   0.255075  -0.0894536   0.0010513  -0.004507   0.001530   0.000385   0.000209  0.0000472  0.0000573    0.000528    0.000145
1988  12  12  47507  -0.163622   0.257733  -0.0905428   0.0011402  -0.004054   0.001551   0.000482   0.000259  0.0000465  0.0000563    0.000522    0.000143
1988  12  13  47508  -0.164548   0.260407  -0.0917597   0.0013213  -0.003332   0.001446   0.001095   0.000707  0.0000654  0.0000589    0.000631    0.000213
1988  12  14  47509  -0.165724   0.263914  -0.0931887   0.0015583  -0.002760   0.001345   0.000612   0.000516  0.0000712  0.0000672    0.000666    0.000225
1988  12  15  47510  -0.167123   0.266685  -0.0948557   0.0017712  -0.002697   0.001418   0.000497   0.000437  0.0000690  0.0000827    0.000703    0.000188
1988  12  16  47511  -0.167890   0.268620  -0.0966921   0.0018847  -0.002937   0.001468   0.000666   0.000588  0.0000942  0.0001272    0.001022    0.000241
1988  12  17  47512  -0.167664   0.270993  -0.0985773   0.0018641  -0.003315   0.001476   0.002008   0.001743  0.0001854  0.0001107    0.003063    0.000751
1988  12  18  47513  -0.167180   0.274400  -0.1003749   0.0017070  -0.003652   0.001536   0.000913   0.001020  0.0001273  0.0001353    0.001228    0.000517
1988  12  19  47514  -0.166917   0.277889  -0.1019588   0.0014406  -0.003752   0.001694   0.000446   0.000497  0.0000852  0.0001164    0.000599    0.000256
1988  12  20  47515  -0.165947   0.280420  -0.1032438   0.0011303  -0.003493   0.001913   0.000569   0.000639  0.0001055  0.0000953    0.000763    0.000352
1988  12  21  47516  -0.166166   0.283501  -0.1042302   0.0008588  -0.003252   0.001993   0.000873   0.001053  0.0001054  0.0000925    0.001385    0.000885
1988  12  22  47517  -0.167227   0.287152  -0.1049917   0.0006856  -0.003122   0.001898   0.000825   0.000980  0.0000795  0.0000850    0.001305    0.000625
1988  12  23  47518  -0.167140   0.289966  -0.1056418   0.0006306  -0.003030   0.001719   0.000564   0.000547  0.0000647  0.0000701    0.000517    0.000223
1988  12  24  47519  -0.166322   0.292174  -0.1062919   0.0006813  -0.002955   0.001611   0.000621   0.000584  0.0000606  0.0000626    0.000442    0.000189
1988  12  25  47520  -0.165348   0.294463  -0.1070329   0.0008091  -0.002801   0.001652   0.001553   0.001459  0.0000604  0.0000606    0.000438    0.000188
1988  12  26  47521  -0.164590   0.297484  -0.1079245   0.0009771  -0.002572   0.001759   0.005513   0.005432  0.0000606  0.0000770    0.000440    0.000188
1988  12  27  47522  -0.163975   0.301299  -0.1089882   0.0011494  -0.002283   0.001811   0.002009   0.002392  0.0000936  0.0000772    0.000877    0.000243
1988  12  28  47523  -0.163499   0.305488  -0.1102142   0.0012995  -0.002017   0.001748   0.000998   0.000993  0.0000937  0.0000936    0.000878    0.000243
1988  12  29  47524  -0.163103   0.309409  -0.1115707   0.0014100  -0.001866   0.001632   0.000585   0.000562  0.0000937  0.0000937    0.000878    0.000243
1988  12  30  47525  -0.162062   0.311929  -0.1130132   0.0014711  -0.001930   0.001578   0.000727   0.000704  0.0000937  0.0000937    0.000878    0.000243
1988  12  31  47526  -0.161124   0.313744  -0.1144903   0.0014784  -0.002139   0.001655   0.001521   0.001601  0.0000937  0.0000896    0.000878    0.000243
