

                   INTERNATIONAL EARTH ROTATION SERVICE
                        EARTH ROTATION PARAMETERS
                          EOP (IERS) C04

  
             FORMAT(3(I4),I7,2(F11.6),2(F12.7),2(F12.6),2(F11.6),2(F12.7),2F12.6)
**********************************************************************************
  
      Date      MJD      x          y        UT1-UTC       LOD         dPsi    dEpsilon     x Err     y Err   UT1-UTC Err  Lod Err    dPsi Err   dEpsilon Err
                         "          "           s           s            "         "        "          "          s           s            "         "
     (0h UTC)

1973   1   1  41683   0.124800   0.125000   0.8105944   0.0027730   0.046987   0.003688   0.015000   0.015000  0.0019000  0.0007000    0.005000    0.002000
1973   1   2  41684   0.123500   0.123000   0.8078584   0.0027100   0.046907   0.003554   0.015000   0.015000  0.0019000  0.0007000    0.005000    0.002000
1973   1   3  41685   0.122300   0.121000   0.8051525   0.0027220   0.046904   0.003458   0.015000   0.015000  0.0019000  0.0007000    0.005000    0.002000
1973   1   4  41686   0.120901   0.119001   0.8024015   0.0027910   0.046988   0.003508   0.015000   0.015000  0.0019000  0.0007000    0.005000    0.002000
1973   1   5  41687   0.119601   0.117101   0.7995416   0.0029280   0.047195   0.003655   0.015000   0.015000  0.0019000  0.0007000    0.005000    0.002000
1973   1   6  41688   0.118201   0.115201   0.7965306   0.0031080   0.047490   0.003754   0.015000   0.015000  0.0019000  0.0007000    0.005000    0.002000
1973   1   7  41689   0.116802   0.113402   0.7933287   0.0033170   0.047720   0.003728   0.015000   0.015000  0.0019000  0.0007000    0.005000    0.002000
1973   1   8  41690   0.115302   0.111602   0.7899097   0.0035070   0.047760   0.003636   0.015000   0.015000  0.0019000  0.0007000    0.005000    0.002000
1973   1   9  41691   0.113802   0.109802   0.7863177   0.0036550   0.047655   0.003583   0.015000   0.015000  0.0019000  0.0007000    0.005000    0.002000
1973   1  10  41692   0.112202   0.108102   0.7826208   0.0037260   0.047543   0.003618   0.015000   0.015000  0.0019000  0.0007000    0.005000    0.002000
1973   1  11  41693   0.110603   0.106503   0.7788958   0.0037110   0.047473   0.003732   0.015000   0.015000  0.0019000  0.0007000    0.005000    0.002000
1973   1  12  41694   0.109003   0.105003   0.7752289   0.0035990   0.047357   0.003911   0.015000   0.015000  0.0019000  0.0007000    0.005000    0.002000
1973   1  13  41695   0.107303   0.103403   0.7717109   0.0034200   0.047092   0.004124   0.015000   0.015000  0.0019000  0.0007000    0.005000    0.002000
1973   1  14  41696   0.105604   0.102004   0.7683970   0.0031970   0.046713   0.004249   0.015000   0.015000  0.0019000  0.0007000    0.005000    0.002000
1973   1  15  41697   0.103804   0.100604   0.7653050   0.0030060   0.046417   0.004140   0.015000   0.015000  0.0019000  0.0007000    0.005000    0.002000
1973   1  16  41698   0.102004   0.099304   0.7623651   0.0029000   0.046418   0.003818   0.015000   0.015000  0.0019000  0.0007000    0.005000    0.002000
1973   1  17  41699   0.100104   0.098004   0.7594751   0.0029000   0.046733   0.003527   0.015000   0.015000  0.0019000  0.0007000    0.005000    0.002000
1973   1  18  41700   0.098205   0.096805   0.7565292   0.0030070   0.047172   0.003489   0.015000   0.015000  0.0019000  0.0007000    0.005000    0.002000
1973   1  19  41701   0.096305   0.095705   0.7534322   0.0031820   0.047574   0.003659   0.015000   0.015000  0.0019000  0.0007000    0.005000    0.002000
1973   1  20  41702   0.094305   0.094605   0.7501683   0.0033480   0.047933   0.003806   0.015000   0.015000  0.0019000  0.0007000    0.005000    0.002000
1973   1  21  41703   0.092305   0.093605   0.7467603   0.0034550   0.048228   0.003790   0.015000   0.015000  0.0019000  0.0007000    0.005000    0.002000
1973   1  22  41704   0.090306   0.092606   0.7432924   0.0034720   0.048306   0.003663   0.015000   0.015000  0.0019000  0.0007000    0.005000    0.002000
1973   1  23  41705   0.088306   0.091806   0.7398474   0.0034030   0.048080   0.003534   0.015000   0.015000  0.0019000  0.0007000    0.005000    0.002000
1973   1  24  41706   0.086206   0.090906   0.7365095   0.0032640   0.047713   0.003450   0.015000   0.015000  0.0019000  0.0007000    0.005000    0.002000
1973   1  25  41707   0.084107   0.090107   0.7333215   0.0030990   0.047454   0.003415   0.015000   0.015000  0.0019000  0.0007000    0.005000    0.002000
1973   1  26  41708   0.082007   0.089407   0.7303046   0.0029270   0.047349   0.003436   0.015000   0.015000  0.0019000  0.0007000    0.005000    0.002000
1973   1  27  41709   0.079907   0.088807   0.7274526   0.0027890   0.047282   0.003488   0.015000   0.015000  0.0019000  0.0007000    0.005000    0.002000
1973   1  28  41710   0.077707   0.088207   0.7247257   0.0026740   0.047202   0.003491   0.015000   0.015000  0.0019000  0.0007000    0.005000    0.002000
1973   1  29  41711   0.075608   0.087608   0.7220887   0.0026200   0.047184   0.003371   0.015000   0.015000  0.0019000  0.0007000    0.005000    0.002000
1973   1  30  41712   0.073408   0.087108   0.7194757   0.0026190   0.047260   0.003158   0.015000   0.015000  0.0019000  0.0007000    0.005000    0.002000
1973   1  31  41713   0.071308   0.086608   0.7168188   0.0026970   0.047343   0.002973   0.015000   0.015000  0.0019000  0.0007000    0.005000    0.002000
1973   2   1  41714   0.069108   0.086208   0.7140608   0.0028500   0.047370   0.002913   0.015000   0.015000  0.0019000  0.0007000    0.005000    0.002000
1973   2   2  41715   0.067009   0.085809   0.7111109   0.0030460   0.047417   0.002960   0.015000   0.015000  0.0019000  0.0007000    0.005000    0.002000
1973   2   3  41716   0.064909   0.085509   0.7079499   0.0032710   0.047588   0.003018   0.015000   0.015000  0.0019000  0.0007000    0.005000    0.002000
1973   2   4  41717   0.062809   0.085209   0.7045700   0.0034960   0.047840   0.003030   0.015000   0.015000  0.0019000  0.0007000    0.005000    0.002000
1973   2   5  41718   0.060610   0.085010   0.7009800   0.0036740   0.047988   0.003023   0.015000   0.015000  0.0019000  0.0007000    0.005000    0.002000
1973   2   6  41719   0.058510   0.084810   0.6972361   0.0037910   0.047909   0.003052   0.015000   0.015000  0.0019000  0.0007000    0.005000    0.002000
1973   2   7  41720   0.056410   0.084710   0.6934291   0.0038140   0.047654   0.003128   0.015000   0.015000  0.0019000  0.0007000    0.005000    0.002000
1973   2   8  41721   0.054410   0.084510   0.6896492   0.0037340   0.047362   0.003224   0.015000   0.015000  0.0019000  0.0007000    0.005000    0.002000
1973   2   9  41722   0.052311   0.084511   0.6859972   0.0035720   0.047108   0.003306   0.015000   0.015000  0.0019000  0.0007000    0.005000    0.002000
1973   2  10  41723   0.050211   0.084411   0.6825032   0.0033930   0.046886   0.003348   0.015000   0.015000  0.0019000  0.0007000    0.005000    0.002000
1973   2  11  41724   0.048211   0.084411   0.6792013   0.0032290   0.046681   0.003297   0.015000   0.015000  0.0019000  0.0007000    0.005000    0.002000
1973   2  12  41725   0.046111   0.084411   0.6760223   0.0031370   0.046535   0.003086   0.015000   0.015000  0.0019000  0.0007000    0.005000    0.002000
1973   2  13  41726   0.044112   0.084412   0.6728844   0.0031480   0.046524   0.002721   0.015000   0.015000  0.0019000  0.0007000    0.005000    0.002000
1973   2  14  41727   0.042112   0.084512   0.6696794   0.0032660   0.046696   0.002351   0.015000   0.015000  0.0019000  0.0007000    0.005000    0.002000
1973   2  15  41728   0.040112   0.084612   0.6663255   0.0034620   0.047018   0.002176   0.015000   0.015000  0.0019000  0.0007000    0.005000    0.002000
1973   2  16  41729   0.038013   0.084713   0.6627585   0.0036710   0.047401   0.002272   0.015000   0.015000  0.0019000  0.0007000    0.005000    0.002000
1973   2  17  41730   0.036013   0.084813   0.6590055   0.0038320   0.047749   0.002519   0.015000   0.015000  0.0019000  0.0007000    0.005000    0.002000
1973   2  18  41731   0.034013   0.085013   0.6551316   0.0038990   0.047968   0.002704   0.015000   0.015000  0.0019000  0.0007000    0.005000    0.002000
1973   2  19  41732   0.032013   0.085213   0.6512426   0.0038730   0.047991   0.002695   0.015000   0.015000  0.0019000  0.0007000    0.005000    0.002000
1973   2  20  41733   0.030014   0.085414   0.6474257   0.0037470   0.047821   0.002511   0.015000   0.015000  0.0019000  0.0007000    0.005000    0.002000
1973   2  21  41734   0.028014   0.085614   0.6437687   0.0035520   0.047555   0.002288   0.015000   0.015000  0.0019000  0.0007000    0.005000    0.002000
1973   2  22  41735   0.025914   0.085814   0.6403188   0.0033440   0.047309   0.002161   0.015000   0.015000  0.0019000  0.0007000    0.005000    0.002000
1973   2  23  41736   0.023914   0.086014   0.6370878   0.0031320   0.047138   0.002162   0.015000   0.015000  0.0019000  0.0007000    0.005000    0.002000
1973   2  24  41737   0.021915   0.086315   0.6340458   0.0029490   0.047047   0.002197   0.015000   0.015000  0.0019000  0.0007000    0.005000    0.002000
1973   2  25  41738   0.019815   0.086515   0.6311749   0.0028120   0.047061   0.002126   0.015000   0.015000  0.0019000  0.0007000    0.005000    0.002000
1973   2  26  41739   0.017815   0.086815   0.6284009   0.0027350   0.047218   0.001898   0.015000   0.015000  0.0019000  0.0007000    0.005000    0.002000
1973   2  27  41740   0.015716   0.087116   0.6256820   0.0027350   0.047486   0.001601   0.015000   0.015000  0.0019000  0.0007000    0.005000    0.002000
1973   2  28  41741   0.013616   0.087416   0.6229080   0.0028140   0.047731   0.001383   0.015000   0.015000  0.0019000  0.0007000    0.005000    0.002000
1973   3   1  41742   0.011616   0.087716   0.6200251   0.0029520   0.047837   0.001312   0.015000   0.015000  0.0019000  0.0007000    0.005000    0.002000
1973   3   2  41743   0.009516   0.088016   0.6169801   0.0031440   0.047836   0.001333   0.015000   0.015000  0.0019000  0.0007000    0.005000    0.002000
1973   3   3  41744   0.007417   0.088417   0.6137421   0.0033420   0.047886   0.001369   0.015000   0.015000  0.0019000  0.0007000    0.005000    0.002000
1973   3   4  41745   0.005317   0.088717   0.6103022   0.0035310   0.048085   0.001426   0.015000   0.015000  0.0019000  0.0007000    0.005000    0.002000
1973   3   5  41746   0.003117   0.089017   0.6067022   0.0036690   0.048324   0.001557   0.015000   0.015000  0.0019000  0.0007000    0.005000    0.002000
1973   3   6  41747   0.001017   0.089417   0.6030073   0.0037120   0.048375   0.001753   0.015000   0.015000  0.0019000  0.0007000    0.005000    0.002000
1973   3   7  41748  -0.001082   0.089818   0.5993143   0.0036560   0.048112   0.001900   0.015000   0.015000  0.0019000  0.0007000    0.005000    0.002000
1973   3   8  41749  -0.003182   0.090118   0.5957253   0.0035190   0.047658   0.001878   0.015000   0.015000  0.0019000  0.0007000    0.005000    0.002000
1973   3   9  41750  -0.005382   0.090518   0.5922824   0.0033460   0.047277   0.001683   0.015000   0.015000  0.0019000  0.0007000    0.005000    0.002000
1973   3  10  41751  -0.007481   0.091019   0.5890194   0.0031860   0.047152   0.001416   0.015000   0.015000  0.0019000  0.0007000    0.005000    0.002000
1973   3  11  41752  -0.009581   0.091419   0.5858875   0.0030930   0.047255   0.001164   0.015000   0.015000  0.0019000  0.0007000    0.005000    0.002000
1973   3  12  41753  -0.011681   0.091819   0.5828015   0.0030990   0.047430   0.000930   0.015000   0.015000  0.0019000  0.0007000    0.005000    0.002000
1973   3  13  41754  -0.013881   0.092319   0.5796535   0.0032110   0.047574   0.000670   0.015000   0.015000  0.0019000  0.0007000    0.005000    0.002000
1973   3  14  41755  -0.015980   0.092820   0.5763516   0.0034130   0.047710   0.000398   0.015000   0.015000  0.0019000  0.0007000    0.005000    0.002000
1973   3  15  41756  -0.018080   0.093320   0.5728156   0.0036640   0.047910   0.000215   0.015000   0.015000  0.0019000  0.0007000    0.005000    0.002000
1973   3  16  41757  -0.020180   0.093920   0.5690297   0.0038920   0.048162   0.000222   0.015000   0.015000  0.0019000  0.0007000    0.005000    0.002000
1973   3  17  41758  -0.022280   0.094520   0.5650497   0.0040620   0.048368   0.000413   0.015000   0.015000  0.0019000  0.0007000    0.005000    0.002000
1973   3  18  41759  -0.024279   0.095121   0.5609337   0.0041340   0.048456   0.000643   0.015000   0.015000  0.0019000  0.0007000    0.005000    0.002000
1973   3  19  41760  -0.026379   0.095721   0.5568028   0.0041040   0.048464   0.000735   0.015000   0.015000  0.0019000  0.0007000    0.005000    0.002000
1973   3  20  41761  -0.028479   0.096421   0.5527518   0.0039800   0.048466   0.000621   0.015000   0.015000  0.0019000  0.0007000    0.005000    0.002000
1973   3  21  41762  -0.030478   0.097222   0.5488569   0.0038140   0.048467   0.000393   0.015000   0.015000  0.0019000  0.0007000    0.005000    0.002000
1973   3  22  41763  -0.032578   0.098022   0.5451369   0.0036290   0.048414   0.000221   0.015000   0.015000  0.0019000  0.0007000    0.005000    0.002000
1973   3  23  41764  -0.034578   0.098822   0.5415929   0.0034440   0.048307   0.000186   0.015000   0.015000  0.0019000  0.0007000    0.005000    0.002000
1973   3  24  41765  -0.036578   0.099722   0.5382250   0.0033000   0.048233   0.000203   0.015000   0.015000  0.0019000  0.0007000    0.005000    0.002000
1973   3  25  41766  -0.038577   0.100623   0.5349760   0.0032100   0.048287   0.000117   0.015000   0.015000  0.0019000  0.0007000    0.005000    0.002000
1973   3  26  41767  -0.040577   0.101623   0.5317740   0.0031940   0.048484  -0.000128   0.015000   0.015000  0.0019000  0.0007000    0.005000    0.002000
1973   3  27  41768  -0.042577   0.102723   0.5285651   0.0032340   0.048771  -0.000407   0.015000   0.015000  0.0019000  0.0007000    0.005000    0.002000
1973   3  28  41769  -0.044577   0.103823   0.5252851   0.0033350   0.049069  -0.000541   0.015000   0.015000  0.0019000  0.0007000    0.005000    0.002000
1973   3  29  41770  -0.046576   0.104924   0.5218782   0.0034860   0.049286  -0.000488   0.015000   0.015000  0.0019000  0.0007000    0.005000    0.002000
1973   3  30  41771  -0.048576   0.106124   0.5182932   0.0036780   0.049359  -0.000383   0.015000   0.015000  0.0019000  0.0007000    0.005000    0.002000
1973   3  31  41772  -0.050476   0.107424   0.5145222   0.0038610   0.049336  -0.000356   0.015000   0.015000  0.0019000  0.0007000    0.005000    0.002000
1973   4   1  41773  -0.052475   0.108725   0.5105833   0.0040180   0.049358  -0.000359   0.015000   0.015000  0.0019000  0.0007000    0.005000    0.002000
1973   4   2  41774  -0.054475   0.110125   0.5065233   0.0040970   0.049476  -0.000229   0.015000   0.015000  0.0019000  0.0007000    0.005000    0.002000
1973   4   3  41775  -0.056375   0.111525   0.5024243   0.0040690   0.049519   0.000056   0.015000   0.015000  0.0019000  0.0007000    0.005000    0.002000
1973   4   4  41776  -0.058375   0.113025   0.4984214   0.0039310   0.049271   0.000282   0.015000   0.015000  0.0019000  0.0007000    0.005000    0.002000
1973   4   5  41777  -0.060274   0.114626   0.4945984   0.0037070   0.048780   0.000211   0.015000   0.015000  0.0019000  0.0007000    0.005000    0.002000
1973   4   6  41778  -0.062174   0.116226   0.4910034   0.0034770   0.048369  -0.000155   0.015000   0.015000  0.0019000  0.0007000    0.005000    0.002000
1973   4   7  41779  -0.064174   0.117826   0.4876275   0.0032880   0.048312  -0.000592   0.015000   0.015000  0.0019000  0.0007000    0.005000    0.002000
1973   4   8  41780  -0.066073   0.119527   0.4844035   0.0031990   0.048576  -0.000892   0.015000   0.015000  0.0019000  0.0007000    0.005000    0.002000
1973   4   9  41781  -0.067973   0.121227   0.4812026   0.0032200   0.048905  -0.001030   0.015000   0.015000  0.0019000  0.0007000    0.005000    0.002000
1973   4  10  41782  -0.069873   0.123027   0.4779246   0.0033370   0.049088  -0.001100   0.015000   0.015000  0.0019000  0.0007000    0.005000    0.002000
1973   4  11  41783  -0.071673   0.124827   0.4745136   0.0034980   0.049128  -0.001174   0.015000   0.015000  0.0019000  0.0007000    0.005000    0.002000
1973   4  12  41784  -0.073572   0.126728   0.4709417   0.0036420   0.049168  -0.001242   0.015000   0.015000  0.0019000  0.0007000    0.005000    0.002000
1973   4  13  41785  -0.075372   0.128628   0.4672347   0.0037520   0.049296  -0.001251   0.015000   0.015000  0.0019000  0.0007000    0.005000    0.002000
1973   4  14  41786  -0.077172   0.130528   0.4634527   0.0037900   0.049452  -0.001160   0.015000   0.015000  0.0019000  0.0007000    0.005000    0.002000
1973   4  15  41787  -0.078972   0.132428   0.4596818   0.0037480   0.049539  -0.001001   0.015000   0.015000  0.0019000  0.0007000    0.005000    0.002000
1973   4  16  41788  -0.080671   0.134429   0.4559808   0.0036340   0.049572  -0.000877   0.015000   0.015000  0.0019000  0.0007000    0.005000    0.002000
1973   4  17  41789  -0.082471   0.136329   0.4524208   0.0034790   0.049634  -0.000892   0.015000   0.015000  0.0019000  0.0007000    0.005000    0.002000
1973   4  18  41790  -0.084171   0.138329   0.4490389   0.0032930   0.049731  -0.001057   0.015000   0.015000  0.0019000  0.0007000    0.005000    0.002000
1973   4  19  41791  -0.085770   0.140330   0.4458319   0.0031150   0.049774  -0.001267   0.015000   0.015000  0.0019000  0.0007000    0.005000    0.002000
1973   4  20  41792  -0.087470   0.142330   0.4427969   0.0029700   0.049729  -0.001396   0.015000   0.015000  0.0019000  0.0007000    0.005000    0.002000
1973   4  21  41793  -0.089070   0.144330   0.4398850   0.0028750   0.049681  -0.001429   0.015000   0.015000  0.0019000  0.0007000    0.005000    0.002000
1973   4  22  41794  -0.090570   0.146330   0.4370380   0.0028410   0.049715  -0.001476   0.015000   0.015000  0.0019000  0.0007000    0.005000    0.002000
1973   4  23  41795  -0.092069   0.148231   0.4341930   0.0028680   0.049813  -0.001622   0.015000   0.015000  0.0019000  0.0007000    0.005000    0.002000
1973   4  24  41796  -0.093569   0.150231   0.4312921   0.0029540   0.049929  -0.001790   0.015000   0.015000  0.0019000  0.0007000    0.005000    0.002000
1973   4  25  41797  -0.095069   0.152131   0.4282781   0.0030890   0.050092  -0.001812   0.015000   0.015000  0.0019000  0.0007000    0.005000    0.002000
1973   4  26  41798  -0.096469   0.154131   0.4251011   0.0032590   0.050326  -0.001637   0.015000   0.015000  0.0019000  0.0007000    0.005000    0.002000
1973   4  27  41799  -0.097768   0.156032   0.4217562   0.0034520   0.050518  -0.001434   0.015000   0.015000  0.0019000  0.0007000    0.005000    0.002000
1973   4  28  41800  -0.099168   0.157932   0.4182122   0.0036300   0.050513  -0.001411   0.015000   0.015000  0.0019000  0.0007000    0.005000    0.002000
1973   4  29  41801  -0.100468   0.159832   0.4145122   0.0037680   0.050336  -0.001536   0.015000   0.015000  0.0019000  0.0007000    0.005000    0.002000
1973   4  30  41802  -0.101667   0.161733   0.4107153   0.0038200   0.050143  -0.001552   0.015000   0.015000  0.0019000  0.0007000    0.005000    0.002000
1973   5   1  41803  -0.102867   0.163633   0.4069183   0.0037650   0.049952  -0.001315   0.015000   0.015000  0.0019000  0.0007000    0.005000    0.002000
1973   5   2  41804  -0.104067   0.165433   0.4032163   0.0036340   0.049633  -0.001029   0.015000   0.015000  0.0019000  0.0007000    0.005000    0.002000
1973   5   3  41805  -0.105267   0.167333   0.3996674   0.0034530   0.049209  -0.001018   0.015000   0.015000  0.0019000  0.0007000    0.005000    0.002000
1973   5   4  41806  -0.106366   0.169134   0.3962954   0.0032810   0.048931  -0.001324   0.015000   0.015000  0.0019000  0.0007000    0.005000    0.002000
1973   5   5  41807  -0.107466   0.170934   0.3930764   0.0031830   0.048984  -0.001686   0.015000   0.015000  0.0019000  0.0007000    0.005000    0.002000
1973   5   6  41808  -0.108466   0.172634   0.3898895   0.0032010   0.049274  -0.001879   0.015000   0.015000  0.0019000  0.0007000    0.005000    0.002000
1973   5   7  41809  -0.109466   0.174434   0.3866395   0.0033130   0.049572  -0.001910   0.015000   0.015000  0.0019000  0.0007000    0.005000    0.002000
1973   5   8  41810  -0.110465   0.176135   0.3832445   0.0034710   0.049721  -0.001880   0.015000   0.015000  0.0019000  0.0007000    0.005000    0.002000
1973   5   9  41811  -0.111365   0.177835   0.3796995   0.0036260   0.049684  -0.001817   0.015000   0.015000  0.0019000  0.0007000    0.005000    0.002000
1973   5  10  41812  -0.112265   0.179535   0.3760196   0.0037130   0.049536  -0.001717   0.015000   0.015000  0.0019000  0.0007000    0.005000    0.002000
1973   5  11  41813  -0.113164   0.181236   0.3722876   0.0037370   0.049425  -0.001618   0.015000   0.015000  0.0019000  0.0007000    0.005000    0.002000
1973   5  12  41814  -0.113964   0.182936   0.3685706   0.0036660   0.049446  -0.001559   0.015000   0.015000  0.0019000  0.0007000    0.005000    0.002000
1973   5  13  41815  -0.114764   0.184536   0.3649667   0.0035310   0.049540  -0.001518   0.015000   0.015000  0.0019000  0.0007000    0.005000    0.002000
1973   5  14  41816  -0.115564   0.186236   0.3615247   0.0033480   0.049589  -0.001468   0.015000   0.015000  0.0019000  0.0007000    0.005000    0.002000
1973   5  15  41817  -0.116263   0.187837   0.3582797   0.0031400   0.049549  -0.001454   0.015000   0.015000  0.0019000  0.0007000    0.005000    0.002000
1973   5  16  41818  -0.117063   0.189437   0.3552538   0.0029240   0.049452  -0.001561   0.015000   0.015000  0.0019000  0.0007000    0.005000    0.002000
1973   5  17  41819  -0.117663   0.191037   0.3524238   0.0027320   0.049331  -0.001787   0.015000   0.015000  0.0019000  0.0007000    0.005000    0.002000
1973   5  18  41820  -0.118363   0.192537   0.3497638   0.0025960   0.049228  -0.002001   0.015000   0.015000  0.0019000  0.0007000    0.005000    0.002000
1973   5  19  41821  -0.119062   0.194138   0.3472129   0.0025170   0.049197  -0.002075   0.015000   0.015000  0.0019000  0.0007000    0.005000    0.002000
1973   5  20  41822  -0.119662   0.195638   0.3447089   0.0025000   0.049238  -0.002030   0.015000   0.015000  0.0019000  0.0007000    0.005000    0.002000
1973   5  21  41823  -0.120162   0.197238   0.3421939   0.0025500   0.049256  -0.001993   0.015000   0.015000  0.0019000  0.0007000    0.005000    0.002000
1973   5  22  41824  -0.120761   0.198739   0.3395929   0.0026570   0.049184  -0.002011   0.015000   0.015000  0.0019000  0.0007000    0.005000    0.002000
1973   5  23  41825  -0.121261   0.200239   0.3368690   0.0027960   0.049112  -0.001988   0.015000   0.015000  0.0019000  0.0007000    0.005000    0.002000
1973   5  24  41826  -0.121761   0.201739   0.3339860   0.0029600   0.049197  -0.001833   0.015000   0.015000  0.0019000  0.0007000    0.005000    0.002000
1973   5  25  41827  -0.122161   0.203239   0.3309410   0.0031270   0.049400  -0.001639   0.015000   0.015000  0.0019000  0.0007000    0.005000    0.002000
1973   5  26  41828  -0.122560   0.204840   0.3277531   0.0032520   0.049465  -0.001600   0.015000   0.015000  0.0019000  0.0007000    0.005000    0.002000
1973   5  27  41829  -0.122960   0.206340   0.3244481   0.0033360   0.049226  -0.001745   0.015000   0.015000  0.0019000  0.0007000    0.005000    0.002000
1973   5  28  41830  -0.123260   0.207840   0.3211101   0.0033330   0.048782  -0.001843   0.015000   0.015000  0.0019000  0.0007000    0.005000    0.002000
1973   5  29  41831  -0.123560   0.209340   0.3178141   0.0032370   0.048307  -0.001686   0.015000   0.015000  0.0019000  0.0007000    0.005000    0.002000
1973   5  30  41832  -0.123759   0.210841   0.3146612   0.0030610   0.047868  -0.001396   0.015000   0.015000  0.0019000  0.0007000    0.005000    0.002000
1973   5  31  41833  -0.123959   0.212441   0.3116972   0.0028800   0.047546  -0.001286   0.015000   0.015000  0.0019000  0.0007000    0.005000    0.002000
1973   6   1  41834  -0.124059   0.213941   0.3088922   0.0027530   0.047488  -0.001436   0.015000   0.015000  0.0019000  0.0007000    0.005000    0.002000
1973   6   2  41835  -0.124058   0.215442   0.3061542   0.0027330   0.047695  -0.001622   0.015000   0.015000  0.0019000  0.0007000    0.005000    0.002000
1973   6   3  41836  -0.124058   0.217042   0.3033863   0.0028210   0.047970  -0.001665   0.015000   0.015000  0.0019000  0.0007000    0.005000    0.002000
1973   6   4  41837  -0.124058   0.218642   0.3004843   0.0029920   0.048162  -0.001638   0.015000   0.015000  0.0019000  0.0007000    0.005000    0.002000
1973   6   5  41838  -0.123958   0.220142   0.2973873   0.0031800   0.048258  -0.001642   0.015000   0.015000  0.0019000  0.0007000    0.005000    0.002000
1973   6   6  41839  -0.123757   0.221743   0.2941294   0.0033230   0.048196  -0.001600   0.015000   0.015000  0.0019000  0.0007000    0.005000    0.002000
1973   6   7  41840  -0.123557   0.223343   0.2907594   0.0033820   0.047871  -0.001420   0.015000   0.015000  0.0019000  0.0007000    0.005000    0.002000
1973   6   8  41841  -0.123257   0.224943   0.2873864   0.0033410   0.047389  -0.001197   0.015000   0.015000  0.0019000  0.0007000    0.005000    0.002000
1973   6   9  41842  -0.122957   0.226543   0.2841024   0.0032270   0.047062  -0.001104   0.015000   0.015000  0.0019000  0.0007000    0.005000    0.002000
1973   6  10  41843  -0.122556   0.228144   0.2809475   0.0030670   0.047025  -0.001164   0.015000   0.015000  0.0019000  0.0007000    0.005000    0.002000
1973   6  11  41844  -0.122056   0.229844   0.2779655   0.0028760   0.047078  -0.001248   0.015000   0.015000  0.0019000  0.0007000    0.005000    0.002000
1973   6  12  41845  -0.121556   0.231444   0.2751855   0.0026860   0.046955  -0.001284   0.015000   0.015000  0.0019000  0.0007000    0.005000    0.002000
1973   6  13  41846  -0.121055   0.233145   0.2725865   0.0025080   0.046617  -0.001346   0.015000   0.015000  0.0019000  0.0007000    0.005000    0.002000
1973   6  14  41847  -0.120455   0.234745   0.2701476   0.0023690   0.046231  -0.001514   0.015000   0.015000  0.0019000  0.0007000    0.005000    0.002000
1973   6  15  41848  -0.119755   0.236445   0.2678286   0.0022870   0.045971  -0.001713   0.015000   0.015000  0.0019000  0.0007000    0.005000    0.002000
1973   6  16  41849  -0.119055   0.238145   0.2655536   0.0022650   0.045899  -0.001768   0.015000   0.015000  0.0019000  0.0007000    0.005000    0.002000
1973   6  17  41850  -0.118254   0.239846   0.2632776   0.0022940   0.045944  -0.001622   0.015000   0.015000  0.0019000  0.0007000    0.005000    0.002000
1973   6  18  41851  -0.117454   0.241646   0.2609497   0.0023710   0.045952  -0.001418   0.015000   0.015000  0.0019000  0.0007000    0.005000    0.002000
1973   6  19  41852  -0.116554   0.243346   0.2585257   0.0024710   0.045804  -0.001324   0.015000   0.015000  0.0019000  0.0007000    0.005000    0.002000
1973   6  20  41853  -0.115654   0.245146   0.2559937   0.0025940   0.045548  -0.001348   0.015000   0.015000  0.0019000  0.0007000    0.005000    0.002000
1973   6  21  41854  -0.114753   0.246947   0.2533407   0.0027090   0.045376  -0.001369   0.015000   0.015000  0.0019000  0.0007000    0.005000    0.002000
1973   6  22  41855  -0.113753   0.248747   0.2505848   0.0027860   0.045396  -0.001329   0.015000   0.015000  0.0019000  0.0007000    0.005000    0.002000
1973   6  23  41856  -0.112653   0.250547   0.2477848   0.0028220   0.045456  -0.001302   0.015000   0.015000  0.0019000  0.0007000    0.005000    0.002000
1973   6  24  41857  -0.111552   0.252348   0.2449728   0.0027900   0.045299  -0.001344   0.015000   0.015000  0.0019000  0.0007000    0.005000    0.002000
1973   6  25  41858  -0.110452   0.254248   0.2422308   0.0026800   0.044851  -0.001364   0.015000   0.015000  0.0019000  0.0007000    0.005000    0.002000
1973   6  26  41859  -0.109352   0.256148   0.2396369   0.0025010   0.044261  -0.001239   0.015000   0.015000  0.0019000  0.0007000    0.005000    0.002000
1973   6  27  41860  -0.108152   0.258048   0.2372319   0.0023100   0.043749  -0.001042   0.015000   0.015000  0.0019000  0.0007000    0.005000    0.002000
1973   6  28  41861  -0.106851   0.259949   0.2349999   0.0021520   0.043500  -0.000982   0.015000   0.015000  0.0019000  0.0007000    0.005000    0.002000
1973   6  29  41862  -0.105651   0.261849   0.2328999   0.0020760   0.043589  -0.001104   0.015000   0.015000  0.0019000  0.0007000    0.005000    0.002000
1973   6  30  41863  -0.104351   0.263849   0.2308099   0.0021160   0.043867  -0.001209   0.015000   0.015000  0.0019000  0.0007000    0.005000    0.002000
1973   7   1  41864  -0.103050   0.265850   0.2286230   0.0022720   0.044074  -0.001163   0.015000   0.015000  0.0019000  0.0007000    0.005000    0.002000
1973   7   2  41865  -0.101650   0.267750   0.2262580   0.0024710   0.044142  -0.001086   0.015000   0.015000  0.0019000  0.0007000    0.005000    0.002000
1973   7   3  41866  -0.100250   0.269750   0.2236880   0.0026600   0.044184  -0.001115   0.015000   0.015000  0.0019000  0.0007000    0.005000    0.002000
1973   7   4  41867  -0.098850   0.271750   0.2209650   0.0027690   0.044146  -0.001152   0.015000   0.015000  0.0019000  0.0007000    0.005000    0.002000
1973   7   5  41868  -0.097449   0.273751   0.2181871   0.0027690   0.043767  -0.001032   0.015000   0.015000  0.0019000  0.0007000    0.005000    0.002000
1973   7   6  41869  -0.095949   0.275751   0.2154591   0.0026820   0.043042  -0.000806   0.015000   0.015000  0.0019000  0.0007000    0.005000    0.002000
1973   7   7  41870  -0.094449   0.277751   0.2128531   0.0025320   0.042394  -0.000693   0.015000   0.015000  0.0019000  0.0007000    0.005000    0.002000
1973   7   8  41871  -0.092949   0.279751   0.2104131   0.0023460   0.042193  -0.000778   0.015000   0.015000  0.0019000  0.0007000    0.005000    0.002000
1973   7   9  41872  -0.091448   0.281752   0.2081511   0.0021710   0.042300  -0.000927   0.015000   0.015000  0.0019000  0.0007000    0.005000    0.002000
1973   7  10  41873  -0.089948   0.283652   0.2060532   0.0020190   0.042299  -0.000997   0.015000   0.015000  0.0019000  0.0007000    0.005000    0.002000
1973   7  11  41874  -0.088448   0.285652   0.2040902   0.0019170   0.042009  -0.001011   0.015000   0.015000  0.0019000  0.0007000    0.005000    0.002000
1973   7  12  41875  -0.086947   0.287553   0.2022032   0.0018770   0.041593  -0.001074   0.015000   0.015000  0.0019000  0.0007000    0.005000    0.002000
1973   7  13  41876  -0.085347   0.289353   0.2003262   0.0018880   0.041288  -0.001182   0.015000   0.015000  0.0019000  0.0007000    0.005000    0.002000
1973   7  14  41877  -0.083847   0.291253   0.1984063   0.0019720   0.041175  -0.001198   0.015000   0.015000  0.0019000  0.0007000    0.005000    0.002000
1973   7  15  41878  -0.082347   0.293053   0.1963743   0.0021000   0.041190  -0.001035   0.015000   0.015000  0.0019000  0.0007000    0.005000    0.002000
1973   7  16  41879  -0.080746   0.294754   0.1941833   0.0022760   0.041217  -0.000799   0.015000   0.015000  0.0019000  0.0007000    0.005000    0.002000
1973   7  17  41880  -0.079246   0.296454   0.1918163   0.0024690   0.041141  -0.000687   0.015000   0.015000  0.0019000  0.0007000    0.005000    0.002000
1973   7  18  41881  -0.077746   0.298154   0.1892473   0.0026560   0.040912  -0.000775   0.015000   0.015000  0.0019000  0.0007000    0.005000    0.002000
1973   7  19  41882  -0.076246   0.299754   0.1865164   0.0028020   0.040614  -0.000957   0.015000   0.015000  0.0019000  0.0007000    0.005000    0.002000
1973   7  20  41883  -0.074745   0.301355   0.1836504   0.0029080   0.040406  -0.001078   0.015000   0.015000  0.0019000  0.0007000    0.005000    0.002000
1973   7  21  41884  -0.073245   0.302855   0.1807224   0.0029570   0.040345  -0.001086   0.015000   0.015000  0.0019000  0.0007000    0.005000    0.002000
1973   7  22  41885  -0.071745   0.304255   0.1777604   0.0029360   0.040290  -0.001020   0.015000   0.015000  0.0019000  0.0007000    0.005000    0.002000
1973   7  23  41886  -0.070244   0.305656   0.1748724   0.0028230   0.040060  -0.000917   0.015000   0.015000  0.0019000  0.0007000    0.005000    0.002000
1973   7  24  41887  -0.068744   0.306956   0.1721265   0.0026650   0.039646  -0.000804   0.015000   0.015000  0.0019000  0.0007000    0.005000    0.002000
1973   7  25  41888  -0.067244   0.308156   0.1695385   0.0025060   0.039242  -0.000757   0.015000   0.015000  0.0019000  0.0007000    0.005000    0.002000
1973   7  26  41889  -0.065844   0.309356   0.1670945   0.0023860   0.039073  -0.000869   0.015000   0.015000  0.0019000  0.0007000    0.005000    0.002000
1973   7  27  41890  -0.064343   0.310457   0.1647325   0.0023660   0.039189  -0.001095   0.015000   0.015000  0.0019000  0.0007000    0.005000    0.002000
1973   7  28  41891  -0.062843   0.311557   0.1623235   0.0024570   0.039403  -0.001237   0.015000   0.015000  0.0019000  0.0007000    0.005000    0.002000
1973   7  29  41892  -0.061343   0.312457   0.1597815   0.0026390   0.039486  -0.001167   0.015000   0.015000  0.0019000  0.0007000    0.005000    0.002000
1973   7  30  41893  -0.059943   0.313457   0.1570406   0.0028300   0.039447  -0.000995   0.015000   0.015000  0.0019000  0.0007000    0.005000    0.002000
1973   7  31  41894  -0.058442   0.314258   0.1541386   0.0029490   0.039462  -0.000901   0.015000   0.015000  0.0019000  0.0007000    0.005000    0.002000
1973   8   1  41895  -0.056942   0.315058   0.1511876   0.0029640   0.039495  -0.000888   0.015000   0.015000  0.0019000  0.0007000    0.005000    0.002000
1973   8   2  41896  -0.055542   0.315758   0.1482516   0.0028820   0.039245  -0.000829   0.015000   0.015000  0.0019000  0.0007000    0.005000    0.002000
1973   8   3  41897  -0.054041   0.316459   0.1454456   0.0027170   0.038591  -0.000701   0.015000   0.015000  0.0019000  0.0007000    0.005000    0.002000
1973   8   4  41898  -0.052541   0.317059   0.1428337   0.0025110   0.037892  -0.000622   0.015000   0.015000  0.0019000  0.0007000    0.005000    0.002000
1973   8   5  41899  -0.051041   0.317659   0.1404357   0.0022870   0.037607  -0.000662   0.015000   0.015000  0.0019000  0.0007000    0.005000    0.002000
1973   8   6  41900  -0.049541   0.318159   0.1382427   0.0021050   0.037759  -0.000749   0.015000   0.015000  0.0019000  0.0007000    0.005000    0.002000
1973   8   7  41901  -0.048040   0.318660   0.1362127   0.0019620   0.037987  -0.000776   0.015000   0.015000  0.0019000  0.0007000    0.005000    0.002000
1973   8   8  41902  -0.046540   0.319060   0.1343097   0.0018720   0.038019  -0.000748   0.015000   0.015000  0.0019000  0.0007000    0.005000    0.002000
1973   8   9  41903  -0.044940   0.319460   0.1324477   0.0018520   0.037890  -0.000746   0.015000   0.015000  0.0019000  0.0007000    0.005000    0.002000
1973   8  10  41904  -0.043440   0.319760   0.1305748   0.0019060   0.037753  -0.000791   0.015000   0.015000  0.0019000  0.0007000    0.005000    0.002000
1973   8  11  41905  -0.041939   0.320061   0.1286168   0.0020290   0.037666  -0.000806   0.015000   0.015000  0.0019000  0.0007000    0.005000    0.002000
1973   8  12  41906  -0.040339   0.320361   0.1265108   0.0021880   0.037613  -0.000720   0.015000   0.015000  0.0019000  0.0007000    0.005000    0.002000
1973   8  13  41907  -0.038839   0.320661   0.1242328   0.0023830   0.037594  -0.000585   0.015000   0.015000  0.0019000  0.0007000    0.005000    0.002000
1973   8  14  41908  -0.037238   0.320862   0.1217448   0.0025790   0.037596  -0.000525   0.015000   0.015000  0.0019000  0.0007000    0.005000    0.002000
1973   8  15  41909  -0.035738   0.321062   0.1190738   0.0027600   0.037530  -0.000603   0.015000   0.015000  0.0019000  0.0007000    0.005000    0.002000
1973   8  16  41910  -0.034138   0.321362   0.1162539   0.0028800   0.037312  -0.000751   0.015000   0.015000  0.0019000  0.0007000    0.005000    0.002000
1973   8  17  41911  -0.032538   0.321562   0.1133479   0.0029290   0.036998  -0.000848   0.015000   0.015000  0.0019000  0.0007000    0.005000    0.002000
1973   8  18  41912  -0.030937   0.321763   0.1104209   0.0029030   0.036745  -0.000829   0.015000   0.015000  0.0019000  0.0007000    0.005000    0.002000
1973   8  19  41913  -0.029337   0.321963   0.1075549   0.0028090   0.036637  -0.000725   0.015000   0.015000  0.0019000  0.0007000    0.005000    0.002000
1973   8  20  41914  -0.027737   0.322163   0.1048049   0.0026790   0.036605  -0.000607   0.015000   0.015000  0.0019000  0.0007000    0.005000    0.002000
1973   8  21  41915  -0.026137   0.322363   0.1021959   0.0025520   0.036555  -0.000546   0.015000   0.015000  0.0019000  0.0007000    0.005000    0.002000
1973   8  22  41916  -0.024536   0.322564   0.0996949   0.0024630   0.036493  -0.000607   0.015000   0.015000  0.0019000  0.0007000    0.005000    0.002000
1973   8  23  41917  -0.022936   0.322764   0.0972420   0.0024600   0.036505  -0.000816   0.015000   0.015000  0.0019000  0.0007000    0.005000    0.002000
1973   8  24  41918  -0.021336   0.322964   0.0947310   0.0025590   0.036608  -0.001101   0.015000   0.015000  0.0019000  0.0007000    0.005000    0.002000
1973   8  25  41919  -0.019735   0.323265   0.0920820   0.0027490   0.036697  -0.001286   0.015000   0.015000  0.0019000  0.0007000    0.005000    0.002000
1973   8  26  41920  -0.018035   0.323465   0.0892270   0.0029670   0.036672  -0.001239   0.015000   0.015000  0.0019000  0.0007000    0.005000    0.002000
1973   8  27  41921  -0.016435   0.323765   0.0861540   0.0031790   0.036590  -0.000996   0.015000   0.015000  0.0019000  0.0007000    0.005000    0.002000
1973   8  28  41922  -0.014735   0.324065   0.0828940   0.0033160   0.036594  -0.000721   0.015000   0.015000  0.0019000  0.0007000    0.005000    0.002000
1973   8  29  41923  -0.013034   0.324366   0.0795610   0.0033310   0.036663  -0.000537   0.015000   0.015000  0.0019000  0.0007000    0.005000    0.002000
1973   8  30  41924  -0.011434   0.324566   0.0762701   0.0032350   0.036565  -0.000455   0.015000   0.015000  0.0019000  0.0007000    0.005000    0.002000
1973   8  31  41925  -0.009734   0.324866   0.0731071   0.0030700   0.036156  -0.000441   0.015000   0.015000  0.0019000  0.0007000    0.005000    0.002000
1973   9   1  41926  -0.008034   0.325266   0.0701501   0.0028510   0.035628  -0.000466   0.015000   0.015000  0.0019000  0.0007000    0.005000    0.002000
1973   9   2  41927  -0.006233   0.325567   0.0673921   0.0026490   0.035338  -0.000504   0.015000   0.015000  0.0019000  0.0007000    0.005000    0.002000
1973   9   3  41928  -0.004533   0.325867   0.0648301   0.0024740   0.035445  -0.000517   0.015000   0.015000  0.0019000  0.0007000    0.005000    0.002000
1973   9   4  41929  -0.002833   0.326167   0.0624181   0.0023510   0.035802  -0.000495   0.015000   0.015000  0.0019000  0.0007000    0.005000    0.002000
1973   9   5  41930  -0.001032   0.326568   0.0600981   0.0022880   0.036175  -0.000472   0.015000   0.015000  0.0019000  0.0007000    0.005000    0.002000
1973   9   6  41931   0.000668   0.326868   0.0578212   0.0022880   0.036441  -0.000492   0.015000   0.015000  0.0019000  0.0007000    0.005000    0.002000
1973   9   7  41932   0.002468   0.327168   0.0555122   0.0023500   0.036577  -0.000544   0.015000   0.015000  0.0019000  0.0007000    0.005000    0.002000
1973   9   8  41933   0.004268   0.327468   0.0531152   0.0024530   0.036576  -0.000578   0.015000   0.015000  0.0019000  0.0007000    0.005000    0.002000
1973   9   9  41934   0.005969   0.327869   0.0505842   0.0026120   0.036466  -0.000568   0.015000   0.015000  0.0019000  0.0007000    0.005000    0.002000
1973   9  10  41935   0.007769   0.328169   0.0478872   0.0027830   0.036343  -0.000548   0.015000   0.015000  0.0019000  0.0007000    0.005000    0.002000
1973   9  11  41936   0.009569   0.328469   0.0450222   0.0029420   0.036304  -0.000564   0.015000   0.015000  0.0019000  0.0007000    0.005000    0.002000
1973   9  12  41937   0.011369   0.328769   0.0420062   0.0030690   0.036322  -0.000602   0.015000   0.015000  0.0019000  0.0007000    0.005000    0.002000
1973   9  13  41938   0.013170   0.328970   0.0389052   0.0031290   0.036262  -0.000597   0.015000   0.015000  0.0019000  0.0007000    0.005000    0.002000
1973   9  14  41939   0.014970   0.329270   0.0357853   0.0031070   0.036039  -0.000511   0.015000   0.015000  0.0019000  0.0007000    0.005000    0.002000
1973   9  15  41940   0.016770   0.329470   0.0327283   0.0030050   0.035734  -0.000379   0.015000   0.015000  0.0019000  0.0007000    0.005000    0.002000
1973   9  16  41941   0.018571   0.329771   0.0297933   0.0028590   0.035528  -0.000268   0.015000   0.015000  0.0019000  0.0007000    0.005000    0.002000
1973   9  17  41942   0.020371   0.329871   0.0270033   0.0027050   0.035548  -0.000221   0.015000   0.015000  0.0019000  0.0007000    0.005000    0.002000
1973   9  18  41943   0.022171   0.330071   0.0243603   0.0026010   0.035780  -0.000236   0.015000   0.015000  0.0019000  0.0007000    0.005000    0.002000
1973   9  19  41944   0.023971   0.330171   0.0217843   0.0025680   0.036101  -0.000307   0.015000   0.015000  0.0019000  0.0007000    0.005000    0.002000
1973   9  20  41945   0.025772   0.330272   0.0191813   0.0026430   0.036377  -0.000446   0.015000   0.015000  0.0019000  0.0007000    0.005000    0.002000
1973   9  21  41946   0.027572   0.330272   0.0164683   0.0027970   0.036539  -0.000640   0.015000   0.015000  0.0019000  0.0007000    0.005000    0.002000
1973   9  22  41947   0.029272   0.330272   0.0135693   0.0030170   0.036596  -0.000804   0.015000   0.015000  0.0019000  0.0007000    0.005000    0.002000
1973   9  23  41948   0.030973   0.330273   0.0104413   0.0032350   0.036608  -0.000812   0.015000   0.015000  0.0019000  0.0007000    0.005000    0.002000
1973   9  24  41949   0.032773   0.330173   0.0071054   0.0034170   0.036631  -0.000610   0.015000   0.015000  0.0019000  0.0007000    0.005000    0.002000
1973   9  25  41950   0.034473   0.330073   0.0036264   0.0035120   0.036684  -0.000275   0.015000   0.015000  0.0019000  0.0007000    0.005000    0.002000
1973   9  26  41951   0.036173   0.329873   0.0001144   0.0034940   0.036724   0.000030   0.015000   0.015000  0.0019000  0.0007000    0.005000    0.002000
1973   9  27  41952   0.037774   0.329674  -0.0033406   0.0033930   0.036667   0.000169   0.015000   0.015000  0.0019000  0.0007000    0.005000    0.002000
1973   9  28  41953   0.039474   0.329374  -0.0066416   0.0032150   0.036471   0.000117   0.015000   0.015000  0.0019000  0.0007000    0.005000    0.002000
1973   9  29  41954   0.041074   0.328974  -0.0097736   0.0030310   0.036204  -0.000034   0.015000   0.015000  0.0019000  0.0007000    0.005000    0.002000
1973   9  30  41955   0.042674   0.328574  -0.0127216   0.0028690   0.036030  -0.000154   0.015000   0.015000  0.0019000  0.0007000    0.005000    0.002000
1973  10   1  41956   0.044275   0.328175  -0.0155186   0.0027450   0.036113  -0.000177   0.015000   0.015000  0.0019000  0.0007000    0.005000    0.002000
1973  10   2  41957   0.045775   0.327675  -0.0182206   0.0026690   0.036498  -0.000139   0.015000   0.015000  0.0019000  0.0007000    0.005000    0.002000
1973  10   3  41958   0.047375   0.327075  -0.0208776   0.0026560   0.037069  -0.000125   0.015000   0.015000  0.0019000  0.0007000    0.005000    0.002000
1973  10   4  41959   0.048876   0.326476  -0.0235626   0.0027050   0.037609  -0.000167   0.015000   0.015000  0.0019000  0.0007000    0.005000    0.002000
1973  10   5  41960   0.050276   0.325776  -0.0262955   0.0027970   0.037937  -0.000216   0.015000   0.015000  0.0019000  0.0007000    0.005000    0.002000
1973  10   6  41961   0.051776   0.325076  -0.0291615   0.0029310   0.038008  -0.000211   0.015000   0.015000  0.0019000  0.0007000    0.005000    0.002000
1973  10   7  41962   0.053176   0.324376  -0.0321735   0.0030860   0.037895  -0.000169   0.015000   0.015000  0.0019000  0.0007000    0.005000    0.002000
1973  10   8  41963   0.054577   0.323577  -0.0353425   0.0032510   0.037722  -0.000173   0.015000   0.015000  0.0019000  0.0007000    0.005000    0.002000
1973  10   9  41964   0.055877   0.322677  -0.0386575   0.0033810   0.037592  -0.000255   0.015000   0.015000  0.0019000  0.0007000    0.005000    0.002000
1973  10  10  41965   0.057277   0.321777  -0.0420775   0.0034580   0.037556  -0.000328   0.015000   0.015000  0.0019000  0.0007000    0.005000    0.002000
1973  10  11  41966   0.058577   0.320877  -0.0455475   0.0034590   0.037587  -0.000263   0.015000   0.015000  0.0019000  0.0007000    0.005000    0.002000
1973  10  12  41967   0.059778   0.319978  -0.0489655   0.0033840   0.037608  -0.000045   0.015000   0.015000  0.0019000  0.0007000    0.005000    0.002000
1973  10  13  41968   0.061078   0.318978  -0.0522815   0.0032270   0.037578   0.000204   0.015000   0.015000  0.0019000  0.0007000    0.005000    0.002000
1973  10  14  41969   0.062278   0.317978  -0.0554185   0.0030460   0.037550   0.000352   0.015000   0.015000  0.0019000  0.0007000    0.005000    0.002000
1973  10  15  41970   0.063479   0.316879  -0.0583805   0.0028870   0.037623   0.000385   0.015000   0.015000  0.0019000  0.0007000    0.005000    0.002000
1973  10  16  41971   0.064579   0.315879  -0.0612165   0.0028110   0.037841   0.000380   0.015000   0.015000  0.0019000  0.0007000    0.005000    0.002000
1973  10  17  41972   0.065779   0.314779  -0.0640255   0.0028240   0.038138   0.000383   0.015000   0.015000  0.0019000  0.0007000    0.005000    0.002000
1973  10  18  41973   0.066879   0.313679  -0.0669075   0.0029420   0.038398   0.000363   0.015000   0.015000  0.0019000  0.0007000    0.005000    0.002000
1973  10  19  41974   0.067880   0.312580  -0.0699394   0.0031190   0.038568   0.000283   0.015000   0.015000  0.0019000  0.0007000    0.005000    0.002000
1973  10  20  41975   0.068980   0.311380  -0.0731494   0.0033090   0.038698   0.000179   0.015000   0.015000  0.0019000  0.0007000    0.005000    0.002000
1973  10  21  41976   0.069980   0.310280  -0.0765554   0.0034750   0.038869   0.000153   0.015000   0.015000  0.0019000  0.0007000    0.005000    0.002000
1973  10  22  41977   0.070980   0.309180  -0.0800764   0.0035720   0.039073   0.000287   0.015000   0.015000  0.0019000  0.0007000    0.005000    0.002000
1973  10  23  41978   0.071981   0.307981  -0.0836604   0.0035720   0.039205   0.000567   0.015000   0.015000  0.0019000  0.0007000    0.005000    0.002000
1973  10  24  41979   0.072881   0.306881  -0.0872024   0.0034980   0.039185   0.000871   0.015000   0.015000  0.0019000  0.0007000    0.005000    0.002000
1973  10  25  41980   0.073781   0.305681  -0.0906454   0.0033610   0.039058   0.001044   0.015000   0.015000  0.0019000  0.0007000    0.005000    0.002000
1973  10  26  41981   0.074682   0.304582  -0.0939234   0.0031930   0.038935   0.001009   0.015000   0.015000  0.0019000  0.0007000    0.005000    0.002000
1973  10  27  41982   0.075482   0.303382  -0.0970334   0.0030300   0.038871   0.000825   0.015000   0.015000  0.0019000  0.0007000    0.005000    0.002000
1973  10  28  41983   0.076282   0.302282  -0.0999864   0.0028930   0.038879   0.000642   0.015000   0.015000  0.0019000  0.0007000    0.005000    0.002000
1973  10  29  41984   0.077082   0.301182  -0.1028374   0.0028090   0.039024   0.000579   0.015000   0.015000  0.0019000  0.0007000    0.005000    0.002000
1973  10  30  41985   0.077883   0.300083  -0.1056244   0.0027870   0.039403   0.000633   0.015000   0.015000  0.0019000  0.0007000    0.005000    0.002000
1973  10  31  41986   0.078583   0.298983  -0.1084214   0.0028250   0.039981   0.000707   0.015000   0.015000  0.0019000  0.0007000    0.005000    0.002000
1973  11   1  41987   0.079283   0.297883  -0.1112934   0.0029180   0.040535   0.000731   0.015000   0.015000  0.0019000  0.0007000    0.005000    0.002000
1973  11   2  41988   0.079983   0.296783  -0.1142804   0.0030620   0.040834   0.000747   0.015000   0.015000  0.0019000  0.0007000    0.005000    0.002000
1973  11   3  41989   0.080684   0.295784  -0.1174254   0.0032220   0.040852   0.000830   0.015000   0.015000  0.0019000  0.0007000    0.005000    0.002000
1973  11   4  41990   0.081284   0.294684  -0.1207274   0.0034000   0.040732   0.000961   0.015000   0.015000  0.0019000  0.0007000    0.005000    0.002000
1973  11   5  41991   0.081984   0.293684  -0.1242104   0.0035640   0.040586   0.001009   0.015000   0.015000  0.0019000  0.0007000    0.005000    0.002000
1973  11   6  41992   0.082585   0.292685  -0.1278434   0.0036930   0.040425   0.000888   0.015000   0.015000  0.0019000  0.0007000    0.005000    0.002000
1973  11   7  41993   0.083185   0.291685  -0.1315774   0.0037640   0.040282   0.000706   0.015000   0.015000  0.0019000  0.0007000    0.005000    0.002000
1973  11   8  41994   0.083785   0.290685  -0.1353444   0.0037580   0.040256   0.000680   0.015000   0.015000  0.0019000  0.0007000    0.005000    0.002000
1973  11   9  41995   0.084385   0.289785  -0.1390764   0.0036840   0.040413   0.000885   0.015000   0.015000  0.0019000  0.0007000    0.005000    0.002000
1973  11  10  41996   0.084986   0.288786  -0.1426943   0.0035440   0.040716   0.001164   0.015000   0.015000  0.0019000  0.0007000    0.005000    0.002000
1973  11  11  41997   0.085486   0.287886  -0.1461533   0.0033880   0.041077   0.001323   0.015000   0.015000  0.0019000  0.0007000    0.005000    0.002000
1973  11  12  41998   0.086086   0.286986  -0.1494883   0.0032940   0.041388   0.001364   0.015000   0.015000  0.0019000  0.0007000    0.005000    0.002000
1973  11  13  41999   0.086686   0.286086  -0.1527733   0.0032850   0.041525   0.001410   0.015000   0.015000  0.0019000  0.0007000    0.005000    0.002000
1973  11  14  42000   0.087287   0.285187  -0.1560923   0.0033600   0.041443   0.001483   0.015000   0.015000  0.0019000  0.0007000    0.005000    0.002000
1973  11  15  42001   0.087787   0.284387  -0.1595283   0.0035090   0.041272   0.001482   0.015000   0.015000  0.0019000  0.0007000    0.005000    0.002000
1973  11  16  42002   0.088387   0.283487  -0.1631173   0.0036790   0.041226   0.001368   0.015000   0.015000  0.0019000  0.0007000    0.005000    0.002000
1973  11  17  42003   0.088988   0.282688  -0.1668623   0.0038030   0.041389   0.001255   0.015000   0.015000  0.0019000  0.0007000    0.005000    0.002000
1973  11  18  42004   0.089588   0.281888  -0.1706893   0.0038360   0.041675   0.001277   0.015000   0.015000  0.0019000  0.0007000    0.005000    0.002000
1973  11  19  42005   0.090188   0.281088  -0.1745073   0.0037850   0.041929   0.001448   0.015000   0.015000  0.0019000  0.0007000    0.005000    0.002000
1973  11  20  42006   0.090788   0.280288  -0.1782333   0.0036560   0.042032   0.001686   0.015000   0.015000  0.0019000  0.0007000    0.005000    0.002000
1973  11  21  42007   0.091489   0.279489  -0.1818003   0.0034710   0.041942   0.001905   0.015000   0.015000  0.0019000  0.0007000    0.005000    0.002000
1973  11  22  42008   0.092089   0.278689  -0.1851653   0.0032570   0.041740   0.002039   0.015000   0.015000  0.0019000  0.0007000    0.005000    0.002000
1973  11  23  42009   0.092689   0.277889  -0.1883233   0.0030400   0.041583   0.002047   0.015000   0.015000  0.0019000  0.0007000    0.005000    0.002000
1973  11  24  42010   0.093389   0.277089  -0.1912653   0.0028490   0.041560   0.001930   0.015000   0.015000  0.0019000  0.0007000    0.005000    0.002000
1973  11  25  42011   0.094090   0.276290  -0.1940353   0.0027030   0.041653   0.001768   0.015000   0.015000  0.0019000  0.0007000    0.005000    0.002000
1973  11  26  42012   0.094790   0.275490  -0.1966903   0.0026250   0.041848   0.001689   0.015000   0.015000  0.0019000  0.0007000    0.005000    0.002000
1973  11  27  42013   0.095490   0.274690  -0.1993063   0.0026080   0.042186   0.001762   0.015000   0.015000  0.0019000  0.0007000    0.005000    0.002000
1973  11  28  42014   0.096191   0.273891  -0.2019243   0.0026350   0.042646   0.001920   0.015000   0.015000  0.0019000  0.0007000    0.005000    0.002000
1973  11  29  42015   0.096891   0.273091  -0.2046013   0.0027250   0.043045   0.002045   0.015000   0.015000  0.0019000  0.0007000    0.005000    0.002000
1973  11  30  42016   0.097591   0.272291  -0.2073823   0.0028410   0.043188   0.002109   0.015000   0.015000  0.0019000  0.0007000    0.005000    0.002000
1973  12   1  42017   0.098291   0.271491  -0.2102863   0.0029760   0.043087   0.002184   0.015000   0.015000  0.0019000  0.0007000    0.005000    0.002000
1973  12   2  42018   0.099092   0.270592  -0.2133323   0.0031020   0.042943   0.002309   0.015000   0.015000  0.0019000  0.0007000    0.005000    0.002000
1973  12   3  42019   0.099792   0.269692  -0.2164933   0.0032130   0.042872   0.002382   0.015000   0.015000  0.0019000  0.0007000    0.005000    0.002000
1973  12   4  42020   0.100592   0.268792  -0.2197423   0.0032790   0.042793   0.002279   0.015000   0.015000  0.0019000  0.0007000    0.005000    0.002000
1973  12   5  42021   0.101292   0.267892  -0.2230213   0.0032860   0.042624   0.002061   0.015000   0.015000  0.0019000  0.0007000    0.005000    0.002000
1973  12   6  42022   0.102093   0.266893  -0.2262823   0.0032250   0.042457   0.001966   0.015000   0.015000  0.0019000  0.0007000    0.005000    0.002000
1973  12   7  42023   0.102793   0.265893  -0.2294513   0.0031140   0.042444   0.002130   0.015000   0.015000  0.0019000  0.0007000    0.005000    0.002000
1973  12   8  42024   0.103593   0.264893  -0.2324903   0.0029640   0.042649   0.002384   0.015000   0.015000  0.0019000  0.0007000    0.005000    0.002000
1973  12   9  42025   0.104294   0.263794  -0.2353963   0.0028480   0.043063   0.002468   0.015000   0.015000  0.0019000  0.0007000    0.005000    0.002000
1973  12  10  42026   0.104994   0.262694  -0.2382213   0.0028080   0.043581   0.002383   0.015000   0.015000  0.0019000  0.0007000    0.005000    0.002000
1973  12  11  42027   0.105694   0.261494  -0.2410503   0.0028760   0.043931   0.002341   0.015000   0.015000  0.0019000  0.0007000    0.005000    0.002000
1973  12  12  42028   0.106394   0.260394  -0.2439953   0.0030290   0.043871   0.002404   0.015000   0.015000  0.0019000  0.0007000    0.005000    0.002000
1973  12  13  42029   0.107095   0.259095  -0.2471313   0.0032360   0.043538   0.002388   0.015000   0.015000  0.0019000  0.0007000    0.005000    0.002000
1973  12  14  42030   0.107795   0.257895  -0.2504603   0.0034100   0.043350   0.002200   0.015000   0.015000  0.0019000  0.0007000    0.005000    0.002000
1973  12  15  42031   0.108395   0.256595  -0.2539163   0.0034970   0.043496   0.002028   0.015000   0.015000  0.0019000  0.0007000    0.005000    0.002000
1973  12  16  42032   0.109096   0.255196  -0.2574283   0.0034920   0.043754   0.002089   0.015000   0.015000  0.0019000  0.0007000    0.005000    0.002000
1973  12  17  42033   0.109596   0.253796  -0.2608694   0.0033850   0.043860   0.002342   0.015000   0.015000  0.0019000  0.0007000    0.005000    0.002000
1973  12  18  42034   0.110196   0.252396  -0.2641794   0.0032180   0.043795   0.002570   0.015000   0.015000  0.0019000  0.0007000    0.005000    0.002000
1973  12  19  42035   0.110696   0.250996  -0.2672954   0.0030030   0.043658   0.002657   0.015000   0.015000  0.0019000  0.0007000    0.005000    0.002000
1973  12  20  42036   0.111197   0.249497  -0.2701864   0.0027910   0.043488   0.002654   0.015000   0.015000  0.0019000  0.0007000    0.005000    0.002000
1973  12  21  42037   0.111697   0.247997  -0.2728754   0.0025930   0.043311   0.002628   0.015000   0.015000  0.0019000  0.0007000    0.005000    0.002000
1973  12  22  42038   0.112097   0.246397  -0.2753864   0.0024370   0.043199   0.002569   0.015000   0.015000  0.0019000  0.0007000    0.005000    0.002000
1973  12  23  42039   0.112497   0.244897  -0.2777674   0.0023250   0.043216   0.002464   0.015000   0.015000  0.0019000  0.0007000    0.005000    0.002000
1973  12  24  42040   0.112798   0.243298  -0.2800674   0.0022730   0.043371   0.002390   0.015000   0.015000  0.0019000  0.0007000    0.005000    0.002000
1973  12  25  42041   0.113098   0.241598  -0.2823434   0.0022980   0.043645   0.002453   0.015000   0.015000  0.0019000  0.0007000    0.005000    0.002000
1973  12  26  42042   0.113298   0.239998  -0.2846674   0.0023680   0.043984   0.002644   0.015000   0.015000  0.0019000  0.0007000    0.005000    0.002000
1973  12  27  42043   0.113499   0.238399  -0.2870884   0.0024660   0.044256   0.002819   0.015000   0.015000  0.0019000  0.0007000    0.005000    0.002000
1973  12  28  42044   0.113599   0.236699  -0.2896134   0.0025850   0.044326   0.002867   0.015000   0.015000  0.0019000  0.0007000    0.005000    0.002000
1973  12  29  42045   0.113699   0.235099  -0.2922654   0.0027050   0.044203   0.002831   0.015000   0.015000  0.0019000  0.0007000    0.005000    0.002000
1973  12  30  42046   0.113699   0.233399  -0.2950164   0.0027900   0.044066   0.002823   0.015000   0.015000  0.0019000  0.0007000    0.005000    0.002000
1973  12  31  42047   0.113600   0.231800  -0.2978324   0.0028560   0.044049   0.002855   0.015000   0.015000  0.0019000  0.0007000    0.005000    0.002000
