

                   INTERNATIONAL EARTH ROTATION AND REFERENCE SYSTEMS SERVICE
                        EARTH ORIENTATION PARAMETERS
                          EOP (IERS) 05 C04

  
             FORMAT(3(I4),I7,2(F11.6),2(F12.7),2(F11.6),2(F11.6),2(F11.7),2F12.6)
**********************************************************************************
  
      Date      MJD      x          y        UT1-UTC       LOD         dPsi      dEps       x Err     y Err   UT1-UTC Err  LOD Err    dPsi Err   dEpsilon Err
                         "          "           s           s            "         "        "          "          s           s            "         "
     (0h UTC)

2007   1   1  54101  -0.049476   0.347389   0.0375583   0.0007487  -0.058227  -0.001749   0.000010   0.000018  0.0000266  0.0000021    0.000440    0.000304
2007   1   2  54102  -0.049956   0.348610   0.0369471   0.0005830  -0.058226  -0.002164   0.000012   0.000025  0.0000232  0.0000020    0.000479    0.000313
2007   1   3  54103  -0.051207   0.350003   0.0363956   0.0005067  -0.058139  -0.002509   0.000019   0.000016  0.0000261  0.0000020    0.000476    0.000312
2007   1   4  54104  -0.052950   0.351339   0.0358320   0.0005485  -0.057936  -0.002619   0.000012   0.000012  0.0000296  0.0000019    0.000391    0.000279
2007   1   5  54105  -0.054579   0.352757   0.0352576   0.0007175  -0.057557  -0.002464   0.000009   0.000015  0.0000233  0.0000020    0.000288    0.000226
2007   1   6  54106  -0.055949   0.354260   0.0344585   0.0009138  -0.056998  -0.002153   0.000010   0.000027  0.0000264  0.0000021    0.000285    0.000224
2007   1   7  54107  -0.056752   0.355662   0.0334763   0.0010635  -0.056456  -0.001880   0.000013   0.000034  0.0000361  0.0000021    0.000315    0.000249
2007   1   8  54108  -0.057191   0.357202   0.0323299   0.0012026  -0.056209  -0.001797   0.000020   0.000036  0.0000386  0.0000017    0.000421    0.000336
2007   1   9  54109  -0.057567   0.359079   0.0310679   0.0013276  -0.056428  -0.001907   0.000018   0.000028  0.0000204  0.0000016    0.000211    0.000157
2007   1  10  54110  -0.058151   0.361242   0.0297261   0.0013570  -0.057007  -0.002069   0.000016   0.000016  0.0000128  0.0000018    0.000115    0.000084
2007   1  11  54111  -0.059009   0.363169   0.0283325   0.0013120  -0.057370  -0.002089   0.000011   0.000015  0.0000161  0.0000019    0.000108    0.000080
2007   1  12  54112  -0.059190   0.364738   0.0270902   0.0012362  -0.057438  -0.002033   0.000008   0.000015  0.0000219  0.0000019    0.000146    0.000113
2007   1  13  54113  -0.058683   0.366457   0.0258211   0.0011306  -0.057453  -0.002104   0.000009   0.000015  0.0000265  0.0000020    0.000150    0.000117
2007   1  14  54114  -0.058377   0.368200   0.0247813   0.0009981  -0.057497  -0.002355   0.000010   0.000016  0.0000315  0.0000019    0.000147    0.000106
2007   1  15  54115  -0.058015   0.369763   0.0238424   0.0008695  -0.057545  -0.002657   0.000009   0.000016  0.0000261  0.0000017    0.000129    0.000072
2007   1  16  54116  -0.057396   0.371477   0.0230309   0.0007963  -0.057600  -0.002844   0.000009   0.000014  0.0000183  0.0000017    0.000129    0.000072
2007   1  17  54117  -0.056986   0.373296   0.0221834   0.0007942  -0.057676  -0.002864   0.000009   0.000012  0.0000214  0.0000018    0.000129    0.000072
2007   1  18  54118  -0.056540   0.375051   0.0213956   0.0008849  -0.057746  -0.002791   0.000011   0.000016  0.0000273  0.0000019    0.000219    0.000134
2007   1  19  54119  -0.055944   0.377289   0.0204568   0.0010846  -0.057712  -0.002701   0.000012   0.000027  0.0000280  0.0000019    0.000278    0.000188
2007   1  20  54120  -0.055714   0.379825   0.0192164   0.0013739  -0.057554  -0.002609   0.000010   0.000017  0.0000320  0.0000020    0.000278    0.000188
2007   1  21  54121  -0.055641   0.381776   0.0176703   0.0016890  -0.057415  -0.002518   0.000010   0.000013  0.0000356  0.0000019    0.000202    0.000146
2007   1  22  54122  -0.055347   0.383428   0.0158509   0.0019790  -0.057481  -0.002475   0.000013   0.000011  0.0000157  0.0000019    0.000099    0.000076
2007   1  23  54123  -0.055078   0.385184   0.0138159   0.0021403  -0.057780  -0.002509   0.000018   0.000010  0.0000091  0.0000020    0.000099    0.000076
2007   1  24  54124  -0.054840   0.387062   0.0116752   0.0021084  -0.058144  -0.002568   0.000019   0.000011  0.0000101  0.0000018    0.000100    0.000083
2007   1  25  54125  -0.054674   0.388957   0.0096146   0.0019326  -0.058433  -0.002596   0.000018   0.000014  0.0000143  0.0000017    0.000110    0.000117
2007   1  26  54126  -0.054363   0.390630   0.0077855   0.0017008  -0.058621  -0.002598   0.000011   0.000014  0.0000187  0.0000019    0.000141    0.000148
2007   1  27  54127  -0.053746   0.392265   0.0062035   0.0014268  -0.058669  -0.002591   0.000009   0.000013  0.0000317  0.0000021    0.000187    0.000188
2007   1  28  54128  -0.052949   0.393943   0.0048977   0.0011628  -0.058583  -0.002616   0.000010   0.000018  0.0000359  0.0000022    0.000192    0.000159
2007   1  29  54129  -0.051904   0.395826   0.0038106   0.0010171  -0.058369  -0.002714   0.000013   0.000026  0.0000288  0.0000022    0.000145    0.000085
2007   1  30  54130  -0.050903   0.397814   0.0028260   0.0009790  -0.058028  -0.002882   0.000012   0.000016  0.0000271  0.0000020    0.000145    0.000085
2007   1  31  54131  -0.050247   0.399620   0.0018274   0.0010318  -0.057638  -0.003054   0.000012   0.000012  0.0000398  0.0000019    0.000145    0.000086
2007   2   1  54132  -0.049834   0.401143   0.0007208   0.0011747  -0.057321  -0.003128   0.000020   0.000012  0.0000440  0.0000018    0.000165    0.000147
2007   2   2  54133  -0.049214   0.402261  -0.0005310   0.0013527  -0.057120  -0.003036   0.000019   0.000015  0.0000261  0.0000018    0.000170    0.000189
2007   2   3  54134  -0.047730   0.403142  -0.0019572   0.0015300  -0.056952  -0.002824   0.000013   0.000017  0.0000305  0.0000021    0.000170    0.000189
2007   2   4  54135  -0.045718   0.404337  -0.0035346   0.0016317  -0.056755  -0.002634   0.000011   0.000018  0.0000359  0.0000022    0.000143    0.000142
2007   2   5  54136  -0.043595   0.405902  -0.0052118   0.0016936  -0.056612  -0.002588   0.000014   0.000025  0.0000175  0.0000022    0.000085    0.000073
2007   2   6  54137  -0.041322   0.407857  -0.0069260   0.0017152  -0.056667  -0.002671   0.000020   0.000017  0.0000113  0.0000022    0.000093    0.000079
2007   2   7  54138  -0.039561   0.410261  -0.0086037   0.0016427  -0.056939  -0.002760   0.000020   0.000017  0.0000155  0.0000020    0.000140    0.000119
2007   2   8  54139  -0.038576   0.412702  -0.0102221   0.0015404  -0.057224  -0.002806   0.000013   0.000026  0.0000231  0.0000019    0.000291    0.000234
2007   2   9  54140  -0.037787   0.414954  -0.0116670   0.0013587  -0.057490  -0.002914   0.000010   0.000018  0.0000220  0.0000018    0.000226    0.000165
2007   2  10  54141  -0.036894   0.416851  -0.0129332   0.0011691  -0.057654  -0.003178   0.000011   0.000015  0.0000271  0.0000020    0.000188    0.000135
2007   2  11  54142  -0.036035   0.418481  -0.0140413   0.0010306  -0.057614  -0.003556   0.000013   0.000016  0.0000347  0.0000022    0.000174    0.000133
2007   2  12  54143  -0.035010   0.420187  -0.0150076   0.0008758  -0.057351  -0.003858   0.000012   0.000020  0.0000248  0.0000022    0.000137    0.000146
2007   2  13  54144  -0.033864   0.421969  -0.0158124   0.0007425  -0.057015  -0.003941   0.000010   0.000018  0.0000179  0.0000022    0.000137    0.000146
2007   2  14  54145  -0.032710   0.423600  -0.0165530   0.0007437  -0.056897  -0.003897   0.000009   0.000017  0.0000228  0.0000023    0.000155    0.000161
2007   2  15  54146  -0.031532   0.425270  -0.0172921   0.0008305  -0.057137  -0.003924   0.000010   0.000025  0.0000251  0.0000023    0.000223    0.000174
2007   2  16  54147  -0.030849   0.426795  -0.0181104   0.0009453  -0.057483  -0.004047   0.000012   0.000018  0.0000233  0.0000023    0.000155    0.000116
2007   2  17  54148  -0.030368   0.427935  -0.0191694   0.0011396  -0.057468  -0.004116   0.000022   0.000015  0.0000329  0.0000024    0.000132    0.000099
2007   2  18  54149  -0.029567   0.429242  -0.0203377   0.0014103  -0.057140  -0.003982   0.000020   0.000019  0.0000560  0.0000025    0.000149    0.000110
2007   2  19  54150  -0.028620   0.430670  -0.0218752   0.0015992  -0.056955  -0.003736   0.000012   0.000018  0.0000579  0.0000023    0.000455    0.000275
2007   2  20  54151  -0.027759   0.432039  -0.0234721   0.0015784  -0.057169  -0.003586   0.000010   0.000018  0.0000275  0.0000023    0.000226    0.000154
2007   2  21  54152  -0.026988   0.433404  -0.0249997   0.0013886  -0.057623  -0.003573   0.000010   0.000016  0.0000173  0.0000023    0.000123    0.000086
2007   2  22  54153  -0.025620   0.434640  -0.0262973   0.0011171  -0.057956  -0.003645   0.000012   0.000012  0.0000212  0.0000022    0.000120    0.000084
2007   2  23  54154  -0.023546   0.436005  -0.0272699   0.0008436  -0.058069  -0.003746   0.000013   0.000012  0.0000259  0.0000022    0.000216    0.000134
2007   2  24  54155  -0.021323   0.437185  -0.0280418   0.0006174  -0.058049  -0.003907   0.000013   0.000015  0.0000275  0.0000023    0.000233    0.000141
2007   2  25  54156  -0.019222   0.438185  -0.0285659   0.0004739  -0.057949  -0.004150   0.000014   0.000016  0.0000252  0.0000022    0.000203    0.000125
2007   2  26  54157  -0.017531   0.439322  -0.0290073   0.0004205  -0.057755  -0.004406   0.000014   0.000013  0.0000206  0.0000021    0.000127    0.000081
2007   2  27  54158  -0.015992   0.440558  -0.0294386   0.0004528  -0.057424  -0.004596   0.000021   0.000012  0.0000180  0.0000021    0.000126    0.000080
2007   2  28  54159  -0.014690   0.442110  -0.0299352   0.0005620  -0.056969  -0.004694   0.000024   0.000012  0.0000264  0.0000021    0.000127    0.000081
2007   3   1  54160  -0.013826   0.443789  -0.0305362   0.0007010  -0.056532  -0.004698   0.000026   0.000013  0.0000397  0.0000020    0.000182    0.000143
2007   3   2  54161  -0.013175   0.445660  -0.0313050   0.0008580  -0.056270  -0.004587   0.000023   0.000014  0.0000292  0.0000019    0.000206    0.000192
2007   3   3  54162  -0.012835   0.447532  -0.0322574   0.0010371  -0.056201  -0.004373   0.000014   0.000017  0.0000345  0.0000019    0.000206    0.000192
2007   3   4  54163  -0.012367   0.448903  -0.0333419   0.0011671  -0.056184  -0.004151   0.000011   0.000024  0.0000280  0.0000019    0.000193    0.000144
2007   3   5  54164  -0.011671   0.450176  -0.0345298   0.0012369  -0.056120  -0.004062   0.000010   0.000017  0.0000187  0.0000021    0.000144    0.000074
2007   3   6  54165  -0.011171   0.451338  -0.0357763   0.0012260  -0.056037  -0.004140   0.000010   0.000013  0.0000146  0.0000022    0.000154    0.000079
2007   3   7  54166  -0.010609   0.452451  -0.0369859   0.0012012  -0.056006  -0.004273   0.000012   0.000013  0.0000193  0.0000021    0.000203    0.000111
2007   3   8  54167  -0.009887   0.453892  -0.0381439   0.0011547  -0.056152  -0.004395   0.000011   0.000013  0.0000276  0.0000020    0.000280    0.000184
2007   3   9  54168  -0.009082   0.455114  -0.0392118   0.0009680  -0.056432  -0.004553   0.000009   0.000013  0.0000531  0.0000020    0.000308    0.000224
2007   3  10  54169  -0.008179   0.456044  -0.0401241   0.0007706  -0.056700  -0.004854   0.000010   0.000013  0.0000526  0.0000022    0.000251    0.000197
2007   3  11  54170  -0.007318   0.456936  -0.0408540   0.0006517  -0.056781  -0.005278   0.000011   0.000015  0.0000401  0.0000023    0.000095    0.000083
2007   3  12  54171  -0.006477   0.457762  -0.0414515   0.0005534  -0.056519  -0.005603   0.000010   0.000018  0.0000241  0.0000023    0.000096    0.000084
2007   3  13  54172  -0.005798   0.458772  -0.0420185   0.0005302  -0.055977  -0.005631   0.000010   0.000017  0.0000182  0.0000022    0.000105    0.000091
2007   3  14  54173  -0.005336   0.459950  -0.0426231   0.0006097  -0.055518  -0.005471   0.000010   0.000014  0.0000262  0.0000023    0.000161    0.000141
2007   3  15  54174  -0.004494   0.461037  -0.0432810   0.0007771  -0.055606  -0.005469   0.000010   0.000014  0.0000333  0.0000022    0.000385    0.000298
2007   3  16  54175  -0.002904   0.462202  -0.0442162   0.0011126  -0.056031  -0.005724   0.000010   0.000015  0.0000233  0.0000019    0.000281    0.000188
2007   3  17  54176  -0.000922   0.463503  -0.0455338   0.0015432  -0.056137  -0.005911   0.000011   0.000018  0.0000288  0.0000018    0.000224    0.000149
2007   3  18  54177   0.001199   0.464777  -0.0472644   0.0018845  -0.055847  -0.005695   0.000014   0.000018  0.0000314  0.0000020    0.000191    0.000133
2007   3  19  54178   0.003276   0.466633  -0.0492763   0.0020617  -0.055692  -0.005194   0.000013   0.000019  0.0000221  0.0000020    0.000132    0.000106
2007   3  20  54179   0.005063   0.468991  -0.0513712   0.0020933  -0.055994  -0.004838   0.000013   0.000028  0.0000152  0.0000019    0.000132    0.000106
2007   3  21  54180   0.006334   0.470776  -0.0533950   0.0018916  -0.056550  -0.004841   0.000019   0.000026  0.0000199  0.0000020    0.000132    0.000106
2007   3  22  54181   0.006934   0.471742  -0.0551254   0.0014758  -0.056989  -0.005066   0.000012   0.000016  0.0000321  0.0000022    0.000155    0.000141
2007   3  23  54182   0.007410   0.472390  -0.0564229   0.0010670  -0.057143  -0.005359   0.000009   0.000013  0.0000244  0.0000023    0.000161    0.000154
2007   3  24  54183   0.008292   0.473040  -0.0573521   0.0008046  -0.056997  -0.005734   0.000011   0.000012  0.0000318  0.0000021    0.000161    0.000154
2007   3  25  54184   0.009545   0.473559  -0.0581066   0.0007123  -0.056601  -0.006177   0.000014   0.000012  0.0000561  0.0000021    0.000148    0.000139
2007   3  26  54185   0.010671   0.474122  -0.0588216   0.0007137  -0.056122  -0.006515   0.000012   0.000013  0.0000222  0.0000022    0.000103    0.000093
2007   3  27  54186   0.011730   0.474869  -0.0595450   0.0007917  -0.055755  -0.006592   0.000010   0.000013  0.0000128  0.0000022    0.000109    0.000089
2007   3  28  54187   0.013430   0.475618  -0.0603996   0.0009507  -0.055550  -0.006459   0.000009   0.000015  0.0000159  0.0000021    0.000132    0.000082
2007   3  29  54188   0.015726   0.476321  -0.0614535   0.0011414  -0.055376  -0.006321   0.000010   0.000015  0.0000218  0.0000016    0.000158    0.000084
2007   3  30  54189   0.018128   0.477166  -0.0626590   0.0012768  -0.055189  -0.006213   0.000010   0.000013  0.0000213  0.0000013    0.000162    0.000115
2007   3  31  54190   0.020376   0.478078  -0.0639740   0.0013584  -0.055050  -0.006017   0.000012   0.000014  0.0000287  0.0000013    0.000162    0.000119
2007   4   1  54191   0.022648   0.478868  -0.0653665   0.0014749  -0.054977  -0.005735   0.000011   0.000020  0.0000357  0.0000013    0.000157    0.000113
2007   4   2  54192   0.025199   0.479709  -0.0668791   0.0015495  -0.054937  -0.005548   0.000009   0.000027  0.0000193  0.0000015    0.000132    0.000091
2007   4   3  54193   0.027978   0.480805  -0.0684454   0.0015676  -0.054914  -0.005635   0.000011   0.000015  0.0000132  0.0000018    0.000132    0.000091
2007   4   4  54194   0.030684   0.482105  -0.0699752   0.0015081  -0.054907  -0.005969   0.000012   0.000012  0.0000162  0.0000020    0.000138    0.000099
2007   4   5  54195   0.033224   0.483220  -0.0714291   0.0013834  -0.054884  -0.006343   0.000012   0.000014  0.0000183  0.0000020    0.000160    0.000142
2007   4   6  54196   0.035728   0.484246  -0.0727772   0.0012828  -0.054797  -0.006617   0.000012   0.000014  0.0000227  0.0000020    0.000162    0.000147
2007   4   7  54197   0.038123   0.485232  -0.0740257   0.0012185  -0.054646  -0.006830   0.000012   0.000012  0.0000251  0.0000020    0.000162    0.000147
2007   4   8  54198   0.040085   0.486035  -0.0752572   0.0012240  -0.054475  -0.007054   0.000017   0.000014  0.0000292  0.0000019    0.000159    0.000141
2007   4   9  54199   0.041438   0.486802  -0.0764671   0.0012083  -0.054296  -0.007219   0.000016   0.000013  0.0000341  0.0000019    0.000128    0.000093
2007   4  10  54200   0.042589   0.487398  -0.0776557   0.0011917  -0.054136  -0.007202   0.000015   0.000010  0.0000139  0.0000018    0.000128    0.000093
2007   4  11  54201   0.044021   0.487868  -0.0788983   0.0012815  -0.054127  -0.007065   0.000013   0.000010  0.0000141  0.0000018    0.000128    0.000094
2007   4  12  54202   0.045525   0.488437  -0.0802781   0.0014534  -0.054372  -0.007055   0.000009   0.000010  0.0000166  0.0000019    0.000137    0.000104
2007   4  13  54203   0.047028   0.488904  -0.0818492   0.0017585  -0.054685  -0.007271   0.000009   0.000013  0.0000188  0.0000019    0.000171    0.000167
2007   4  14  54204   0.048722   0.489303  -0.0837500   0.0020347  -0.054751  -0.007428   0.000011   0.000024  0.0000280  0.0000019    0.000174    0.000175
2007   4  15  54205   0.050403   0.489697  -0.0858826   0.0022248  -0.054612  -0.007174   0.000013   0.000024  0.0000357  0.0000019    0.000195    0.000196
2007   4  16  54206   0.052229   0.490120  -0.0881634   0.0023160  -0.054698  -0.006586   0.000020   0.000014  0.0000345  0.0000015    0.000780    0.000429
2007   4  17  54207   0.054276   0.490475  -0.0904290   0.0021444  -0.055232  -0.006134   0.000017   0.000013  0.0000257  0.0000013    0.000284    0.000154
2007   4  18  54208   0.056298   0.490510  -0.0924301   0.0018335  -0.055911  -0.006121   0.000010   0.000011  0.0000190  0.0000015    0.000153    0.000083
2007   4  19  54209   0.058157   0.490440  -0.0940752   0.0014249  -0.056313  -0.006411   0.000007   0.000011  0.0000221  0.0000017    0.000183    0.000108
2007   4  20  54210   0.059804   0.490457  -0.0953207   0.0010401  -0.056298  -0.006763   0.000008   0.000012  0.0000214  0.0000017    0.000202    0.000195
2007   4  21  54211   0.061315   0.490463  -0.0962402   0.0008359  -0.055916  -0.007124   0.000010   0.000011  0.0000247  0.0000015    0.000166    0.000172
2007   4  22  54212   0.062608   0.490426  -0.0970692   0.0007929  -0.055275  -0.007495   0.000011   0.000011  0.0000236  0.0000016    0.000156    0.000149
2007   4  23  54213   0.063828   0.490467  -0.0978786   0.0008614  -0.054642  -0.007727   0.000008   0.000011  0.0000183  0.0000017    0.000177    0.000108
2007   4  24  54214   0.065224   0.490482  -0.0988078   0.0009710  -0.054352  -0.007664   0.000008   0.000011  0.0000161  0.0000018    0.000177    0.000108
2007   4  25  54215   0.066845   0.490448  -0.0998280   0.0011057  -0.054455  -0.007378   0.000010   0.000014  0.0000236  0.0000019    0.000177    0.000109
2007   4  26  54216   0.068850   0.490619  -0.1010228   0.0012658  -0.054662  -0.007090   0.000014   0.000023  0.0000348  0.0000018    0.000177    0.000163
2007   4  27  54217   0.071011   0.491026  -0.1023322   0.0014129  -0.054704  -0.006897   0.000010   0.000022  0.0000277  0.0000017    0.000177    0.000189
2007   4  28  54218   0.073099   0.491266  -0.1037735   0.0014869  -0.054597  -0.006703   0.000009   0.000015  0.0000335  0.0000017    0.000177    0.000189
2007   4  29  54219   0.075170   0.491247  -0.1052600   0.0014942  -0.054503  -0.006439   0.000012   0.000012  0.0000367  0.0000018    0.000177    0.000189
2007   4  30  54220   0.077186   0.491202  -0.1067034   0.0014311  -0.054492  -0.006236   0.000010   0.000015  0.0000368  0.0000016    0.000176    0.000188
2007   5   1  54221   0.079114   0.491146  -0.1080683   0.0013173  -0.054530  -0.006312   0.000008   0.000019  0.0000382  0.0000016    0.000167    0.000171
2007   5   2  54222   0.080895   0.491017  -0.1092981   0.0011568  -0.054566  -0.006718   0.000008   0.000012  0.0000291  0.0000017    0.000167    0.000171
2007   5   3  54223   0.082797   0.490608  -0.1103853   0.0010074  -0.054565  -0.007262   0.000008   0.000010  0.0000232  0.0000017    0.000168    0.000172
2007   5   4  54224   0.085071   0.489973  -0.1113408   0.0009063  -0.054486  -0.007702   0.000008   0.000010  0.0000207  0.0000015    0.000172    0.000175
2007   5   5  54225   0.087408   0.489271  -0.1121660   0.0007606  -0.054361  -0.007893   0.000010   0.000011  0.0000258  0.0000015    0.000174    0.000177
2007   5   6  54226   0.089579   0.488352  -0.1128917   0.0006470  -0.054247  -0.007906   0.000017   0.000014  0.0000342  0.0000016    0.000169    0.000167
2007   5   7  54227   0.091657   0.487366  -0.1135361   0.0006440  -0.054181  -0.007852   0.000011   0.000021  0.0000238  0.0000015    0.000141    0.000125
2007   5   8  54228   0.093609   0.486619  -0.1142208   0.0007897  -0.054137  -0.007758   0.000008   0.000014  0.0000173  0.0000015    0.000141    0.000125
2007   5   9  54229   0.095438   0.485891  -0.1151362   0.0010431  -0.054070  -0.007658   0.000008   0.000011  0.0000247  0.0000017    0.000142    0.000125
2007   5  10  54230   0.097458   0.485060  -0.1163258   0.0013436  -0.054010  -0.007634   0.000008   0.000011  0.0000344  0.0000017    0.000166    0.000144
2007   5  11  54231   0.099570   0.484493  -0.1178317   0.0016538  -0.054012  -0.007712   0.000011   0.000014  0.0000264  0.0000016    0.000173    0.000150
2007   5  12  54232   0.101570   0.483948  -0.1196513   0.0020097  -0.054108  -0.007739   0.000020   0.000016  0.0000340  0.0000013    0.000173    0.000150
2007   5  13  54233   0.103844   0.483253  -0.1218300   0.0022298  -0.054367  -0.007518   0.000025   0.000017  0.0000338  0.0000007    0.000155    0.000116
2007   5  14  54234   0.106507   0.482513  -0.1240306   0.0021811  -0.054892  -0.007105   0.000024   0.000026  0.0000223  0.0000007    0.000101    0.000061
2007   5  15  54235   0.109430   0.481757  -0.1261049   0.0019382  -0.055618  -0.006816   0.000019   0.000024  0.0000153  0.0000014    0.000101    0.000061
2007   5  16  54236   0.112291   0.480950  -0.1278563   0.0015568  -0.056247  -0.006868   0.000011   0.000025  0.0000186  0.0000017    0.000102    0.000061
2007   5  17  54237   0.114856   0.480038  -0.1292280   0.0012159  -0.056530  -0.007157   0.000010   0.000024  0.0000238  0.0000017    0.000206    0.000132
2007   5  18  54238   0.117144   0.479125  -0.1303199   0.0009642  -0.056451  -0.007464   0.000009   0.000015  0.0000217  0.0000018    0.000343    0.000272
2007   5  19  54239   0.119163   0.478084  -0.1312275   0.0008503  -0.056096  -0.007725   0.000008   0.000015  0.0000298  0.0000018    0.000344    0.000273
2007   5  20  54240   0.120898   0.476942  -0.1320939   0.0008637  -0.055543  -0.007943   0.000008   0.000023  0.0000405  0.0000018    0.000252    0.000176
2007   5  21  54241   0.122461   0.475550  -0.1330573   0.0009082  -0.055022  -0.008005   0.000008   0.000015  0.0000242  0.0000015    0.000127    0.000081
2007   5  22  54242   0.124360   0.474073  -0.1339553   0.0009603  -0.054881  -0.007769   0.000008   0.000011  0.0000177  0.0000015    0.000139    0.000089
2007   5  23  54243   0.126676   0.473197  -0.1349289   0.0010667  -0.055209  -0.007304   0.000008   0.000011  0.0000234  0.0000018    0.000215    0.000136
2007   5  24  54244   0.129008   0.472741  -0.1360428   0.0012173  -0.055720  -0.006871   0.000008   0.000013  0.0000295  0.0000017    0.000522    0.000347
2007   5  25  54245   0.131399   0.471996  -0.1373317   0.0013058  -0.056031  -0.006661   0.000008   0.000014  0.0000275  0.0000017    0.000377    0.000269
2007   5  26  54246   0.133688   0.471125  -0.1386496   0.0012812  -0.056075  -0.006651   0.000009   0.000012  0.0000351  0.0000018    0.000302    0.000215
2007   5  27  54247   0.135501   0.470240  -0.1398799   0.0011904  -0.056059  -0.006710   0.000011   0.000012  0.0000449  0.0000019    0.000280    0.000199
2007   5  28  54248   0.137145   0.468984  -0.1410389   0.0010948  -0.056127  -0.006801   0.000016   0.000014  0.0000496  0.0000019    0.000102    0.000070
2007   5  29  54249   0.138831   0.467471  -0.1420189   0.0009341  -0.056241  -0.007005   0.000011   0.000014  0.0000156  0.0000019    0.000099    0.000067
2007   5  30  54250   0.140795   0.465752  -0.1428269   0.0007663  -0.056324  -0.007341   0.000011   0.000015  0.0000162  0.0000019    0.000099    0.000067
2007   5  31  54251   0.143399   0.463917  -0.1434826   0.0005804  -0.056367  -0.007658   0.000011   0.000022  0.0000203  0.0000018    0.000114    0.000075
2007   6   1  54252   0.146307   0.462176  -0.1439502   0.0003415  -0.056414  -0.007774   0.000012   0.000020  0.0000220  0.0000013    0.000242    0.000126
2007   6   2  54253   0.149130   0.460528  -0.1442241   0.0001988  -0.056486  -0.007663   0.000017   0.000013  0.0000296  0.0000013    0.000273    0.000133
2007   6   3  54254   0.151568   0.458984  -0.1444017   0.0001552  -0.056583  -0.007463   0.000012   0.000012  0.0000336  0.0000017    0.000185    0.000107
2007   6   4  54255   0.153867   0.457393  -0.1445478   0.0002450  -0.056715  -0.007332   0.000009   0.000011  0.0000185  0.0000020    0.000087    0.000058
2007   6   5  54256   0.156409   0.455984  -0.1449293   0.0004535  -0.056851  -0.007312   0.000009   0.000013  0.0000134  0.0000021    0.000087    0.000058
2007   6   6  54257   0.158732   0.454775  -0.1455242   0.0006740  -0.056879  -0.007337   0.000011   0.000014  0.0000194  0.0000022    0.000087    0.000058
2007   6   7  54258   0.160575   0.453232  -0.1462789   0.0008631  -0.056748  -0.007339   0.000019   0.000011  0.0000343  0.0000022    0.000152    0.000112
2007   6   8  54259   0.162387   0.451536  -0.1472571   0.0010215  -0.056576  -0.007298   0.000019   0.000011  0.0000285  0.0000020    0.000200    0.000172
2007   6   9  54260   0.164429   0.450071  -0.1483278   0.0011248  -0.056593  -0.007208   0.000012   0.000012  0.0000334  0.0000020    0.000200    0.000173
2007   6  10  54261   0.166741   0.448693  -0.1494659   0.0011385  -0.056931  -0.007060   0.000010   0.000015  0.0000328  0.0000021    0.000174    0.000124
2007   6  11  54262   0.169142   0.447256  -0.1505222   0.0010306  -0.057517  -0.006907   0.000009   0.000014  0.0000214  0.0000022    0.000109    0.000062
2007   6  12  54263   0.171331   0.445483  -0.1514498   0.0007687  -0.058114  -0.006856   0.000011   0.000011  0.0000168  0.0000021    0.000119    0.000067
2007   6  13  54264   0.173330   0.443334  -0.1520900   0.0004299  -0.058492  -0.006946   0.000016   0.000011  0.0000246  0.0000019    0.000178    0.000101
2007   6  14  54265   0.175052   0.441238  -0.1523210   0.0001516  -0.058662  -0.007097   0.000011   0.000010  0.0000386  0.0000018    0.000337    0.000228
2007   6  15  54266   0.176634   0.439191  -0.1523825  -0.0000308  -0.058695  -0.007196   0.000008   0.000013  0.0000296  0.0000019    0.000256    0.000221
2007   6  16  54267   0.178364   0.437192  -0.1523132  -0.0000294  -0.058576  -0.007228   0.000008   0.000019  0.0000359  0.0000018    0.000251    0.000217
2007   6  17  54268   0.180305   0.435378  -0.1523119   0.0001134  -0.058265  -0.007232   0.000009   0.000014  0.0000362  0.0000014    0.000205    0.000156
2007   6  18  54269   0.182490   0.433653  -0.1524984   0.0002672  -0.057888  -0.007190   0.000008   0.000011  0.0000224  0.0000013    0.000114    0.000076
2007   6  19  54270   0.184814   0.432001  -0.1528691   0.0004633  -0.057757  -0.007048   0.000008   0.000014  0.0000140  0.0000013    0.000114    0.000076
2007   6  20  54271   0.187140   0.430686  -0.1534336   0.0006476  -0.058062  -0.006845   0.000008   0.000021  0.0000178  0.0000015    0.000122    0.000081
2007   6  21  54272   0.189396   0.429313  -0.1541320   0.0007442  -0.058670  -0.006705   0.000008   0.000019  0.0000287  0.0000018    0.000339    0.000283
2007   6  22  54273   0.191542   0.427280  -0.1548876   0.0007569  -0.059279  -0.006695   0.000010   0.000013  0.0000274  0.0000017    0.000271    0.000282
2007   6  23  54274   0.193626   0.424984  -0.1556091   0.0006815  -0.059708  -0.006747   0.000011   0.000011  0.0000306  0.0000016    0.000218    0.000226
2007   6  24  54275   0.195692   0.422877  -0.1562042   0.0005771  -0.059964  -0.006758   0.000010   0.000012  0.0000299  0.0000018    0.000175    0.000155
2007   6  25  54276   0.198010   0.420884  -0.1567322   0.0004692  -0.060098  -0.006740   0.000009   0.000015  0.0000217  0.0000020    0.000107    0.000076
2007   6  26  54277   0.200723   0.419168  -0.1571022   0.0003282  -0.060090  -0.006809   0.000008   0.000013  0.0000161  0.0000020    0.000116    0.000082
2007   6  27  54278   0.203255   0.417805  -0.1573268   0.0001601  -0.059953  -0.007029   0.000008   0.000013  0.0000232  0.0000017    0.000167    0.000113
2007   6  28  54279   0.205191   0.416429  -0.1574226   0.0000432  -0.059984  -0.007251   0.000008   0.000019  0.0000381  0.0000015    0.000306    0.000196
2007   6  29  54280   0.206727   0.414894  -0.1574262  -0.0000281  -0.060257  -0.007307   0.000008   0.000013  0.0000394  0.0000017    0.000322    0.000423
2007   6  30  54281   0.207934   0.413338  -0.1573889  -0.0000594  -0.060587  -0.007168   0.000009   0.000012  0.0000416  0.0000020    0.000319    0.000460
2007   7   1  54282   0.208648   0.411683  -0.1573485   0.0000120  -0.060842  -0.006941   0.000009   0.000015  0.0000425  0.0000020    0.000219    0.000235
2007   7   2  54283   0.209124   0.409594  -0.1573946   0.0001796  -0.061007  -0.006785   0.000009   0.000015  0.0000273  0.0000020    0.000103    0.000095
2007   7   3  54284   0.209795   0.407273  -0.1577347   0.0004304  -0.061139  -0.006780   0.000009   0.000015  0.0000194  0.0000020    0.000103    0.000095
2007   7   4  54285   0.210719   0.405159  -0.1583179   0.0006683  -0.061282  -0.006873   0.000008   0.000021  0.0000250  0.0000018    0.000103    0.000095
2007   7   5  54286   0.211811   0.403095  -0.1591017   0.0008276  -0.061434  -0.006947   0.000008   0.000014  0.0000331  0.0000016    0.000217    0.000205
2007   7   6  54287   0.213125   0.400911  -0.1599805   0.0009344  -0.061598  -0.006921   0.000009   0.000011  0.0000355  0.0000016    0.000428    0.000459
2007   7   7  54288   0.214365   0.398683  -0.1609242   0.0009436  -0.061812  -0.006796   0.000009   0.000011  0.0000416  0.0000018    0.000430    0.000461
2007   7   8  54289   0.215177   0.396325  -0.1618341   0.0007625  -0.062095  -0.006650   0.000010   0.000011  0.0000385  0.0000019    0.000349    0.000179
2007   7   9  54290   0.215842   0.393782  -0.1624411   0.0004951  -0.062401  -0.006588   0.000012   0.000011  0.0000254  0.0000019    0.000189    0.000068
2007   7  10  54291   0.216686   0.391076  -0.1627781   0.0002163  -0.062644  -0.006686   0.000016   0.000009  0.0000183  0.0000017    0.000192    0.000074
2007   7  11  54292   0.217659   0.388341  -0.1628617  -0.0000303  -0.062765  -0.006935   0.000017   0.000010  0.0000216  0.0000015    0.000201    0.000104
2007   7  12  54293   0.218509   0.385762  -0.1627185  -0.0001960  -0.062693  -0.007080   0.000010   0.000013  0.0000270  0.0000014    0.000210    0.000181
2007   7  13  54294   0.219476   0.383186  -0.1624796  -0.0002868  -0.062548  -0.007072   0.000008   0.000019  0.0000295  0.0000015    0.000216    0.000213
2007   7  14  54295   0.220785   0.380506  -0.1621671  -0.0002503  -0.062487  -0.007037   0.000008   0.000014  0.0000339  0.0000017    0.000217    0.000213
2007   7  15  54296   0.222038   0.377896  -0.1620116  -0.0000986  -0.062497  -0.006988   0.000008   0.000013  0.0000325  0.0000017    0.000212    0.000188
2007   7  16  54297   0.223226   0.375424  -0.1619923   0.0000848  -0.062554  -0.006879   0.000008   0.000019  0.0000265  0.0000016    0.000188    0.000119
2007   7  17  54298   0.224548   0.372982  -0.1621593   0.0002405  -0.062719  -0.006700   0.000010   0.000022  0.0000206  0.0000016    0.000188    0.000119
2007   7  18  54299   0.225905   0.370505  -0.1624895   0.0003536  -0.063029  -0.006515   0.000016   0.000022  0.0000272  0.0000015    0.000188    0.000119
2007   7  19  54300   0.227073   0.368036  -0.1628874   0.0004058  -0.063447  -0.006440   0.000018   0.000020  0.0000445  0.0000015    0.000269    0.000180
2007   7  20  54301   0.227871   0.365453  -0.1632620   0.0003399  -0.063858  -0.006520   0.000015   0.000012  0.0000381  0.0000016    0.000305    0.000210
2007   7  21  54302   0.228518   0.362655  -0.1635595   0.0002320  -0.064177  -0.006685   0.000010   0.000010  0.0000378  0.0000016    0.000305    0.000210
2007   7  22  54303   0.229132   0.359717  -0.1637273   0.0000872  -0.064400  -0.006814   0.000011   0.000012  0.0000366  0.0000016    0.000255    0.000169
2007   7  23  54304   0.229715   0.357086  -0.1637159  -0.0000923  -0.064578  -0.006867   0.000017   0.000012  0.0000343  0.0000016    0.000146    0.000092
2007   7  24  54305   0.230134   0.355049  -0.1635100  -0.0002755  -0.064731  -0.006893   0.000018   0.000009  0.0000319  0.0000016    0.000146    0.000092
2007   7  25  54306   0.230211   0.352960  -0.1631560  -0.0004768  -0.064810  -0.006925   0.000017   0.000009  0.0000421  0.0000016    0.000146    0.000092
2007   7  26  54307   0.230255   0.350691  -0.1625758  -0.0005952  -0.064809  -0.006943   0.000018   0.000011  0.0000395  0.0000014    0.000215    0.000165
2007   7  27  54308   0.230038   0.348449  -0.1619452  -0.0006186  -0.064808  -0.006908   0.000021   0.000012  0.0000324  0.0000009    0.000246    0.000223
2007   7  28  54309   0.229211   0.345853  -0.1613538  -0.0005406  -0.064909  -0.006836   0.000017   0.000011  0.0000375  0.0000009    0.000246    0.000224
2007   7  29  54310   0.228532   0.342950  -0.1609363  -0.0003269  -0.065112  -0.006772   0.000011   0.000013  0.0000379  0.0000013    0.000204    0.000167
2007   7  30  54311   0.228129   0.340061  -0.1607576  -0.0000684  -0.065329  -0.006737   0.000012   0.000015  0.0000326  0.0000018    0.000117    0.000084
2007   7  31  54312   0.227593   0.337136  -0.1608313   0.0002144  -0.065504  -0.006700   0.000018   0.000020  0.0000287  0.0000018    0.000117    0.000085
2007   8   1  54313   0.227047   0.334223  -0.1611894   0.0004753  -0.065690  -0.006627   0.000017   0.000022  0.0000351  0.0000019    0.000135    0.000098
2007   8   2  54314   0.226626   0.331551  -0.1618120   0.0007019  -0.066054  -0.006578   0.000010   0.000024  0.0000334  0.0000019    0.000306    0.000231
2007   8   3  54315   0.226308   0.329142  -0.1626008   0.0008042  -0.066649  -0.006646   0.000010   0.000022  0.0000350  0.0000019    0.000286    0.000202
2007   8   4  54316   0.225968   0.326550  -0.1633684   0.0006939  -0.067177  -0.006763   0.000010   0.000022  0.0000481  0.0000020    0.000259    0.000178
2007   8   5  54317   0.225314   0.323681  -0.1639485   0.0004833  -0.067363  -0.006843   0.000010   0.000021  0.0000602  0.0000020    0.000234    0.000141
2007   8   6  54318   0.224144   0.320989  -0.1643259   0.0001981  -0.067194  -0.006860   0.000010   0.000014  0.0000311  0.0000019    0.000164    0.000078
2007   8   7  54319   0.222836   0.318560  -0.1643576  -0.0000898  -0.066871  -0.006838   0.000010   0.000013  0.0000219  0.0000017    0.000164    0.000078
2007   8   8  54320   0.221413   0.316076  -0.1641494  -0.0003135  -0.066637  -0.006847   0.000010   0.000013  0.0000321  0.0000016    0.000164    0.000078
2007   8   9  54321   0.219662   0.313472  -0.1637483  -0.0004316  -0.066568  -0.006929   0.000010   0.000013  0.0000476  0.0000017    0.000210    0.000121
2007   8  10  54322   0.218099   0.310907  -0.1632884  -0.0004433  -0.066564  -0.007057   0.000018   0.000013  0.0000351  0.0000017    0.000226    0.000143
2007   8  11  54323   0.217252   0.308282  -0.1629186  -0.0003042  -0.066494  -0.007131   0.000020   0.000013  0.0000391  0.0000017    0.000226    0.000143
2007   8  12  54324   0.216914   0.305726  -0.1627304  -0.0000701  -0.066342  -0.007035   0.000012   0.000014  0.0000387  0.0000017    0.000214    0.000136
2007   8  13  54325   0.216676   0.303347  -0.1627642   0.0000776  -0.066205  -0.006742   0.000008   0.000011  0.0000333  0.0000015    0.000164    0.000106
2007   8  14  54326   0.216272   0.301110  -0.1629003   0.0001827  -0.066208  -0.006368   0.000008   0.000010  0.0000310  0.0000014    0.000164    0.000106
2007   8  15  54327   0.215436   0.299129  -0.1631304   0.0002521  -0.066438  -0.006123   0.000010   0.000010  0.0000424  0.0000015    0.000164    0.000107
2007   8  16  54328   0.214162   0.297435  -0.1634149   0.0002555  -0.066890  -0.006139   0.000010   0.000013  0.0000438  0.0000016    0.000229    0.000155
2007   8  17  54329   0.212715   0.295508  -0.1636478   0.0002300  -0.067430  -0.006357   0.000008   0.000024  0.0000333  0.0000016    0.000256    0.000177
2007   8  18  54330   0.211583   0.292885  -0.1638677   0.0001907  -0.067836  -0.006579   0.000010   0.000028  0.0000371  0.0000017    0.000256    0.000177
2007   8  19  54331   0.210831   0.289962  -0.1639869   0.0000923  -0.067961  -0.006661   0.000013   0.000023  0.0000404  0.0000017    0.000179    0.000136
2007   8  20  54332   0.210415   0.286969  -0.1639911  -0.0000522  -0.067871  -0.006644   0.000011   0.000015  0.0000237  0.0000016    0.000085    0.000070
2007   8  21  54333   0.210231   0.284309  -0.1638542  -0.0002141  -0.067776  -0.006673   0.000012   0.000012  0.0000140  0.0000015    0.000085    0.000070
2007   8  22  54334   0.209620   0.282056  -0.1635620  -0.0003630  -0.067802  -0.006813   0.000011   0.000011  0.0000186  0.0000014    0.000086    0.000071
2007   8  23  54335   0.208357   0.279729  -0.1631293  -0.0004508  -0.067871  -0.006974   0.000012   0.000011  0.0000398  0.0000016    0.000154    0.000103
2007   8  24  54336   0.206626   0.277393  -0.1626283  -0.0004817  -0.067864  -0.007032   0.000018   0.000011  0.0000366  0.0000018    0.000211    0.000117
2007   8  25  54337   0.204759   0.275010  -0.1621882  -0.0003693  -0.067791  -0.006982   0.000014   0.000014  0.0000481  0.0000020    0.000211    0.000117
2007   8  26  54338   0.203016   0.272574  -0.1619019  -0.0001481  -0.067743  -0.006914   0.000009   0.000015  0.0000619  0.0000019    0.000200    0.000117
2007   8  27  54339   0.201794   0.270389  -0.1619172   0.0001499  -0.067739  -0.006864   0.000008   0.000016  0.0000266  0.0000018    0.000152    0.000114
2007   8  28  54340   0.200947   0.268615  -0.1622064   0.0004590  -0.067758  -0.006775   0.000010   0.000021  0.0000171  0.0000017    0.000152    0.000114
2007   8  29  54341   0.200096   0.267046  -0.1628675   0.0007430  -0.067883  -0.006624   0.000014   0.000022  0.0000216  0.0000017    0.000153    0.000114
2007   8  30  54342   0.199377   0.265508  -0.1637150   0.0009399  -0.068227  -0.006507   0.000010   0.000021  0.0000391  0.0000018    0.000209    0.000156
2007   8  31  54343   0.198692   0.263816  -0.1646839   0.0009826  -0.068750  -0.006518   0.000010   0.000013  0.0000346  0.0000019    0.000230    0.000173
2007   9   1  54344   0.197894   0.261917  -0.1656474   0.0008757  -0.069223  -0.006620   0.000018   0.000011  0.0000441  0.0000019    0.000230    0.000173
2007   9   2  54345   0.196720   0.259854  -0.1663962   0.0006365  -0.069423  -0.006691   0.000019   0.000014  0.0000378  0.0000017    0.000270    0.000201
2007   9   3  54346   0.195342   0.257839  -0.1668939   0.0003649  -0.069300  -0.006681   0.000014   0.000019  0.0000274  0.0000015    0.000812    0.000412
2007   9   4  54347   0.194048   0.255906  -0.1670974   0.0001347  -0.068988  -0.006641   0.000008   0.000010  0.0000245  0.0000014    0.000272    0.000144
2007   9   5  54348   0.192604   0.253827  -0.1671728   0.0000252  -0.068677  -0.006631   0.000007   0.000007  0.0000161  0.0000015    0.000139    0.000074
2007   9   6  54349   0.190633   0.251846  -0.1672572   0.0000564  -0.068460  -0.006641   0.000008   0.000007  0.0000198  0.0000016    0.000130    0.000073
2007   9   7  54350   0.188495   0.249769  -0.1673591   0.0001965  -0.068322  -0.006644   0.000015   0.000008  0.0000290  0.0000015    0.000171    0.000148
2007   9   8  54351   0.186878   0.247713  -0.1676620   0.0004036  -0.068201  -0.006606   0.000018   0.000011  0.0000396  0.0000016    0.000176    0.000164
2007   9   9  54352   0.185573   0.246038  -0.1681421   0.0005958  -0.068028  -0.006476   0.000019   0.000013  0.0000444  0.0000016    0.000179    0.000169
2007   9  10  54353   0.184345   0.244431  -0.1688820   0.0007604  -0.067787  -0.006214   0.000016   0.000014  0.0000282  0.0000016    0.000204    0.000209
2007   9  11  54354   0.182880   0.242601  -0.1696935   0.0008611  -0.067497  -0.005874   0.000009   0.000021  0.0000181  0.0000015    0.000198    0.000198
2007   9  12  54355   0.181071   0.240536  -0.1706026   0.0009259  -0.067261  -0.005615   0.000009   0.000021  0.0000233  0.0000013    0.000183    0.000174
2007   9  13  54356   0.179245   0.238456  -0.1715463   0.0009325  -0.067535  -0.005523   0.000016   0.000012  0.0000373  0.0000013    0.000187    0.000175
2007   9  14  54357   0.177364   0.236373  -0.1724571   0.0008306  -0.068263  -0.005633   0.000017   0.000012  0.0000288  0.0000014    0.000247    0.000242
2007   9  15  54358   0.175128   0.234266  -0.1732391   0.0007064  -0.068908  -0.005865   0.000010   0.000021  0.0000413  0.0000016    0.000253    0.000250
2007   9  16  54359   0.172371   0.232250  -0.1738715   0.0005517  -0.069093  -0.006067   0.000009   0.000026  0.0000556  0.0000018    0.000203    0.000182
2007   9  17  54360   0.169641   0.230330  -0.1743449   0.0004254  -0.068800  -0.006209   0.000012   0.000015  0.0000331  0.0000019    0.000112    0.000091
2007   9  18  54361   0.167253   0.228553  -0.1747157   0.0002955  -0.068324  -0.006378   0.000016   0.000014  0.0000215  0.0000019    0.000122    0.000099
2007   9  19  54362   0.165182   0.226690  -0.1749439   0.0002254  -0.067989  -0.006595   0.000010   0.000013  0.0000296  0.0000020    0.000183    0.000148
2007   9  20  54363   0.163139   0.224830  -0.1751927   0.0002701  -0.067813  -0.006746   0.000008   0.000013  0.0000446  0.0000018    0.000261    0.000199
2007   9  21  54364   0.160527   0.222962  -0.1754688   0.0003478  -0.067652  -0.006711   0.000008   0.000020  0.0000259  0.0000015    0.000158    0.000118
2007   9  22  54365   0.157645   0.221103  -0.1759615   0.0005463  -0.067490  -0.006542   0.000008   0.000014  0.0000330  0.0000014    0.000155    0.000116
2007   9  23  54366   0.154764   0.219616  -0.1765906   0.0008095  -0.067440  -0.006415   0.000011   0.000012  0.0000392  0.0000015    0.000157    0.000111
2007   9  24  54367   0.151758   0.218024  -0.1775620   0.0010804  -0.067526  -0.006386   0.000010   0.000014  0.0000303  0.0000016    0.000176    0.000091
2007   9  25  54368   0.149051   0.216344  -0.1787850   0.0014373  -0.067663  -0.006312   0.000009   0.000022  0.0000283  0.0000014    0.000176    0.000091
2007   9  26  54369   0.146567   0.214860  -0.1804461   0.0016864  -0.067831  -0.006104   0.000008   0.000021  0.0000384  0.0000014    0.000176    0.000091
2007   9  27  54370   0.144056   0.213058  -0.1821119   0.0017027  -0.068045  -0.005903   0.000007   0.000013  0.0000473  0.0000016    0.000223    0.000140
2007   9  28  54371   0.141519   0.211207  -0.1837409   0.0015463  -0.068197  -0.005891   0.000008   0.000010  0.0000353  0.0000018    0.000238    0.000165
2007   9  29  54372   0.138693   0.209520  -0.1851834   0.0012802  -0.068158  -0.005997   0.000011   0.000013  0.0000474  0.0000017    0.000238    0.000165
2007   9  30  54373   0.136122   0.207822  -0.1862850   0.0009777  -0.068012  -0.006009   0.000009   0.000020  0.0000494  0.0000017    0.000215    0.000148
2007  10   1  54374   0.133624   0.206476  -0.1871400   0.0007016  -0.067946  -0.005900   0.000008   0.000013  0.0000249  0.0000017    0.000144    0.000097
2007  10   2  54375   0.130601   0.205261  -0.1877053   0.0005486  -0.067958  -0.005855   0.000010   0.000010  0.0000246  0.0000016    0.000144    0.000097
2007  10   3  54376   0.127552   0.204027  -0.1882805   0.0005248  -0.067875  -0.005964   0.000009   0.000010  0.0000355  0.0000017    0.000145    0.000097
2007  10   4  54377   0.124556   0.202890  -0.1888374   0.0005571  -0.067598  -0.006093   0.000007   0.000009  0.0000413  0.0000018    0.000305    0.000186
2007  10   5  54378   0.121577   0.201667  -0.1893861   0.0006597  -0.067186  -0.006079   0.000007   0.000009  0.0000387  0.0000018    0.000580    0.000277
2007  10   6  54379   0.118620   0.200556  -0.1900735   0.0007846  -0.066725  -0.005921   0.000008   0.000012  0.0000438  0.0000017    0.000582    0.000277
2007  10   7  54380   0.115702   0.199369  -0.1909547   0.0009166  -0.066307  -0.005702   0.000008   0.000014  0.0000475  0.0000016    0.000577    0.000277
2007  10   8  54381   0.112824   0.198275  -0.1919383   0.0010299  -0.066039  -0.005449   0.000007   0.000014  0.0000448  0.0000015    0.000109    0.000095
2007  10   9  54382   0.109810   0.197556  -0.1929806   0.0010611  -0.065991  -0.005146   0.000009   0.000012  0.0000263  0.0000013    0.000106    0.000093
2007  10  10  54383   0.106627   0.196807  -0.1940521   0.0010989  -0.066142  -0.004855   0.000008   0.000009  0.0000181  0.0000013    0.000111    0.000099
2007  10  11  54384   0.103313   0.195944  -0.1951784   0.0010536  -0.066386  -0.004734   0.000007   0.000012  0.0000214  0.0000014    0.000132    0.000126
2007  10  12  54385   0.100235   0.195047  -0.1961716   0.0009277  -0.066342  -0.004891   0.000007   0.000017  0.0000239  0.0000015    0.000156    0.000151
2007  10  13  54386   0.097553   0.194292  -0.1970236   0.0007800  -0.066185  -0.005236   0.000007   0.000012  0.0000330  0.0000014    0.000161    0.000150
2007  10  14  54387   0.094884   0.193593  -0.1977023   0.0005924  -0.066047  -0.005551   0.000010   0.000010  0.0000379  0.0000014    0.000162    0.000149
2007  10  15  54388   0.092043   0.193001  -0.1982283   0.0004600  -0.065881  -0.005729   0.000017   0.000009  0.0000308  0.0000011    0.000109    0.000073
2007  10  16  54389   0.088940   0.192573  -0.1986395   0.0003974  -0.065746  -0.005839   0.000017   0.000008  0.0000225  0.0000011    0.000108    0.000072
2007  10  17  54390   0.085872   0.192175  -0.1990242   0.0004259  -0.065709  -0.005953   0.000017   0.000008  0.0000181  0.0000012    0.000118    0.000079
2007  10  18  54391   0.082987   0.191866  -0.1995170   0.0005039  -0.065696  -0.006003   0.000016   0.000009  0.0000231  0.0000013    0.000181    0.000121
2007  10  19  54392   0.079900   0.191492  -0.2000432   0.0006492  -0.065609  -0.005872   0.000009   0.000009  0.0000256  0.0000016    0.000270    0.000176
2007  10  20  54393   0.076641   0.191045  -0.2007499   0.0008532  -0.065463  -0.005613   0.000009   0.000009  0.0000336  0.0000015    0.000242    0.000155
2007  10  21  54394   0.073436   0.190535  -0.2016845   0.0010296  -0.065368  -0.005428   0.000011   0.000010  0.0000314  0.0000015    0.000188    0.000112
2007  10  22  54395   0.070762   0.190154  -0.2028433   0.0012532  -0.065368  -0.005407   0.000008   0.000010  0.0000172  0.0000015    0.000102    0.000056
2007  10  23  54396   0.068606   0.190171  -0.2042180   0.0015309  -0.065398  -0.005388   0.000007   0.000012  0.0000140  0.0000015    0.000102    0.000056
2007  10  24  54397   0.066431   0.190426  -0.2058410   0.0016934  -0.065446  -0.005215   0.000007   0.000011  0.0000180  0.0000015    0.000102    0.000056
2007  10  25  54398   0.064099   0.190403  -0.2075377   0.0016293  -0.065550  -0.005030   0.000009   0.000009  0.0000363  0.0000014    0.000162    0.000119
2007  10  26  54399   0.061569   0.190145  -0.2090652   0.0013803  -0.065575  -0.005076   0.000013   0.000009  0.0000285  0.0000015    0.000194    0.000222
2007  10  27  54400   0.058871   0.190168  -0.2102617   0.0009986  -0.065350  -0.005277   0.000010   0.000012  0.0000336  0.0000016    0.000194    0.000223
2007  10  28  54401   0.056214   0.190280  -0.2110467   0.0006934  -0.065012  -0.005303   0.000008   0.000013  0.0000472  0.0000016    0.000176    0.000176
2007  10  29  54402   0.053461   0.190422  -0.2116457   0.0005283  -0.064865  -0.005068   0.000008   0.000010  0.0000263  0.0000015    0.000118    0.000094
2007  10  30  54403   0.050669   0.190718  -0.2121586   0.0004834  -0.064858  -0.004856   0.000009   0.000009  0.0000181  0.0000015    0.000124    0.000099
2007  10  31  54404   0.047790   0.191000  -0.2126457   0.0005227  -0.064609  -0.004883   0.000008   0.000010  0.0000200  0.0000014    0.000151    0.000123
2007  11   1  54405   0.044823   0.191060  -0.2132211   0.0006024  -0.064058  -0.004995   0.000007   0.000011  0.0000275  0.0000014    0.000183    0.000154
2007  11   2  54406   0.042295   0.191107  -0.2139216   0.0007606  -0.063586  -0.004917   0.000009   0.000011  0.0000247  0.0000014    0.000191    0.000163
2007  11   3  54407   0.040327   0.191492  -0.2147404   0.0009165  -0.063506  -0.004629   0.000010   0.000012  0.0000236  0.0000014    0.000181    0.000148
2007  11   4  54408   0.038273   0.192160  -0.2157219   0.0010074  -0.063694  -0.004338   0.000010   0.000011  0.0000234  0.0000014    0.000105    0.000072
2007  11   5  54409   0.035934   0.192582  -0.2167554   0.0010204  -0.063809  -0.004167   0.000010   0.000010  0.0000209  0.0000014    0.000105    0.000072
2007  11   6  54410   0.034014   0.192787  -0.2177878   0.0010386  -0.063691  -0.004060   0.000010   0.000010  0.0000199  0.0000014    0.000105    0.000072
2007  11   7  54411   0.032308   0.193086  -0.2188535   0.0010573  -0.063429  -0.003952   0.000009   0.000012  0.0000245  0.0000014    0.000105    0.000073
2007  11   8  54412   0.030221   0.193274  -0.2199119   0.0009983  -0.063208  -0.003918   0.000008   0.000011  0.0000271  0.0000015    0.000244    0.000145
2007  11   9  54413   0.027819   0.193445  -0.2208429   0.0008485  -0.063187  -0.004086   0.000010   0.000009  0.0000235  0.0000016    0.000827    0.000234
2007  11  10  54414   0.025302   0.193462  -0.2216023   0.0006431  -0.063389  -0.004428   0.000011   0.000010  0.0000315  0.0000016    0.000838    0.000235
2007  11  11  54415   0.022783   0.193558  -0.2221719   0.0004886  -0.063640  -0.004723   0.000009   0.000011  0.0000425  0.0000014    0.000425    0.000192
2007  11  12  54416   0.019993   0.194181  -0.2225994   0.0003674  -0.063674  -0.004766   0.000010   0.000011  0.0000278  0.0000014    0.000175    0.000108
2007  11  13  54417   0.016963   0.194721  -0.2229017   0.0003268  -0.063386  -0.004598   0.000016   0.000010  0.0000248  0.0000015    0.000174    0.000108
2007  11  14  54418   0.014061   0.194946  -0.2232716   0.0003911  -0.062914  -0.004410   0.000019   0.000010  0.0000289  0.0000011    0.000175    0.000108
2007  11  15  54419   0.011114   0.195486  -0.2237397   0.0005876  -0.062479  -0.004319   0.000017   0.000011  0.0000241  0.0000011    0.000298    0.000199
2007  11  16  54420   0.007908   0.196130  -0.2244397   0.0008689  -0.062197  -0.004295   0.000010   0.000013  0.0000229  0.0000014    0.000381    0.000278
2007  11  17  54421   0.004583   0.196438  -0.2254350   0.0011294  -0.062049  -0.004279   0.000010   0.000013  0.0000298  0.0000015    0.000381    0.000278
2007  11  18  54422   0.001383   0.197029  -0.2266816   0.0014071  -0.061983  -0.004250   0.000010   0.000011  0.0000306  0.0000015    0.000194    0.000133
2007  11  19  54423  -0.001530   0.198138  -0.2282821   0.0017024  -0.062040  -0.004264   0.000011   0.000013  0.0000158  0.0000014    0.000093    0.000064
2007  11  20  54424  -0.004226   0.199440  -0.2301151   0.0019253  -0.062129  -0.004123   0.000017   0.000013  0.0000105  0.0000014    0.000100    0.000069
2007  11  21  54425  -0.006939   0.200791  -0.2320965   0.0019916  -0.062325  -0.003749   0.000022   0.000010  0.0000138  0.0000013    0.000141    0.000096
2007  11  22  54426  -0.009450   0.202313  -0.2341155   0.0019212  -0.062648  -0.003384   0.000018   0.000010  0.0000200  0.0000013    0.000237    0.000155
2007  11  23  54427  -0.011886   0.203765  -0.2359854   0.0017219  -0.062863  -0.003375   0.000010   0.000012  0.0000290  0.0000011    0.000292    0.000187
2007  11  24  54428  -0.014842   0.204529  -0.2375453   0.0014176  -0.062624  -0.003706   0.000009   0.000012  0.0000428  0.0000012    0.000246    0.000168
2007  11  25  54429  -0.018139   0.204874  -0.2387618   0.0011098  -0.061949  -0.003955   0.000010   0.000010  0.0000405  0.0000015    0.000093    0.000075
2007  11  26  54430  -0.020843   0.205171  -0.2397676   0.0009306  -0.061397  -0.003899   0.000008   0.000012  0.0000197  0.0000015    0.000093    0.000075
2007  11  27  54431  -0.022985   0.205871  -0.2406890   0.0009131  -0.061217  -0.003705   0.000008   0.000011  0.0000133  0.0000015    0.000093    0.000075
2007  11  28  54432  -0.025260   0.206968  -0.2416188   0.0010299  -0.061282  -0.003672   0.000009   0.000009  0.0000143  0.0000015    0.000146    0.000098
2007  11  29  54433  -0.027291   0.208173  -0.2427083   0.0012199  -0.061122  -0.003705   0.000017   0.000009  0.0000255  0.0000015    0.000307    0.000220
2007  11  30  54434  -0.028647   0.209541  -0.2440502   0.0014095  -0.060966  -0.003639   0.000018   0.000012  0.0000384  0.0000015    0.000561    0.000551
2007  12   1  54435  -0.029590   0.211105  -0.2455688   0.0015378  -0.061092  -0.003423   0.000011   0.000013  0.0000440  0.0000015    0.000563    0.000554
2007  12   2  54436  -0.030666   0.212648  -0.2471019   0.0015988  -0.061351  -0.003195   0.000009   0.000013  0.0000450  0.0000016    0.000424    0.000232
2007  12   3  54437  -0.032015   0.214219  -0.2487347   0.0015785  -0.061509  -0.003224   0.000009   0.000013  0.0000257  0.0000018    0.000095    0.000062
2007  12   4  54438  -0.034005   0.215831  -0.2502492   0.0014316  -0.061491  -0.003182   0.000012   0.000011  0.0000204  0.0000018    0.000104    0.000068
2007  12   5  54439  -0.036727   0.217214  -0.2515978   0.0012103  -0.061350  -0.003098   0.000016   0.000010  0.0000272  0.0000018    0.000156    0.000102
2007  12   6  54440  -0.039663   0.218576  -0.2526645   0.0009610  -0.061170  -0.003007   0.000011   0.000011  0.0000414  0.0000018    0.000361    0.000246
2007  12   7  54441  -0.042359   0.219898  -0.2535004   0.0006988  -0.061000  -0.003041   0.000011   0.000011  0.0000313  0.0000018    0.000377    0.000303
2007  12   8  54442  -0.044543   0.221142  -0.2540962   0.0004543  -0.060907  -0.003240   0.000021   0.000012  0.0000318  0.0000018    0.000370    0.000298
2007  12   9  54443  -0.046242   0.222439  -0.2544346   0.0002785  -0.061036  -0.003521   0.000023   0.000014  0.0000227  0.0000018    0.000249    0.000177
2007  12  10  54444  -0.047675   0.224008  -0.2546530   0.0001848  -0.061206  -0.003623   0.000011   0.000013  0.0000151  0.0000016    0.000119    0.000077
2007  12  11  54445  -0.049078   0.225511  -0.2548107   0.0001861  -0.061300  -0.003528   0.000009   0.000011  0.0000139  0.0000016    0.000102    0.000066
2007  12  12  54446  -0.050289   0.226697  -0.2550258   0.0003048  -0.061174  -0.003374   0.000010   0.000014  0.0000203  0.0000017    0.000102    0.000066
2007  12  13  54447  -0.051597   0.227795  -0.2553978   0.0004530  -0.060939  -0.003293   0.000017   0.000021  0.0000340  0.0000017    0.000199    0.000128
2007  12  14  54448  -0.053129   0.228894  -0.2559141   0.0006323  -0.060725  -0.003304   0.000022   0.000015  0.0000310  0.0000016    0.000304    0.000193
2007  12  15  54449  -0.054660   0.230298  -0.2566500   0.0008515  -0.060547  -0.003345   0.000021   0.000014  0.0000377  0.0000013    0.000304    0.000193
2007  12  16  54450  -0.056156   0.231835  -0.2576480   0.0011084  -0.060357  -0.003311   0.000013   0.000014  0.0000361  0.0000008    0.000235    0.000173
2007  12  17  54451  -0.057561   0.233436  -0.2588662   0.0012857  -0.060370  -0.003243   0.000010   0.000011  0.0000237  0.0000007    0.000184    0.000141
2007  12  18  54452  -0.058888   0.235037  -0.2601599   0.0013396  -0.060477  -0.003129   0.000012   0.000014  0.0000187  0.0000011    0.000224    0.000141
2007  12  19  54453  -0.060041   0.236363  -0.2614692   0.0013205  -0.060663  -0.002956   0.000020   0.000015  0.0000232  0.0000015    0.000224    0.000142
2007  12  20  54454  -0.061003   0.237722  -0.2627469   0.0011929  -0.060931  -0.002804   0.000013   0.000016  0.0000374  0.0000015    0.000225    0.000187
2007  12  21  54455  -0.061854   0.239343  -0.2638495   0.0009320  -0.061141  -0.002812   0.000010   0.000022  0.0000327  0.0000016    0.000225    0.000203
2007  12  22  54456  -0.062775   0.241043  -0.2646117   0.0006519  -0.060994  -0.003086   0.000010   0.000017  0.0000377  0.0000018    0.000225    0.000203
2007  12  23  54457  -0.063845   0.242720  -0.2651771   0.0005102  -0.060350  -0.003401   0.000010   0.000014  0.0000372  0.0000020    0.000236    0.000163
2007  12  24  54458  -0.065277   0.244498  -0.2656751   0.0004966  -0.059750  -0.003422   0.000010   0.000015  0.0000504  0.0000020    0.000228    0.000160
2007  12  25  54459  -0.067310   0.246163  -0.2661782   0.0005848  -0.059331  -0.003262   0.000009   0.000015  0.0001135  0.0000019    0.000159    0.000130
2007  12  26  54460  -0.069540   0.247666  -0.2668194   0.0007387  -0.059210  -0.003047   0.000009   0.000015  0.0000239  0.0000019    0.000161    0.000130
2007  12  27  54461  -0.071303   0.249184  -0.2676242   0.0009178  -0.059264  -0.002873   0.000009   0.000015  0.0000126  0.0000019    0.000169    0.000137
2007  12  28  54462  -0.072919   0.250990  -0.2686391   0.0010850  -0.059504  -0.002679   0.000009   0.000012  0.0000174  0.0000019    0.000207    0.000169
2007  12  29  54463  -0.074696   0.252755  -0.2696992   0.0012172  -0.060039  -0.002410   0.000009   0.000012  0.0000349  0.0000019    0.000253    0.000209
2007  12  30  54464  -0.076427   0.254803  -0.2709973   0.0012363  -0.060738  -0.002130   0.000011   0.000013  0.0001055  0.0000020    0.000267    0.000215
2007  12  31  54465  -0.078562   0.256940  -0.2722359   0.0011304  -0.061220  -0.002040   0.000012   0.000014  0.0005220  0.0000020    0.000258    0.000209
