

                   INTERNATIONAL EARTH ROTATION SERVICE
                        EARTH ROTATION PARAMETERS
                          EOP (IERS) C04

  
             FORMAT(3(I4),I7,2(F11.6),2(F12.7),2(F12.6),2(F11.6),2(F12.7),2F12.6)
**********************************************************************************
  
      Date      MJD      x          y        UT1-UTC       LOD         dPsi    dEpsilon     x Err     y Err   UT1-UTC Err  Lod Err    dPsi Err   dEpsilon Err
                         "          "           s           s            "         "        "          "          s           s            "         "
     (0h UTC)

1978   1   1  43509   0.000400   0.025300   0.6492998   0.0032780   0.023799  -0.000109   0.015000   0.015000  0.0019000  0.0007000    0.005000    0.002000
1978   1   2  43510  -0.003400   0.025600   0.6459906   0.0033130   0.023738   0.000070   0.015000   0.015000  0.0019000  0.0007000    0.005000    0.002000
1978   1   3  43511  -0.007100   0.025900   0.6426775   0.0033170   0.023481   0.000170   0.015000   0.015000  0.0019000  0.0007000    0.005000    0.002000
1978   1   4  43512  -0.010799   0.026401   0.6393814   0.0032710   0.023217   0.000248   0.015000   0.015000  0.0019000  0.0007000    0.005000    0.002000
1978   1   5  43513  -0.014499   0.026901   0.6361472   0.0032010   0.023055   0.000301   0.015000   0.015000  0.0019000  0.0007000    0.005000    0.002000
1978   1   6  43514  -0.018199   0.027501   0.6329911   0.0031210   0.022902   0.000210   0.015000   0.015000  0.0019000  0.0007000    0.005000    0.002000
1978   1   7  43515  -0.021898   0.028202   0.6298989   0.0030620   0.022655  -0.000054   0.015000   0.015000  0.0019000  0.0007000    0.005000    0.002000
1978   1   8  43516  -0.025598   0.028902   0.6268418   0.0030600   0.022360  -0.000283   0.015000   0.015000  0.0019000  0.0007000    0.005000    0.002000
1978   1   9  43517  -0.029298   0.029702   0.6237586   0.0031250   0.022145  -0.000245   0.015000   0.015000  0.0019000  0.0007000    0.005000    0.002000
1978   1  10  43518  -0.032898   0.030602   0.6205895   0.0032170   0.022145  -0.000004   0.015000   0.015000  0.0019000  0.0007000    0.005000    0.002000
1978   1  11  43519  -0.036597   0.031503   0.6173233   0.0033110   0.022426   0.000163   0.015000   0.015000  0.0019000  0.0007000    0.005000    0.002000
1978   1  12  43520  -0.040297   0.032503   0.6139692   0.0033800   0.022845   0.000134   0.015000   0.015000  0.0019000  0.0007000    0.005000    0.002000
1978   1  13  43521  -0.043997   0.033603   0.6105830   0.0033820   0.023058   0.000054   0.015000   0.015000  0.0019000  0.0007000    0.005000    0.002000
1978   1  14  43522  -0.047697   0.034703   0.6072239   0.0033350   0.022884   0.000065   0.015000   0.015000  0.0019000  0.0007000    0.005000    0.002000
1978   1  15  43523  -0.051396   0.035804   0.6039358   0.0032460   0.022555   0.000109   0.015000   0.015000  0.0019000  0.0007000    0.005000    0.002000
1978   1  16  43524  -0.055196   0.037004   0.6007496   0.0031340   0.022416   0.000052   0.015000   0.015000  0.0019000  0.0007000    0.005000    0.002000
1978   1  17  43525  -0.058896   0.038304   0.5976695   0.0030170   0.022488  -0.000113   0.015000   0.015000  0.0019000  0.0007000    0.005000    0.002000
1978   1  18  43526  -0.062595   0.039605   0.5947233   0.0028990   0.022539  -0.000268   0.015000   0.015000  0.0019000  0.0007000    0.005000    0.002000
1978   1  19  43527  -0.066395   0.041005   0.5918642   0.0028010   0.022475  -0.000323   0.015000   0.015000  0.0019000  0.0007000    0.005000    0.002000
1978   1  20  43528  -0.070095   0.042405   0.5891000   0.0027440   0.022432  -0.000299   0.015000   0.015000  0.0019000  0.0007000    0.005000    0.002000
1978   1  21  43529  -0.073895   0.043805   0.5863729   0.0027150   0.022520  -0.000265   0.015000   0.015000  0.0019000  0.0007000    0.005000    0.002000
1978   1  22  43530  -0.077594   0.045306   0.5836677   0.0027140   0.022674  -0.000255   0.015000   0.015000  0.0019000  0.0007000    0.005000    0.002000
1978   1  23  43531  -0.081394   0.046906   0.5809336   0.0027600   0.022793  -0.000267   0.015000   0.015000  0.0019000  0.0007000    0.005000    0.002000
1978   1  24  43532  -0.085094   0.048406   0.5781365   0.0028260   0.022897  -0.000320   0.015000   0.015000  0.0019000  0.0007000    0.005000    0.002000
1978   1  25  43533  -0.088894   0.050006   0.5752633   0.0029240   0.023057  -0.000443   0.015000   0.015000  0.0019000  0.0007000    0.005000    0.002000
1978   1  26  43534  -0.092593   0.051707   0.5722862   0.0030320   0.023251  -0.000607   0.015000   0.015000  0.0019000  0.0007000    0.005000    0.002000
1978   1  27  43535  -0.096393   0.053307   0.5692010   0.0031350   0.023382  -0.000715   0.015000   0.015000  0.0019000  0.0007000    0.005000    0.002000
1978   1  28  43536  -0.100093   0.055007   0.5660219   0.0032280   0.023402  -0.000692   0.015000   0.015000  0.0019000  0.0007000    0.005000    0.002000
1978   1  29  43537  -0.103792   0.056708   0.5627657   0.0032880   0.023342  -0.000564   0.015000   0.015000  0.0019000  0.0007000    0.005000    0.002000
1978   1  30  43538  -0.107492   0.058408   0.5594696   0.0033070   0.023226  -0.000423   0.015000   0.015000  0.0019000  0.0007000    0.005000    0.002000
1978   1  31  43539  -0.111092   0.060208   0.5561644   0.0032870   0.023053  -0.000334   0.015000   0.015000  0.0019000  0.0007000    0.005000    0.002000
1978   2   1  43540  -0.114692   0.061908   0.5528953   0.0032490   0.022847  -0.000302   0.015000   0.015000  0.0019000  0.0007000    0.005000    0.002000
1978   2   2  43541  -0.118291   0.063709   0.5496701   0.0032000   0.022630  -0.000340   0.015000   0.015000  0.0019000  0.0007000    0.005000    0.002000
1978   2   3  43542  -0.121891   0.065509   0.5464890   0.0031660   0.022372  -0.000500   0.015000   0.015000  0.0019000  0.0007000    0.005000    0.002000
1978   2   4  43543  -0.125391   0.067409   0.5433149   0.0031810   0.022039  -0.000772   0.015000   0.015000  0.0019000  0.0007000    0.005000    0.002000
1978   2   5  43544  -0.128791   0.069209   0.5401087   0.0032510   0.021693  -0.000986   0.015000   0.015000  0.0019000  0.0007000    0.005000    0.002000
1978   2   6  43545  -0.132190   0.071110   0.5367946   0.0033920   0.021473  -0.000951   0.015000   0.015000  0.0019000  0.0007000    0.005000    0.002000
1978   2   7  43546  -0.135590   0.073010   0.5333264   0.0035480   0.021504  -0.000699   0.015000   0.015000  0.0019000  0.0007000    0.005000    0.002000
1978   2   8  43547  -0.138890   0.074910   0.5296943   0.0036880   0.021805  -0.000491   0.015000   0.015000  0.0019000  0.0007000    0.005000    0.002000
1978   2   9  43548  -0.142189   0.076811   0.5259551   0.0037890   0.022219  -0.000531   0.015000   0.015000  0.0019000  0.0007000    0.005000    0.002000
1978   2  10  43549  -0.145289   0.078811   0.5221490   0.0038210   0.022465  -0.000750   0.015000   0.015000  0.0019000  0.0007000    0.005000    0.002000
1978   2  11  43550  -0.148489   0.080711   0.5183328   0.0037920   0.022391  -0.000945   0.015000   0.015000  0.0019000  0.0007000    0.005000    0.002000
1978   2  12  43551  -0.151489   0.082711   0.5145787   0.0037120   0.022136  -0.001023   0.015000   0.015000  0.0019000  0.0007000    0.005000    0.002000
1978   2  13  43552  -0.154488   0.084812   0.5109255   0.0036150   0.021950  -0.001055   0.015000   0.015000  0.0019000  0.0007000    0.005000    0.002000
1978   2  14  43553  -0.157388   0.086812   0.5073584   0.0035120   0.021888  -0.001140   0.015000   0.015000  0.0019000  0.0007000    0.005000    0.002000
1978   2  15  43554  -0.160288   0.088912   0.5038952   0.0034370   0.021830  -0.001282   0.015000   0.015000  0.0019000  0.0007000    0.005000    0.002000
1978   2  16  43555  -0.163088   0.091012   0.5004831   0.0033810   0.021757  -0.001414   0.015000   0.015000  0.0019000  0.0007000    0.005000    0.002000
1978   2  17  43556  -0.165787   0.093213   0.4971110   0.0033620   0.021818  -0.001480   0.015000   0.015000  0.0019000  0.0007000    0.005000    0.002000
1978   2  18  43557  -0.168487   0.095413   0.4937468   0.0033750   0.022092  -0.001484   0.015000   0.015000  0.0019000  0.0007000    0.005000    0.002000
1978   2  19  43558  -0.171087   0.097613   0.4903477   0.0034280   0.022436  -0.001475   0.015000   0.015000  0.0019000  0.0007000    0.005000    0.002000
1978   2  20  43559  -0.173586   0.099914   0.4868775   0.0035070   0.022664  -0.001501   0.015000   0.015000  0.0019000  0.0007000    0.005000    0.002000
1978   2  21  43560  -0.176086   0.102214   0.4833234   0.0035830   0.022777  -0.001585   0.015000   0.015000  0.0019000  0.0007000    0.005000    0.002000
1978   2  22  43561  -0.178486   0.104514   0.4797062   0.0036540   0.022916  -0.001702   0.015000   0.015000  0.0019000  0.0007000    0.005000    0.002000
1978   2  23  43562  -0.180886   0.106914   0.4760161   0.0037260   0.023124  -0.001796   0.015000   0.015000  0.0019000  0.0007000    0.005000    0.002000
1978   2  24  43563  -0.183185   0.109415   0.4722489   0.0037810   0.023280  -0.001819   0.015000   0.015000  0.0019000  0.0007000    0.005000    0.002000
1978   2  25  43564  -0.185485   0.111915   0.4684548   0.0038020   0.023274  -0.001780   0.015000   0.015000  0.0019000  0.0007000    0.005000    0.002000
1978   2  26  43565  -0.187685   0.114415   0.4646716   0.0037750   0.023158  -0.001734   0.015000   0.015000  0.0019000  0.0007000    0.005000    0.002000
1978   2  27  43566  -0.189885   0.117015   0.4609295   0.0037020   0.023054  -0.001725   0.015000   0.015000  0.0019000  0.0007000    0.005000    0.002000
1978   2  28  43567  -0.191984   0.119716   0.4572814   0.0036030   0.022996  -0.001750   0.015000   0.015000  0.0019000  0.0007000    0.005000    0.002000
1978   3   1  43568  -0.193984   0.122416   0.4537292   0.0034900   0.022920  -0.001791   0.015000   0.015000  0.0019000  0.0007000    0.005000    0.002000
1978   3   2  43569  -0.195984   0.125216   0.4502961   0.0033890   0.022782  -0.001865   0.015000   0.015000  0.0019000  0.0007000    0.005000    0.002000
1978   3   3  43570  -0.197983   0.128017   0.4469499   0.0033230   0.022617  -0.002021   0.015000   0.015000  0.0019000  0.0007000    0.005000    0.002000
1978   3   4  43571  -0.199883   0.130917   0.4436448   0.0033080   0.022494  -0.002247   0.015000   0.015000  0.0019000  0.0007000    0.005000    0.002000
1978   3   5  43572  -0.201683   0.133817   0.4403166   0.0033560   0.022456  -0.002415   0.015000   0.015000  0.0019000  0.0007000    0.005000    0.002000
1978   3   6  43573  -0.203483   0.136817   0.4369185   0.0034350   0.022505  -0.002384   0.015000   0.015000  0.0019000  0.0007000    0.005000    0.002000
1978   3   7  43574  -0.205282   0.139818   0.4334333   0.0035430   0.022625  -0.002173   0.015000   0.015000  0.0019000  0.0007000    0.005000    0.002000
1978   3   8  43575  -0.206982   0.142918   0.4298412   0.0036330   0.022792  -0.001987   0.015000   0.015000  0.0019000  0.0007000    0.005000    0.002000
1978   3   9  43576  -0.208582   0.146018   0.4261880   0.0036650   0.022961  -0.002034   0.015000   0.015000  0.0019000  0.0007000    0.005000    0.002000
1978   3  10  43577  -0.210181   0.149219   0.4225339   0.0036290   0.023063  -0.002316   0.015000   0.015000  0.0019000  0.0007000    0.005000    0.002000
1978   3  11  43578  -0.211681   0.152419   0.4189387   0.0035450   0.023060  -0.002638   0.015000   0.015000  0.0019000  0.0007000    0.005000    0.002000
1978   3  12  43579  -0.213081   0.155719   0.4154566   0.0034150   0.022973  -0.002810   0.015000   0.015000  0.0019000  0.0007000    0.005000    0.002000
1978   3  13  43580  -0.214481   0.159019   0.4121095   0.0032870   0.022848  -0.002810   0.015000   0.015000  0.0019000  0.0007000    0.005000    0.002000
1978   3  14  43581  -0.215780   0.162420   0.4088783   0.0031700   0.022702  -0.002764   0.015000   0.015000  0.0019000  0.0007000    0.005000    0.002000
1978   3  15  43582  -0.217080   0.165820   0.4057622   0.0030680   0.022557  -0.002793   0.015000   0.015000  0.0019000  0.0007000    0.005000    0.002000
1978   3  16  43583  -0.218180   0.169220   0.4027210   0.0030100   0.022510  -0.002903   0.015000   0.015000  0.0019000  0.0007000    0.005000    0.002000
1978   3  17  43584  -0.219280   0.172720   0.3997279   0.0029920   0.022681  -0.003012   0.015000   0.015000  0.0019000  0.0007000    0.005000    0.002000
1978   3  18  43585  -0.220379   0.176221   0.3967217   0.0030270   0.023075  -0.003049   0.015000   0.015000  0.0019000  0.0007000    0.005000    0.002000
1978   3  19  43586  -0.221279   0.179821   0.3936706   0.0030830   0.023514  -0.003029   0.015000   0.015000  0.0019000  0.0007000    0.005000    0.002000
1978   3  20  43587  -0.222179   0.183421   0.3905354   0.0031800   0.023788  -0.003034   0.015000   0.015000  0.0019000  0.0007000    0.005000    0.002000
1978   3  21  43588  -0.222978   0.187022   0.3872923   0.0033000   0.023847  -0.003117   0.015000   0.015000  0.0019000  0.0007000    0.005000    0.002000
1978   3  22  43589  -0.223678   0.190722   0.3839231   0.0034290   0.023820  -0.003232   0.015000   0.015000  0.0019000  0.0007000    0.005000    0.002000
1978   3  23  43590  -0.224378   0.194522   0.3804380   0.0035500   0.023841  -0.003270   0.015000   0.015000  0.0019000  0.0007000    0.005000    0.002000
1978   3  24  43591  -0.224978   0.198222   0.3768408   0.0036350   0.023917  -0.003182   0.015000   0.015000  0.0019000  0.0007000    0.005000    0.002000
1978   3  25  43592  -0.225477   0.202023   0.3731727   0.0036850   0.023970  -0.003044   0.015000   0.015000  0.0019000  0.0007000    0.005000    0.002000
1978   3  26  43593  -0.225877   0.205923   0.3694896   0.0036700   0.023954  -0.002999   0.015000   0.015000  0.0019000  0.0007000    0.005000    0.002000
1978   3  27  43594  -0.226277   0.209723   0.3658494   0.0036050   0.023896  -0.003113   0.015000   0.015000  0.0019000  0.0007000    0.005000    0.002000
1978   3  28  43595  -0.226577   0.213623   0.3622893   0.0035110   0.023830  -0.003311   0.015000   0.015000  0.0019000  0.0007000    0.005000    0.002000
1978   3  29  43596  -0.226776   0.217624   0.3588361   0.0034090   0.023743  -0.003461   0.015000   0.015000  0.0019000  0.0007000    0.005000    0.002000
1978   3  30  43597  -0.226876   0.221624   0.3554600   0.0033480   0.023604  -0.003509   0.015000   0.015000  0.0019000  0.0007000    0.005000    0.002000
1978   3  31  43598  -0.226976   0.225624   0.3521228   0.0033260   0.023448  -0.003523   0.015000   0.015000  0.0019000  0.0007000    0.005000    0.002000
1978   4   1  43599  -0.226975   0.229625   0.3487807   0.0033660   0.023391  -0.003578   0.015000   0.015000  0.0019000  0.0007000    0.005000    0.002000
1978   4   2  43600  -0.226975   0.233725   0.3453855   0.0034390   0.023539  -0.003650   0.015000   0.015000  0.0019000  0.0007000    0.005000    0.002000
1978   4   3  43601  -0.226875   0.237825   0.3418944   0.0035440   0.023867  -0.003641   0.015000   0.015000  0.0019000  0.0007000    0.005000    0.002000
1978   4   4  43602  -0.226675   0.242025   0.3383022   0.0036400   0.024208  -0.003517   0.015000   0.015000  0.0019000  0.0007000    0.005000    0.002000
1978   4   5  43603  -0.226474   0.246126   0.3346281   0.0036990   0.024376  -0.003375   0.015000   0.015000  0.0019000  0.0007000    0.005000    0.002000
1978   4   6  43604  -0.226274   0.250326   0.3309219   0.0037010   0.024323  -0.003363   0.015000   0.015000  0.0019000  0.0007000    0.005000    0.002000
1978   4   7  43605  -0.225974   0.254526   0.3272448   0.0036530   0.024169  -0.003529   0.015000   0.015000  0.0019000  0.0007000    0.005000    0.002000
1978   4   8  43606  -0.225574   0.258826   0.3236417   0.0035470   0.024076  -0.003767   0.015000   0.015000  0.0019000  0.0007000    0.005000    0.002000
1978   4   9  43607  -0.225173   0.263127   0.3201575   0.0034180   0.024075  -0.003918   0.015000   0.015000  0.0019000  0.0007000    0.005000    0.002000
1978   4  10  43608  -0.224773   0.267327   0.3168054   0.0032890   0.024065  -0.003919   0.015000   0.015000  0.0019000  0.0007000    0.005000    0.002000
1978   4  11  43609  -0.224273   0.271627   0.3135832   0.0031780   0.023966  -0.003845   0.015000   0.015000  0.0019000  0.0007000    0.005000    0.002000
1978   4  12  43610  -0.223772   0.276028   0.3104491   0.0030860   0.023835  -0.003824   0.015000   0.015000  0.0019000  0.0007000    0.005000    0.002000
1978   4  13  43611  -0.223172   0.280328   0.3073879   0.0030420   0.023801  -0.003908   0.015000   0.015000  0.0019000  0.0007000    0.005000    0.002000
1978   4  14  43612  -0.222572   0.284628   0.3043518   0.0030380   0.023932  -0.004041   0.015000   0.015000  0.0019000  0.0007000    0.005000    0.002000
1978   4  15  43613  -0.221972   0.288928   0.3013086   0.0030660   0.024190  -0.004122   0.015000   0.015000  0.0019000  0.0007000    0.005000    0.002000
1978   4  16  43614  -0.221271   0.293229   0.2982085   0.0031390   0.024483  -0.004118   0.015000   0.015000  0.0019000  0.0007000    0.005000    0.002000
1978   4  17  43615  -0.220571   0.297529   0.2950213   0.0032300   0.024707  -0.004093   0.015000   0.015000  0.0019000  0.0007000    0.005000    0.002000
1978   4  18  43616  -0.219771   0.301829   0.2917442   0.0033360   0.024768  -0.004130   0.015000   0.015000  0.0019000  0.0007000    0.005000    0.002000
1978   4  19  43617  -0.219071   0.306129   0.2883590   0.0034330   0.024636  -0.004225   0.015000   0.015000  0.0019000  0.0007000    0.005000    0.002000
1978   4  20  43618  -0.218270   0.310330   0.2848809   0.0035170   0.024402  -0.004263   0.015000   0.015000  0.0019000  0.0007000    0.005000    0.002000
1978   4  21  43619  -0.217370   0.314530   0.2813337   0.0035680   0.024240  -0.004141   0.015000   0.015000  0.0019000  0.0007000    0.005000    0.002000
1978   4  22  43620  -0.216570   0.318630   0.2777516   0.0035690   0.024235  -0.003917   0.015000   0.015000  0.0019000  0.0007000    0.005000    0.002000
1978   4  23  43621  -0.215669   0.322731   0.2742145   0.0035040   0.024294  -0.003796   0.015000   0.015000  0.0019000  0.0007000    0.005000    0.002000
1978   4  24  43622  -0.214669   0.326831   0.2707583   0.0034030   0.024268  -0.003931   0.015000   0.015000  0.0019000  0.0007000    0.005000    0.002000
1978   4  25  43623  -0.213769   0.330831   0.2674132   0.0032760   0.024119  -0.004251   0.015000   0.015000  0.0019000  0.0007000    0.005000    0.002000
1978   4  26  43624  -0.212769   0.334731   0.2641900   0.0031760   0.023924  -0.004508   0.015000   0.015000  0.0019000  0.0007000    0.005000    0.002000
1978   4  27  43625  -0.211768   0.338632   0.2610569   0.0031100   0.023743  -0.004531   0.015000   0.015000  0.0019000  0.0007000    0.005000    0.002000
1978   4  28  43626  -0.210668   0.342432   0.2579517   0.0031080   0.023571  -0.004372   0.015000   0.015000  0.0019000  0.0007000    0.005000    0.002000
1978   4  29  43627  -0.209668   0.346132   0.2548256   0.0031400   0.023430  -0.004211   0.015000   0.015000  0.0019000  0.0007000    0.005000    0.002000
1978   4  30  43628  -0.208568   0.349732   0.2516524   0.0032050   0.023424  -0.004157   0.015000   0.015000  0.0019000  0.0007000    0.005000    0.002000
1978   5   1  43629  -0.207467   0.353333   0.2484253   0.0032680   0.023636  -0.004175   0.015000   0.015000  0.0019000  0.0007000    0.005000    0.002000
1978   5   2  43630  -0.206267   0.356733   0.2451361   0.0033140   0.023983  -0.004183   0.015000   0.015000  0.0019000  0.0007000    0.005000    0.002000
1978   5   3  43631  -0.205067   0.360133   0.2418130   0.0033260   0.024228  -0.004153   0.015000   0.015000  0.0019000  0.0007000    0.005000    0.002000
1978   5   4  43632  -0.203866   0.363434   0.2384998   0.0032980   0.024189  -0.004116   0.015000   0.015000  0.0019000  0.0007000    0.005000    0.002000
1978   5   5  43633  -0.202666   0.366534   0.2352397   0.0032140   0.023924  -0.004112   0.015000   0.015000  0.0019000  0.0007000    0.005000    0.002000
1978   5   6  43634  -0.201466   0.369634   0.2320805   0.0031090   0.023663  -0.004144   0.015000   0.015000  0.0019000  0.0007000    0.005000    0.002000
1978   5   7  43635  -0.200166   0.372634   0.2290244   0.0029950   0.023558  -0.004186   0.015000   0.015000  0.0019000  0.0007000    0.005000    0.002000
1978   5   8  43636  -0.198865   0.375535   0.2260883   0.0028910   0.023561  -0.004218   0.015000   0.015000  0.0019000  0.0007000    0.005000    0.002000
1978   5   9  43637  -0.197465   0.378335   0.2232431   0.0028120   0.023567  -0.004246   0.015000   0.015000  0.0019000  0.0007000    0.005000    0.002000
1978   5  10  43638  -0.196065   0.381135   0.2204610   0.0027570   0.023564  -0.004293   0.015000   0.015000  0.0019000  0.0007000    0.005000    0.002000
1978   5  11  43639  -0.194665   0.383735   0.2177058   0.0027490   0.023587  -0.004378   0.015000   0.015000  0.0019000  0.0007000    0.005000    0.002000
1978   5  12  43640  -0.193264   0.386336   0.2149387   0.0027810   0.023615  -0.004495   0.015000   0.015000  0.0019000  0.0007000    0.005000    0.002000
1978   5  13  43641  -0.191764   0.388836   0.2121325   0.0028380   0.023612  -0.004594   0.015000   0.015000  0.0019000  0.0007000    0.005000    0.002000
1978   5  14  43642  -0.190164   0.391236   0.2092534   0.0029250   0.023642  -0.004620   0.015000   0.015000  0.0019000  0.0007000    0.005000    0.002000
1978   5  15  43643  -0.188563   0.393637   0.2062742   0.0030310   0.023802  -0.004573   0.015000   0.015000  0.0019000  0.0007000    0.005000    0.002000
1978   5  16  43644  -0.186963   0.395937   0.2031771   0.0031440   0.024007  -0.004523   0.015000   0.015000  0.0019000  0.0007000    0.005000    0.002000
1978   5  17  43645  -0.185263   0.398137   0.1999789   0.0032510   0.023992  -0.004527   0.015000   0.015000  0.0019000  0.0007000    0.005000    0.002000
1978   5  18  43646  -0.183563   0.400337   0.1966798   0.0033290   0.023635  -0.004539   0.015000   0.015000  0.0019000  0.0007000    0.005000    0.002000
1978   5  19  43647  -0.181662   0.402438   0.1933326   0.0033710   0.023167  -0.004438   0.015000   0.015000  0.0019000  0.0007000    0.005000    0.002000
1978   5  20  43648  -0.179862   0.404538   0.1899555   0.0033640   0.022906  -0.004191   0.015000   0.015000  0.0019000  0.0007000    0.005000    0.002000
1978   5  21  43649  -0.177862   0.406538   0.1866223   0.0033070   0.022877  -0.003973   0.015000   0.015000  0.0019000  0.0007000    0.005000    0.002000
1978   5  22  43650  -0.175862   0.408538   0.1833622   0.0032060   0.022849  -0.004012   0.015000   0.015000  0.0019000  0.0007000    0.005000    0.002000
1978   5  23  43651  -0.173761   0.410439   0.1802001   0.0031140   0.022683  -0.004308   0.015000   0.015000  0.0019000  0.0007000    0.005000    0.002000
1978   5  24  43652  -0.171661   0.412439   0.1771229   0.0030440   0.022469  -0.004589   0.015000   0.015000  0.0019000  0.0007000    0.005000    0.002000
1978   5  25  43653  -0.169461   0.414239   0.1740938   0.0030270   0.022325  -0.004597   0.015000   0.015000  0.0019000  0.0007000    0.005000    0.002000
1978   5  26  43654  -0.167160   0.416140   0.1710426   0.0030710   0.022226  -0.004358   0.015000   0.015000  0.0019000  0.0007000    0.005000    0.002000
1978   5  27  43655  -0.164760   0.417940   0.1679425   0.0031320   0.022082  -0.004100   0.015000   0.015000  0.0019000  0.0007000    0.005000    0.002000
1978   5  28  43656  -0.162260   0.419740   0.1647893   0.0031800   0.021880  -0.003986   0.015000   0.015000  0.0019000  0.0007000    0.005000    0.002000
1978   5  29  43657  -0.159660   0.421540   0.1616022   0.0031900   0.021728  -0.004014   0.015000   0.015000  0.0019000  0.0007000    0.005000    0.002000
1978   5  30  43658  -0.157059   0.423241   0.1584150   0.0031660   0.021749  -0.004109   0.015000   0.015000  0.0019000  0.0007000    0.005000    0.002000
1978   5  31  43659  -0.154359   0.424941   0.1552859   0.0030860   0.021917  -0.004209   0.015000   0.015000  0.0019000  0.0007000    0.005000    0.002000
1978   6   1  43660  -0.151559   0.426641   0.1522577   0.0029650   0.022027  -0.004263   0.015000   0.015000  0.0019000  0.0007000    0.005000    0.002000
1978   6   2  43661  -0.148658   0.428342   0.1493756   0.0028050   0.021900  -0.004237   0.015000   0.015000  0.0019000  0.0007000    0.005000    0.002000
1978   6   3  43662  -0.145758   0.430042   0.1466504   0.0026440   0.021570  -0.004154   0.015000   0.015000  0.0019000  0.0007000    0.005000    0.002000
1978   6   4  43663  -0.142658   0.431642   0.1440873   0.0024770   0.021235  -0.004096   0.015000   0.015000  0.0019000  0.0007000    0.005000    0.002000
1978   6   5  43664  -0.139558   0.433242   0.1416781   0.0023420   0.021048  -0.004136   0.015000   0.015000  0.0019000  0.0007000    0.005000    0.002000
1978   6   6  43665  -0.136457   0.434843   0.1393900   0.0022390   0.021038  -0.004255   0.015000   0.015000  0.0019000  0.0007000    0.005000    0.002000
1978   6   7  43666  -0.133157   0.436443   0.1371988   0.0021710   0.021147  -0.004362   0.015000   0.015000  0.0019000  0.0007000    0.005000    0.002000
1978   6   8  43667  -0.129857   0.438043   0.1350457   0.0021310   0.021263  -0.004403   0.015000   0.015000  0.0019000  0.0007000    0.005000    0.002000
1978   6   9  43668  -0.126557   0.439643   0.1329166   0.0021350   0.021250  -0.004416   0.015000   0.015000  0.0019000  0.0007000    0.005000    0.002000
1978   6  10  43669  -0.123156   0.441244   0.1307554   0.0021690   0.021062  -0.004455   0.015000   0.015000  0.0019000  0.0007000    0.005000    0.002000
1978   6  11  43670  -0.119756   0.442744   0.1285593   0.0022240   0.020868  -0.004500   0.015000   0.015000  0.0019000  0.0007000    0.005000    0.002000
1978   6  12  43671  -0.116256   0.444344   0.1263051   0.0022880   0.020922  -0.004480   0.015000   0.015000  0.0019000  0.0007000    0.005000    0.002000
1978   6  13  43672  -0.112755   0.445845   0.1239760   0.0023590   0.021214  -0.004382   0.015000   0.015000  0.0019000  0.0007000    0.005000    0.002000
1978   6  14  43673  -0.109255   0.447445   0.1215908   0.0024060   0.021363  -0.004280   0.015000   0.015000  0.0019000  0.0007000    0.005000    0.002000
1978   6  15  43674  -0.105755   0.448945   0.1191717   0.0024380   0.021021  -0.004223   0.015000   0.015000  0.0019000  0.0007000    0.005000    0.002000
1978   6  16  43675  -0.102155   0.450445   0.1167275   0.0024340   0.020321  -0.004146   0.015000   0.015000  0.0019000  0.0007000    0.005000    0.002000
1978   6  17  43676  -0.098654   0.451946   0.1143154   0.0023990   0.019722  -0.003961   0.015000   0.015000  0.0019000  0.0007000    0.005000    0.002000
1978   6  18  43677  -0.095054   0.453446   0.1119502   0.0023170   0.019455  -0.003741   0.015000   0.015000  0.0019000  0.0007000    0.005000    0.002000
1978   6  19  43678  -0.091554   0.454946   0.1096791   0.0022280   0.019356  -0.003694   0.015000   0.015000  0.0019000  0.0007000    0.005000    0.002000
1978   6  20  43679  -0.087954   0.456446   0.1074899   0.0021550   0.019216  -0.003889   0.015000   0.015000  0.0019000  0.0007000    0.005000    0.002000
1978   6  21  43680  -0.084453   0.457947   0.1053518   0.0021370   0.019045  -0.004104   0.015000   0.015000  0.0019000  0.0007000    0.005000    0.002000
1978   6  22  43681  -0.080853   0.459447   0.1032056   0.0021650   0.018944  -0.004092   0.015000   0.015000  0.0019000  0.0007000    0.005000    0.002000
1978   6  23  43682  -0.077353   0.460847   0.1009985   0.0022440   0.018917  -0.003878   0.015000   0.015000  0.0019000  0.0007000    0.005000    0.002000
1978   6  24  43683  -0.073852   0.462248   0.0987053   0.0023300   0.018865  -0.003689   0.015000   0.015000  0.0019000  0.0007000    0.005000    0.002000
1978   6  25  43684  -0.070352   0.463748   0.0963492   0.0023960   0.018661  -0.003645   0.015000   0.015000  0.0019000  0.0007000    0.005000    0.002000
1978   6  26  43685  -0.066852   0.465148   0.0939421   0.0024100   0.018277  -0.003688   0.015000   0.015000  0.0019000  0.0007000    0.005000    0.002000
1978   6  27  43686  -0.063452   0.466448   0.0915379   0.0023670   0.017903  -0.003755   0.015000   0.015000  0.0019000  0.0007000    0.005000    0.002000
1978   6  28  43687  -0.059951   0.467849   0.0892108   0.0022880   0.017800  -0.003864   0.015000   0.015000  0.0019000  0.0007000    0.005000    0.002000
1978   6  29  43688  -0.056551   0.469149   0.0869796   0.0021700   0.017973  -0.004008   0.015000   0.015000  0.0019000  0.0007000    0.005000    0.002000
1978   6  30  43689  -0.053151   0.470449   0.0848755   0.0020400   0.018101  -0.004102   0.015000   0.015000  0.0019000  0.0007000    0.005000    0.002000
1978   7   1  43690  -0.049651   0.471749   0.0828973   0.0019160   0.017904  -0.004087   0.015000   0.015000  0.0019000  0.0007000    0.005000    0.002000
1978   7   2  43691  -0.046250   0.472950   0.0810352   0.0018120   0.017448  -0.004028   0.015000   0.015000  0.0019000  0.0007000    0.005000    0.002000
1978   7   3  43692  -0.042750   0.474150   0.0792540   0.0017370   0.017043  -0.004042   0.015000   0.015000  0.0019000  0.0007000    0.005000    0.002000
1978   7   4  43693  -0.039350   0.475350   0.0775379   0.0016990   0.016917  -0.004143   0.015000   0.015000  0.0019000  0.0007000    0.005000    0.002000
1978   7   5  43694  -0.035849   0.476451   0.0758527   0.0016790   0.017051  -0.004217   0.015000   0.015000  0.0019000  0.0007000    0.005000    0.002000
1978   7   6  43695  -0.032349   0.477551   0.0741696   0.0016930   0.017246  -0.004167   0.015000   0.015000  0.0019000  0.0007000    0.005000    0.002000
1978   7   7  43696  -0.028849   0.478551   0.0724564   0.0017370   0.017287  -0.004046   0.015000   0.015000  0.0019000  0.0007000    0.005000    0.002000
1978   7   8  43697  -0.025349   0.479551   0.0706783   0.0018030   0.017099  -0.003993   0.015000   0.015000  0.0019000  0.0007000    0.005000    0.002000
1978   7   9  43698  -0.021748   0.480552   0.0688361   0.0018790   0.016830  -0.004052   0.015000   0.015000  0.0019000  0.0007000    0.005000    0.002000
1978   7  10  43699  -0.018148   0.481452   0.0669190   0.0019550   0.016744  -0.004123   0.015000   0.015000  0.0019000  0.0007000    0.005000    0.002000
1978   7  11  43700  -0.014448   0.482252   0.0649418   0.0020070   0.016928  -0.004098   0.015000   0.015000  0.0019000  0.0007000    0.005000    0.002000
1978   7  12  43701  -0.010748   0.483152   0.0629137   0.0020460   0.017109  -0.003991   0.015000   0.015000  0.0019000  0.0007000    0.005000    0.002000
1978   7  13  43702  -0.007047   0.483853   0.0608616   0.0020450   0.016897  -0.003894   0.015000   0.015000  0.0019000  0.0007000    0.005000    0.002000
1978   7  14  43703  -0.003247   0.484553   0.0588254   0.0020210   0.016251  -0.003833   0.015000   0.015000  0.0019000  0.0007000    0.005000    0.002000
1978   7  15  43704   0.000553   0.485253   0.0568393   0.0019560   0.015535  -0.003754   0.015000   0.015000  0.0019000  0.0007000    0.005000    0.002000
1978   7  16  43705   0.004454   0.485754   0.0549291   0.0018730   0.015090  -0.003659   0.015000   0.015000  0.0019000  0.0007000    0.005000    0.002000
1978   7  17  43706   0.008354   0.486354   0.0530820   0.0018040   0.014905  -0.003660   0.015000   0.015000  0.0019000  0.0007000    0.005000    0.002000
1978   7  18  43707   0.012354   0.486754   0.0513008   0.0017670   0.014789  -0.003807   0.015000   0.015000  0.0019000  0.0007000    0.005000    0.002000
1978   7  19  43708   0.016354   0.487154   0.0495287   0.0017950   0.014649  -0.003942   0.015000   0.015000  0.0019000  0.0007000    0.005000    0.002000
1978   7  20  43709   0.020355   0.487455   0.0477015   0.0018750   0.014528  -0.003882   0.015000   0.015000  0.0019000  0.0007000    0.005000    0.002000
1978   7  21  43710   0.024455   0.487755   0.0457694   0.0019830   0.014496  -0.003693   0.015000   0.015000  0.0019000  0.0007000    0.005000    0.002000
1978   7  22  43711   0.028555   0.487855   0.0437332   0.0020860   0.014548  -0.003599   0.015000   0.015000  0.0019000  0.0007000    0.005000    0.002000
1978   7  23  43712   0.032655   0.487955   0.0416131   0.0021380   0.014532  -0.003660   0.015000   0.015000  0.0019000  0.0007000    0.005000    0.002000
1978   7  24  43713   0.036756   0.487956   0.0394699   0.0021300   0.014234  -0.003722   0.015000   0.015000  0.0019000  0.0007000    0.005000    0.002000
1978   7  25  43714   0.040956   0.487856   0.0373758   0.0020560   0.013700  -0.003681   0.015000   0.015000  0.0019000  0.0007000    0.005000    0.002000
1978   7  26  43715   0.045156   0.487756   0.0353826   0.0019290   0.013312  -0.003632   0.015000   0.015000  0.0019000  0.0007000    0.005000    0.002000
1978   7  27  43716   0.049357   0.487457   0.0335155   0.0018040   0.013353  -0.003705   0.015000   0.015000  0.0019000  0.0007000    0.005000    0.002000
1978   7  28  43717   0.053557   0.487157   0.0317713   0.0016840   0.013616  -0.003866   0.015000   0.015000  0.0019000  0.0007000    0.005000    0.002000
1978   7  29  43718   0.057757   0.486757   0.0301502   0.0015830   0.013659  -0.003990   0.015000   0.015000  0.0019000  0.0007000    0.005000    0.002000
1978   7  30  43719   0.061857   0.486257   0.0286041   0.0015130   0.013348  -0.004027   0.015000   0.015000  0.0019000  0.0007000    0.005000    0.002000
1978   7  31  43720   0.066058   0.485658   0.0271009   0.0014910   0.012965  -0.004036   0.015000   0.015000  0.0019000  0.0007000    0.005000    0.002000
1978   8   1  43721   0.070158   0.485058   0.0256088   0.0015080   0.012823  -0.004066   0.015000   0.015000  0.0019000  0.0007000    0.005000    0.002000
1978   8   2  43722   0.074258   0.484258   0.0240816   0.0015630   0.012951  -0.004066   0.015000   0.015000  0.0019000  0.0007000    0.005000    0.002000
1978   8   3  43723   0.078258   0.483458   0.0224835   0.0016490   0.013159  -0.003963   0.015000   0.015000  0.0019000  0.0007000    0.005000    0.002000
1978   8   4  43724   0.082259   0.482559   0.0207753   0.0017590   0.013261  -0.003788   0.015000   0.015000  0.0019000  0.0007000    0.005000    0.002000
1978   8   5  43725   0.086259   0.481559   0.0189502   0.0018920   0.013191  -0.003674   0.015000   0.015000  0.0019000  0.0007000    0.005000    0.002000
1978   8   6  43726   0.090059   0.480459   0.0170000   0.0020160   0.013006  -0.003701   0.015000   0.015000  0.0019000  0.0007000    0.005000    0.002000
1978   8   7  43727   0.093960   0.479260   0.0149229   0.0021280   0.012844  -0.003808   0.015000   0.015000  0.0019000  0.0007000    0.005000    0.002000
1978   8   8  43728   0.097660   0.478060   0.0127447   0.0022250   0.012825  -0.003872   0.015000   0.015000  0.0019000  0.0007000    0.005000    0.002000
1978   8   9  43729   0.101360   0.476760   0.0104936   0.0022800   0.012912  -0.003842   0.015000   0.015000  0.0019000  0.0007000    0.005000    0.002000
1978   8  10  43730   0.104960   0.475360   0.0081834   0.0023120   0.012894  -0.003765   0.015000   0.015000  0.0019000  0.0007000    0.005000    0.002000
1978   8  11  43731   0.108561   0.473861   0.0058783   0.0023060   0.012606  -0.003706   0.015000   0.015000  0.0019000  0.0007000    0.005000    0.002000
1978   8  12  43732   0.111961   0.472361   0.0035871   0.0022740   0.012131  -0.003682   0.015000   0.015000  0.0019000  0.0007000    0.005000    0.002000
1978   8  13  43733   0.115361   0.470761   0.0013290   0.0022430   0.011705  -0.003708   0.015000   0.015000  0.0019000  0.0007000    0.005000    0.002000
1978   8  14  43734   0.118661   0.469061  -0.0009172   0.0022480   0.011461  -0.003819   0.015000   0.015000  0.0019000  0.0007000    0.005000    0.002000
1978   8  15  43735   0.121962   0.467362  -0.0031723   0.0022790   0.011344  -0.003992   0.015000   0.015000  0.0019000  0.0007000    0.005000    0.002000
1978   8  16  43736   0.125162   0.465562  -0.0055064   0.0023760   0.011241  -0.004078   0.015000   0.015000  0.0019000  0.0007000    0.005000    0.002000
1978   8  17  43737   0.128262   0.463762  -0.0079396   0.0025080   0.011120  -0.003954   0.015000   0.015000  0.0019000  0.0007000    0.005000    0.002000
1978   8  18  43738   0.131263   0.461863  -0.0105157   0.0026510   0.011061  -0.003719   0.015000   0.015000  0.0019000  0.0007000    0.005000    0.002000
1978   8  19  43739   0.134263   0.459963  -0.0132319   0.0027630   0.011159  -0.003610   0.015000   0.015000  0.0019000  0.0007000    0.005000    0.002000
1978   8  20  43740   0.137163   0.457963  -0.0160190   0.0028060   0.011320  -0.003692   0.015000   0.015000  0.0019000  0.0007000    0.005000    0.002000
1978   8  21  43741   0.139963   0.455963  -0.0188192   0.0027710   0.011261  -0.003773   0.015000   0.015000  0.0019000  0.0007000    0.005000    0.002000
1978   8  22  43742   0.142764   0.453864  -0.0215373   0.0026680   0.010846  -0.003674   0.015000   0.015000  0.0019000  0.0007000    0.005000    0.002000
1978   8  23  43743   0.145464   0.451864  -0.0241325   0.0025290   0.010348  -0.003465   0.015000   0.015000  0.0019000  0.0007000    0.005000    0.002000
1978   8  24  43744   0.148164   0.449664  -0.0266026   0.0023920   0.010166  -0.003359   0.015000   0.015000  0.0019000  0.0007000    0.005000    0.002000
1978   8  25  43745   0.150765   0.447565  -0.0289228   0.0022710   0.010337  -0.003455   0.015000   0.015000  0.0019000  0.0007000    0.005000    0.002000
1978   8  26  43746   0.153365   0.445365  -0.0311449   0.0021710   0.010532  -0.003660   0.015000   0.015000  0.0019000  0.0007000    0.005000    0.002000
1978   8  27  43747   0.155965   0.443065  -0.0332871   0.0021190   0.010525  -0.003833   0.015000   0.015000  0.0019000  0.0007000    0.005000    0.002000
1978   8  28  43748   0.158465   0.440865  -0.0353982   0.0021090   0.010426  -0.003917   0.015000   0.015000  0.0019000  0.0007000    0.005000    0.002000
1978   8  29  43749   0.160866   0.438566  -0.0375204   0.0021410   0.010436  -0.003939   0.015000   0.015000  0.0019000  0.0007000    0.005000    0.002000
1978   8  30  43750   0.163366   0.436266  -0.0396925   0.0021990   0.010569  -0.003923   0.015000   0.015000  0.0019000  0.0007000    0.005000    0.002000
1978   8  31  43751   0.165766   0.433966  -0.0419286   0.0022840   0.010696  -0.003857   0.015000   0.015000  0.0019000  0.0007000    0.005000    0.002000
1978   9   1  43752   0.168066   0.431666  -0.0442568   0.0023860   0.010750  -0.003741   0.015000   0.015000  0.0019000  0.0007000    0.005000    0.002000
1978   9   2  43753   0.170467   0.429267  -0.0466919   0.0024820   0.010752  -0.003614   0.015000   0.015000  0.0019000  0.0007000    0.005000    0.002000
1978   9   3  43754   0.172767   0.426967  -0.0492171   0.0025690   0.010707  -0.003527   0.015000   0.015000  0.0019000  0.0007000    0.005000    0.002000
1978   9   4  43755   0.174967   0.424567  -0.0518222   0.0026250   0.010593  -0.003493   0.015000   0.015000  0.0019000  0.0007000    0.005000    0.002000
1978   9   5  43756   0.177268   0.422168  -0.0544564   0.0026460   0.010459  -0.003493   0.015000   0.015000  0.0019000  0.0007000    0.005000    0.002000
1978   9   6  43757   0.179468   0.419768  -0.0571035   0.0026280   0.010426  -0.003499   0.015000   0.015000  0.0019000  0.0007000    0.005000    0.002000
1978   9   7  43758   0.181668   0.417268  -0.0597107   0.0025740   0.010521  -0.003497   0.015000   0.015000  0.0019000  0.0007000    0.005000    0.002000
1978   9   8  43759   0.183868   0.414868  -0.0622538   0.0024900   0.010601  -0.003480   0.015000   0.015000  0.0019000  0.0007000    0.005000    0.002000
1978   9   9  43760   0.185969   0.412369  -0.0647010   0.0024060   0.010510  -0.003468   0.015000   0.015000  0.0019000  0.0007000    0.005000    0.002000
1978   9  10  43761   0.188069   0.409969  -0.0670751   0.0023440   0.010264  -0.003508   0.015000   0.015000  0.0019000  0.0007000    0.005000    0.002000
1978   9  11  43762   0.190169   0.407469  -0.0694053   0.0023340   0.010026  -0.003639   0.015000   0.015000  0.0019000  0.0007000    0.005000    0.002000
1978   9  12  43763   0.192269   0.404969  -0.0717524   0.0023680   0.009923  -0.003811   0.015000   0.015000  0.0019000  0.0007000    0.005000    0.002000
1978   9  13  43764   0.194270   0.402370  -0.0741676   0.0024620   0.009938  -0.003875   0.015000   0.015000  0.0019000  0.0007000    0.005000    0.002000
1978   9  14  43765   0.196170   0.399870  -0.0766857   0.0025870   0.009979  -0.003723   0.015000   0.015000  0.0019000  0.0007000    0.005000    0.002000
1978   9  15  43766   0.198170   0.397270  -0.0793409   0.0027370   0.010025  -0.003442   0.015000   0.015000  0.0019000  0.0007000    0.005000    0.002000
1978   9  16  43767   0.200071   0.394671  -0.0821360   0.0028310   0.010143  -0.003257   0.015000   0.015000  0.0019000  0.0007000    0.005000    0.002000
1978   9  17  43768   0.201871   0.392071  -0.0849891   0.0028620   0.010333  -0.003282   0.015000   0.015000  0.0019000  0.0007000    0.005000    0.002000
1978   9  18  43769   0.203771   0.389471  -0.0878433   0.0028430   0.010432  -0.003385   0.015000   0.015000  0.0019000  0.0007000    0.005000    0.002000
1978   9  19  43770   0.205471   0.386771  -0.0906464   0.0027650   0.010283  -0.003355   0.015000   0.015000  0.0019000  0.0007000    0.005000    0.002000
1978   9  20  43771   0.207272   0.384072  -0.0933536   0.0026580   0.009970  -0.003156   0.015000   0.015000  0.0019000  0.0007000    0.005000    0.002000
1978   9  21  43772   0.208972   0.381372  -0.0959517   0.0025540   0.009762  -0.002959   0.015000   0.015000  0.0019000  0.0007000    0.005000    0.002000
1978   9  22  43773   0.210572   0.378572  -0.0984589   0.0024740   0.009822  -0.002948   0.015000   0.015000  0.0019000  0.0007000    0.005000    0.002000
1978   9  23  43774   0.212172   0.375772  -0.1009140   0.0024420   0.010074  -0.003140   0.015000   0.015000  0.0019000  0.0007000    0.005000    0.002000
1978   9  24  43775   0.213773   0.372973  -0.1033552   0.0024510   0.010365  -0.003401   0.015000   0.015000  0.0019000  0.0007000    0.005000    0.002000
1978   9  25  43776   0.215273   0.370073  -0.1058203   0.0024950   0.010637  -0.003586   0.015000   0.015000  0.0019000  0.0007000    0.005000    0.002000
1978   9  26  43777   0.216773   0.367073  -0.1083495   0.0025690   0.010885  -0.003655   0.015000   0.015000  0.0019000  0.0007000    0.005000    0.002000
1978   9  27  43778   0.218174   0.364074  -0.1109706   0.0026860   0.011059  -0.003656   0.015000   0.015000  0.0019000  0.0007000    0.005000    0.002000
1978   9  28  43779   0.219474   0.361074  -0.1137198   0.0028150   0.011110  -0.003640   0.015000   0.015000  0.0019000  0.0007000    0.005000    0.002000
1978   9  29  43780   0.220874   0.357974  -0.1166129   0.0029640   0.011087  -0.003597   0.015000   0.015000  0.0019000  0.0007000    0.005000    0.002000
1978   9  30  43781   0.222074   0.354874  -0.1196471   0.0030890   0.011092  -0.003475   0.015000   0.015000  0.0019000  0.0007000    0.005000    0.002000
1978  10   1  43782   0.223275   0.351675  -0.1227972   0.0031980   0.011143  -0.003247   0.015000   0.015000  0.0019000  0.0007000    0.005000    0.002000
1978  10   2  43783   0.224475   0.348475  -0.1260323   0.0032780   0.011147  -0.002971   0.015000   0.015000  0.0019000  0.0007000    0.005000    0.002000
1978  10   3  43784   0.225575   0.345175  -0.1293295   0.0032960   0.011067  -0.002770   0.015000   0.015000  0.0019000  0.0007000    0.005000    0.002000
1978  10   4  43785   0.226575   0.341875  -0.1326106   0.0032600   0.011004  -0.002730   0.015000   0.015000  0.0019000  0.0007000    0.005000    0.002000
1978  10   5  43786   0.227576   0.338476  -0.1358468   0.0032010   0.011077  -0.002826   0.015000   0.015000  0.0019000  0.0007000    0.005000    0.002000
1978  10   6  43787   0.228476   0.334976  -0.1390089   0.0031200   0.011250  -0.002941   0.015000   0.015000  0.0019000  0.0007000    0.005000    0.002000
1978  10   7  43788   0.229376   0.331476  -0.1420931   0.0030460   0.011354  -0.002981   0.015000   0.015000  0.0019000  0.0007000    0.005000    0.002000
1978  10   8  43789   0.230177   0.327977  -0.1451242   0.0030100   0.011290  -0.002958   0.015000   0.015000  0.0019000  0.0007000    0.005000    0.002000
1978  10   9  43790   0.230877   0.324377  -0.1481434   0.0030270   0.011141  -0.002954   0.015000   0.015000  0.0019000  0.0007000    0.005000    0.002000
1978  10  10  43791   0.231577   0.320777  -0.1511945   0.0030940   0.011091  -0.002999   0.015000   0.015000  0.0019000  0.0007000    0.005000    0.002000
1978  10  11  43792   0.232177   0.317077  -0.1543447   0.0031990   0.011233  -0.003012   0.015000   0.015000  0.0019000  0.0007000    0.005000    0.002000
1978  10  12  43793   0.232678   0.313378  -0.1575968   0.0033040   0.011495  -0.002892   0.015000   0.015000  0.0019000  0.0007000    0.005000    0.002000
1978  10  13  43794   0.233178   0.309578  -0.1609440   0.0033970   0.011732  -0.002661   0.015000   0.015000  0.0019000  0.0007000    0.005000    0.002000
1978  10  14  43795   0.233578   0.305778  -0.1643631   0.0034270   0.011874  -0.002466   0.015000   0.015000  0.0019000  0.0007000    0.005000    0.002000
1978  10  15  43796   0.233878   0.301978  -0.1677763   0.0033960   0.011953  -0.002433   0.015000   0.015000  0.0019000  0.0007000    0.005000    0.002000
1978  10  16  43797   0.234179   0.298079  -0.1711224   0.0032980   0.012020  -0.002518   0.015000   0.015000  0.0019000  0.0007000    0.005000    0.002000
1978  10  17  43798   0.234379   0.294279  -0.1743475   0.0031440   0.012078  -0.002563   0.015000   0.015000  0.0019000  0.0007000    0.005000    0.002000
1978  10  18  43799   0.234579   0.290379  -0.1774157   0.0029830   0.012105  -0.002466   0.015000   0.015000  0.0019000  0.0007000    0.005000    0.002000
1978  10  19  43800   0.234680   0.286480  -0.1803268   0.0028440   0.012127  -0.002296   0.015000   0.015000  0.0019000  0.0007000    0.005000    0.002000
1978  10  20  43801   0.234680   0.282680  -0.1831050   0.0027260   0.012229  -0.002218   0.015000   0.015000  0.0019000  0.0007000    0.005000    0.002000
1978  10  21  43802   0.234680   0.278780  -0.1858041   0.0026580   0.012495  -0.002323   0.015000   0.015000  0.0019000  0.0007000    0.005000    0.002000
1978  10  22  43803   0.234580   0.274980  -0.1884463   0.0026320   0.012923  -0.002545   0.015000   0.015000  0.0019000  0.0007000    0.005000    0.002000
1978  10  23  43804   0.234481   0.271081  -0.1910824   0.0026490   0.013401  -0.002738   0.015000   0.015000  0.0019000  0.0007000    0.005000    0.002000
1978  10  24  43805   0.234181   0.267281  -0.1937556   0.0027020   0.013777  -0.002809   0.015000   0.015000  0.0019000  0.0007000    0.005000    0.002000
1978  10  25  43806   0.233981   0.263481  -0.1964947   0.0027830   0.013971  -0.002781   0.015000   0.015000  0.0019000  0.0007000    0.005000    0.002000
1978  10  26  43807   0.233681   0.259781  -0.1993259   0.0028790   0.014015  -0.002731   0.015000   0.015000  0.0019000  0.0007000    0.005000    0.002000
1978  10  27  43808   0.233282   0.255982  -0.2022550   0.0029780   0.014005  -0.002680   0.015000   0.015000  0.0019000  0.0007000    0.005000    0.002000
1978  10  28  43809   0.232882   0.252382  -0.2052682   0.0030670   0.014006  -0.002559   0.015000   0.015000  0.0019000  0.0007000    0.005000    0.002000
1978  10  29  43810   0.232382   0.248682  -0.2083723   0.0031350   0.014028  -0.002284   0.015000   0.015000  0.0019000  0.0007000    0.005000    0.002000
1978  10  30  43811   0.231883   0.245083  -0.2115385   0.0031690   0.014044  -0.001888   0.015000   0.015000  0.0019000  0.0007000    0.005000    0.002000
1978  10  31  43812   0.231383   0.241583  -0.2147056   0.0031700   0.014048  -0.001548   0.015000   0.015000  0.0019000  0.0007000    0.005000    0.002000
1978  11   1  43813   0.230783   0.238083  -0.2178537   0.0031190   0.014064  -0.001456   0.015000   0.015000  0.0019000  0.0007000    0.005000    0.002000
1978  11   2  43814   0.230183   0.234683  -0.2209349   0.0030500   0.014108  -0.001638   0.015000   0.015000  0.0019000  0.0007000    0.005000    0.002000
1978  11   3  43815   0.229584   0.231284  -0.2239440   0.0029710   0.014159  -0.001910   0.015000   0.015000  0.0019000  0.0007000    0.005000    0.002000
1978  11   4  43816   0.228884   0.227984  -0.2268882   0.0029330   0.014166  -0.002040   0.015000   0.015000  0.0019000  0.0007000    0.005000    0.002000
1978  11   5  43817   0.228184   0.224684  -0.2298163   0.0029340   0.014096  -0.001948   0.015000   0.015000  0.0019000  0.0007000    0.005000    0.002000
1978  11   6  43818   0.227384   0.221484  -0.2327755   0.0029890   0.013988  -0.001748   0.015000   0.015000  0.0019000  0.0007000    0.005000    0.002000
1978  11   7  43819   0.226685   0.218385  -0.2358166   0.0030910   0.013942  -0.001593   0.015000   0.015000  0.0019000  0.0007000    0.005000    0.002000
1978  11   8  43820   0.225885   0.215285  -0.2389628   0.0032080   0.014050  -0.001525   0.015000   0.015000  0.0019000  0.0007000    0.005000    0.002000
1978  11   9  43821   0.225085   0.212185  -0.2422199   0.0033020   0.014298  -0.001481   0.015000   0.015000  0.0019000  0.0007000    0.005000    0.002000
1978  11  10  43822   0.224186   0.209186  -0.2455541   0.0033670   0.014549  -0.001407   0.015000   0.015000  0.0019000  0.0007000    0.005000    0.002000
1978  11  11  43823   0.223386   0.206186  -0.2489352   0.0033770   0.014650  -0.001336   0.015000   0.015000  0.0019000  0.0007000    0.005000    0.002000
1978  11  12  43824   0.222486   0.203286  -0.2522994   0.0033290   0.014587  -0.001323   0.015000   0.015000  0.0019000  0.0007000    0.005000    0.002000
1978  11  13  43825   0.221586   0.200386  -0.2555765   0.0032310   0.014509  -0.001362   0.015000   0.015000  0.0019000  0.0007000    0.005000    0.002000
1978  11  14  43826   0.220587   0.197487  -0.2587516   0.0031170   0.014576  -0.001377   0.015000   0.015000  0.0019000  0.0007000    0.005000    0.002000
1978  11  15  43827   0.219687   0.194587  -0.2617988   0.0029920   0.014784  -0.001307   0.015000   0.015000  0.0019000  0.0007000    0.005000    0.002000
1978  11  16  43828   0.218687   0.191787  -0.2647419   0.0028880   0.014999  -0.001179   0.015000   0.015000  0.0019000  0.0007000    0.005000    0.002000
1978  11  17  43829   0.217588   0.188988  -0.2675971   0.0028280   0.015159  -0.001088   0.015000   0.015000  0.0019000  0.0007000    0.005000    0.002000
1978  11  18  43830   0.216588   0.186188  -0.2704032   0.0027990   0.015357  -0.001108   0.015000   0.015000  0.0019000  0.0007000    0.005000    0.002000
1978  11  19  43831   0.215488   0.183388  -0.2732074   0.0028090   0.015691  -0.001220   0.015000   0.015000  0.0019000  0.0007000    0.005000    0.002000
1978  11  20  43832   0.214288   0.180588  -0.2760415   0.0028660   0.016091  -0.001339   0.015000   0.015000  0.0019000  0.0007000    0.005000    0.002000
1978  11  21  43833   0.213089   0.177789  -0.2789407   0.0029430   0.016388  -0.001380   0.015000   0.015000  0.0019000  0.0007000    0.005000    0.002000
1978  11  22  43834   0.211889   0.174989  -0.2819258   0.0030310   0.016529  -0.001327   0.015000   0.015000  0.0019000  0.0007000    0.005000    0.002000
1978  11  23  43835   0.210589   0.172289  -0.2850030   0.0031260   0.016611  -0.001228   0.015000   0.015000  0.0019000  0.0007000    0.005000    0.002000
1978  11  24  43836   0.209289   0.169489  -0.2881761   0.0032070   0.016699  -0.001139   0.015000   0.015000  0.0019000  0.0007000    0.005000    0.002000
1978  11  25  43837   0.207990   0.166690  -0.2914233   0.0032740   0.016719  -0.001047   0.015000   0.015000  0.0019000  0.0007000    0.005000    0.002000
1978  11  26  43838   0.206590   0.163990  -0.2947264   0.0033270   0.016601  -0.000876   0.015000   0.015000  0.0019000  0.0007000    0.005000    0.002000
1978  11  27  43839   0.205090   0.161190  -0.2980565   0.0033260   0.016438  -0.000586   0.015000   0.015000  0.0019000  0.0007000    0.005000    0.002000
1978  11  28  43840   0.203591   0.158491  -0.3013647   0.0032950   0.016390  -0.000276   0.015000   0.015000  0.0019000  0.0007000    0.005000    0.002000
1978  11  29  43841   0.202091   0.155791  -0.3046348   0.0032300   0.016475  -0.000156   0.015000   0.015000  0.0019000  0.0007000    0.005000    0.002000
1978  11  30  43842   0.200491   0.153091  -0.3078100   0.0031390   0.016557  -0.000339   0.015000   0.015000  0.0019000  0.0007000    0.005000    0.002000
1978  12   1  43843   0.198891   0.150391  -0.3109181   0.0030710   0.016534  -0.000680   0.015000   0.015000  0.0019000  0.0007000    0.005000    0.002000
1978  12   2  43844   0.197292   0.147792  -0.3139673   0.0030360   0.016427  -0.000873   0.015000   0.015000  0.0019000  0.0007000    0.005000    0.002000
1978  12   3  43845   0.195592   0.145192  -0.3170074   0.0030650   0.016309  -0.000748   0.015000   0.015000  0.0019000  0.0007000    0.005000    0.002000
1978  12   4  43846   0.193892   0.142592  -0.3201016   0.0031290   0.016229  -0.000427   0.015000   0.015000  0.0019000  0.0007000    0.005000    0.002000
1978  12   5  43847   0.192192   0.139992  -0.3232717   0.0032110   0.016201  -0.000152   0.015000   0.015000  0.0019000  0.0007000    0.005000    0.002000
1978  12   6  43848   0.190393   0.137493  -0.3265209   0.0032890   0.016222  -0.000045   0.015000   0.015000  0.0019000  0.0007000    0.005000    0.002000
1978  12   7  43849   0.188593   0.134993  -0.3298280   0.0033170   0.016276  -0.000066   0.015000   0.015000  0.0019000  0.0007000    0.005000    0.002000
1978  12   8  43850   0.186793   0.132493  -0.3331352   0.0032920   0.016329  -0.000140   0.015000   0.015000  0.0019000  0.0007000    0.005000    0.002000
1978  12   9  43851   0.184894   0.130094  -0.3364043   0.0032250   0.016332  -0.000238   0.015000   0.015000  0.0019000  0.0007000    0.005000    0.002000
1978  12  10  43852   0.182994   0.127694  -0.3395724   0.0031150   0.016252  -0.000340   0.015000   0.015000  0.0019000  0.0007000    0.005000    0.002000
1978  12  11  43853   0.181194   0.125394  -0.3426146   0.0029690   0.016152  -0.000395   0.015000   0.015000  0.0019000  0.0007000    0.005000    0.002000
1978  12  12  43854   0.179294   0.123094  -0.3455077   0.0028280   0.016153  -0.000359   0.015000   0.015000  0.0019000  0.0007000    0.005000    0.002000
1978  12  13  43855   0.177295   0.120895  -0.3482659   0.0026920   0.016299  -0.000249   0.015000   0.015000  0.0019000  0.0007000    0.005000    0.002000
1978  12  14  43856   0.175395   0.118695  -0.3509030   0.0025960   0.016485  -0.000137   0.015000   0.015000  0.0019000  0.0007000    0.005000    0.002000
1978  12  15  43857   0.173395   0.116495  -0.3534612   0.0025280   0.016604  -0.000082   0.015000   0.015000  0.0019000  0.0007000    0.005000    0.002000
1978  12  16  43858   0.171495   0.114395  -0.3559803   0.0025070   0.016694  -0.000091   0.015000   0.015000  0.0019000  0.0007000    0.005000    0.002000
1978  12  17  43859   0.169496   0.112296  -0.3584985   0.0025220   0.016855  -0.000137   0.015000   0.015000  0.0019000  0.0007000    0.005000    0.002000
1978  12  18  43860   0.167496   0.110296  -0.3610356   0.0025670   0.017070  -0.000197   0.015000   0.015000  0.0019000  0.0007000    0.005000    0.002000
1978  12  19  43861   0.165496   0.108296  -0.3636308   0.0026340   0.017231  -0.000247   0.015000   0.015000  0.0019000  0.0007000    0.005000    0.002000
1978  12  20  43862   0.163597   0.106297  -0.3663079   0.0027120   0.017318  -0.000252   0.015000   0.015000  0.0019000  0.0007000    0.005000    0.002000
1978  12  21  43863   0.161597   0.104397  -0.3690641   0.0027980   0.017437  -0.000199   0.015000   0.015000  0.0019000  0.0007000    0.005000    0.002000
1978  12  22  43864   0.159497   0.102497  -0.3718902   0.0028740   0.017605  -0.000124   0.015000   0.015000  0.0019000  0.0007000    0.005000    0.002000
1978  12  23  43865   0.157497   0.100597  -0.3748043   0.0029400   0.017634  -0.000085   0.015000   0.015000  0.0019000  0.0007000    0.005000    0.002000
1978  12  24  43866   0.155498   0.098798  -0.3777635   0.0029710   0.017379  -0.000074   0.015000   0.015000  0.0019000  0.0007000    0.005000    0.002000
1978  12  25  43867   0.153498   0.096998  -0.3807476   0.0029930   0.017010   0.000005   0.015000   0.015000  0.0019000  0.0007000    0.005000    0.002000
1978  12  26  43868   0.151398   0.095198  -0.3837288   0.0029730   0.016834   0.000200   0.015000   0.015000  0.0019000  0.0007000    0.005000    0.002000
1978  12  27  43869   0.149398   0.093398  -0.3866879   0.0029420   0.016879   0.000384   0.015000   0.015000  0.0019000  0.0007000    0.005000    0.002000
1978  12  28  43870   0.147299   0.091699  -0.3896031   0.0029110   0.016898   0.000348   0.015000   0.015000  0.0019000  0.0007000    0.005000    0.002000
1978  12  29  43871   0.145199   0.089999  -0.3925102   0.0029090   0.016748   0.000085   0.015000   0.015000  0.0019000  0.0007000    0.005000    0.002000
1978  12  30  43872   0.143099   0.088299  -0.3954394   0.0029590   0.016569  -0.000133   0.015000   0.015000  0.0019000  0.0007000    0.005000    0.002000
1978  12  31  43873   0.140900   0.086600  -0.3984455   0.0030620   0.016544  -0.000056   0.015000   0.015000  0.0019000  0.0007000    0.005000    0.002000
