

                   INTERNATIONAL EARTH ROTATION SERVICE
                        EARTH ROTATION PARAMETERS
                          EOP (IERS) C04

  
             FORMAT(3(I4),I7,2(F11.6),2(F12.7),2(F12.6),2(F11.6),2(F12.7),2F12.6)
**********************************************************************************
  
      Date      MJD      x          y        UT1-UTC       LOD         dPsi    dEpsilon     x Err     y Err   UT1-UTC Err  Lod Err    dPsi Err   dEpsilon Err
                         "          "           s           s            "         "        "          "          s           s            "         "
     (0h UTC)

1984   1   1  45700  -0.132921   0.093995   0.3957328   0.0018180   0.001646   0.003622   0.026065   0.028996  0.0003640  0.0007280    0.001245    0.001097
1984   1   2  45701  -0.134038   0.098124   0.3939845   0.0016469   0.002237   0.003639   0.015771   0.037805  0.0003640  0.0003640    0.001245    0.001097
1984   1   3  45702  -0.136606   0.099303   0.3924140   0.0015054   0.002633   0.003624   0.012323   0.032752  0.0003640  0.0003640    0.001245    0.001097
1984   1   4  45703  -0.141122   0.099496   0.3909491   0.0014467   0.002685   0.003665   0.003904   0.011727  0.0003640  0.0003640    0.001245    0.001097
1984   1   5  45704  -0.145907   0.101297   0.3895002   0.0014702   0.002440   0.003815   0.002106   0.006372  0.0003640  0.0003640    0.001245    0.001097
1984   1   6  45705  -0.148924   0.105197   0.3879945   0.0015497   0.001949   0.004013   0.002868   0.008419  0.0003640  0.0003638    0.001245    0.001097
1984   1   7  45706  -0.151039   0.109409   0.3863940   0.0016583   0.001384   0.004112   0.005255   0.013603  0.0003637  0.0002707    0.001245    0.001096
1984   1   8  45707  -0.153358   0.112639   0.3846796   0.0017777   0.000929   0.004047   0.004646   0.003278  0.0001774  0.0002679    0.001836    0.000466
1984   1   9  45708  -0.156160   0.114881   0.3828478   0.0018889   0.000800   0.003890   0.001917   0.001095  0.0001722  0.0001748    0.001929    0.000452
1984   1  10  45709  -0.159268   0.116787   0.3809162   0.0019675   0.001093   0.003749   0.001925   0.001101  0.0001722  0.0001722    0.001929    0.000452
1984   1  11  45710  -0.161967   0.119156   0.3789293   0.0019903   0.001688   0.003646   0.002307   0.001343  0.0001722  0.0001722    0.001929    0.000452
1984   1  12  45711  -0.164524   0.121938   0.3769525   0.0019400   0.002303   0.003544   0.005467   0.004828  0.0001722  0.0003768    0.001929    0.000452
1984   1  13  45712  -0.167560   0.124843   0.3750661   0.0018092   0.002837   0.003446   0.006977   0.012239  0.0005814  0.0008450    0.002273    0.001428
1984   1  14  45713  -0.168854   0.128477   0.3733495   0.0016093   0.003320   0.003401   0.009736   0.009091  0.0015178  0.0010497    0.002310    0.002787
1984   1  15  45714  -0.167637   0.132853   0.3718570   0.0013794   0.003615   0.003378   0.009088   0.009741  0.0015180  0.0015179    0.002310    0.002787
1984   1  16  45715  -0.167563   0.136523   0.3705874   0.0011831   0.003313   0.003203   0.008524   0.010724  0.0015180  0.0015180    0.002310    0.002787
1984   1  17  45716  -0.171215   0.138612   0.3694695   0.0010877   0.002602   0.002802   0.014774   0.014029  0.0015180  0.0015180    0.002310    0.002787
1984   1  18  45717  -0.176363   0.140227   0.3683750   0.0011328   0.002007   0.002391   0.018126   0.014612  0.0015180  0.0015180    0.002310    0.002787
1984   1  19  45718  -0.179396   0.143045   0.3671631   0.0013087   0.001824   0.002314   0.018523   0.015101  0.0015180  0.0012474    0.002310    0.002787
1984   1  20  45719  -0.181268   0.147089   0.3657293   0.0015626   0.001841   0.002638   0.022693   0.022218  0.0009768  0.0008150    0.002313    0.002484
1984   1  21  45720  -0.183937   0.151702   0.3640340   0.0018242   0.001702   0.003087   0.022932   0.022774  0.0001120  0.0005444    0.002802    0.000474
1984   1  22  45721  -0.188502   0.156042   0.3621035   0.0020302   0.001404   0.003397   0.022452   0.021459  0.0001120  0.0001121    0.002802    0.000474
1984   1  23  45722  -0.192762   0.159348   0.3600140   0.0021369   0.001244   0.003584   0.004652   0.003341  0.0001122  0.0001126    0.002800    0.000475
1984   1  24  45723  -0.194663   0.161337   0.3578738   0.0021202   0.001445   0.003789   0.002527   0.001921  0.0001132  0.0001170    0.002785    0.000477
1984   1  25  45724  -0.194086   0.162559   0.3558092   0.0019752   0.001964   0.004028   0.001708   0.001333  0.0001218  0.0001432    0.002687    0.000496
1984   1  26  45725  -0.194405   0.164386   0.3539438   0.0017223   0.002645   0.004214   0.001925   0.001620  0.0001731  0.0002190    0.002429    0.000575
1984   1  27  45726  -0.198847   0.168256   0.3523686   0.0014165   0.002861   0.004280   0.003270   0.003409  0.0003162  0.0002455    0.002290    0.000658
1984   1  28  45727  -0.203085   0.172360   0.3511008   0.0011359   0.002573   0.004249   0.004223   0.004881  0.0003179  0.0002321    0.002281    0.000690
1984   1  29  45728  -0.205064   0.175441   0.3500767   0.0009459   0.002142   0.004130   0.001608   0.001832  0.0001480  0.0002328    0.002418    0.000802
1984   1  30  45729  -0.205682   0.177540   0.3491837   0.0008727   0.001865   0.003882   0.001551   0.001766  0.0001478  0.0001479    0.002418    0.000802
1984   1  31  45730  -0.207187   0.179745   0.3483053   0.0008999   0.002265   0.003560   0.001572   0.001790  0.0001478  0.0001478    0.002418    0.000802
1984   2   1  45731  -0.209640   0.182355   0.3473613   0.0009916   0.002954   0.003296   0.004017   0.004668  0.0001479  0.0001962    0.002418    0.000802
1984   2   2  45732  -0.212235   0.185417   0.3463054   0.0011203   0.003643   0.003222   0.007316   0.008952  0.0002446  0.0002051    0.002405    0.000849
1984   2   3  45733  -0.214557   0.188760   0.3451116   0.0012694   0.004224   0.003318   0.003267   0.003463  0.0002623  0.0002535    0.002404    0.000853
1984   2   4  45734  -0.216185   0.193129   0.3437660   0.0014242   0.004609   0.003428   0.002490   0.002587  0.0002623  0.0002623    0.002404    0.000853
1984   2   5  45735  -0.217316   0.198029   0.3422709   0.0015672   0.004552   0.003445   0.003216   0.003307  0.0002623  0.0002623    0.002404    0.000853
1984   2   6  45736  -0.218697   0.201483   0.3406461   0.0016798   0.004256   0.003431   0.004779   0.004795  0.0002623  0.0002900    0.002404    0.000852
1984   2   7  45737  -0.219903   0.203583   0.3389294   0.0017492   0.003882   0.003486   0.006445   0.007449  0.0003177  0.0002931    0.002243    0.000662
1984   2   8  45738  -0.220540   0.205868   0.3371655   0.0017744   0.003426   0.003592   0.005354   0.005246  0.0003238  0.0003207    0.002232    0.000652
1984   2   9  45739  -0.221139   0.209938   0.3353960   0.0017602   0.002885   0.003642   0.003913   0.003342  0.0003238  0.0003238    0.002232    0.000652
1984   2  10  45740  -0.222302   0.215674   0.3336572   0.0017085   0.002563   0.003631   0.004686   0.003901  0.0003238  0.0003238    0.002232    0.000652
1984   2  11  45741  -0.223863   0.221631   0.3319869   0.0016177   0.002623   0.003668   0.012108   0.010385  0.0003238  0.0005285    0.002232    0.000652
1984   2  12  45742  -0.225061   0.226208   0.3304219   0.0014967   0.002965   0.003790   0.017142   0.016201  0.0007333  0.0006527    0.003287    0.000837
1984   2  13  45743  -0.225736   0.229320   0.3289804   0.0013783   0.003233   0.003782   0.007319   0.011019  0.0009815  0.0008574    0.003515    0.000868
1984   2  14  45744  -0.226744   0.231815   0.3276360   0.0013185   0.003320   0.003379   0.007218   0.010919  0.0009815  0.0009815    0.003515    0.000868
1984   2  15  45745  -0.228705   0.234609   0.3263026   0.0013737   0.003582   0.002659   0.007243   0.010944  0.0009815  0.0009815    0.003515    0.000868
1984   2  16  45746  -0.230947   0.237112   0.3248495   0.0015650   0.004272   0.002114   0.012251   0.014513  0.0009815  0.0009282    0.003515    0.000868
1984   2  17  45747  -0.232439   0.238564   0.3231519   0.0018548   0.004953   0.002068   0.016374   0.016063  0.0008748  0.0009225    0.003101    0.000617
1984   2  18  45748  -0.233012   0.239208   0.3211485   0.0021576   0.004920   0.002336   0.005571   0.010799  0.0008636  0.0008692    0.003058    0.000598
1984   2  19  45749  -0.233488   0.242006   0.3188733   0.0023755   0.004030   0.002570   0.003264   0.006673  0.0008636  0.0008636    0.003058    0.000598
1984   2  20  45750  -0.234566   0.248617   0.3164485   0.0024369   0.002426   0.002818   0.004592   0.006253  0.0008636  0.0008627    0.003058    0.000598
1984   2  21  45751  -0.236171   0.255335   0.3140474   0.0023209   0.001067   0.003099   0.008960   0.006036  0.0008619  0.0005830    0.003056    0.000598
1984   2  22  45752  -0.237575   0.259571   0.3118379   0.0020622   0.000547   0.003310   0.006948   0.004584  0.0003025  0.0005733    0.001710    0.000395
1984   2  23  45753  -0.238583   0.261797   0.3099327   0.0017336   0.000990   0.003244   0.004085   0.002812  0.0002848  0.0002780    0.001634    0.000388
1984   2  24  45754  -0.239880   0.263761   0.3083620   0.0014189   0.002248   0.002827   0.002464   0.001588  0.0002535  0.0002429    0.001502    0.000403
1984   2  25  45755  -0.242470   0.265934   0.3070742   0.0011862   0.004122   0.002185   0.002953   0.001373  0.0002009  0.0002163    0.001252    0.000459
1984   2  26  45756  -0.245382   0.269091   0.3059632   0.0010697   0.005236   0.001730   0.004743   0.001355  0.0001792  0.0001903    0.001138    0.000515
1984   2  27  45757  -0.247092   0.273577   0.3049072   0.0010688   0.005269   0.001533   0.004330   0.001405  0.0001797  0.0002038    0.001187    0.000541
1984   2  28  45758  -0.247087   0.278918   0.3038004   0.0011602   0.004495   0.001498   0.002108   0.002065  0.0002285  0.0002042    0.006704    0.000646
1984   2  29  45759  -0.246011   0.284247   0.3025669   0.0013140   0.003117   0.001627   0.002106   0.002069  0.0002287  0.0002286    0.007016    0.000646
1984   3   1  45760  -0.244839   0.288930   0.3011596   0.0015018   0.002070   0.001865   0.002183   0.002154  0.0002287  0.0002287    0.007016    0.000646
1984   3   2  45761  -0.244714   0.293036   0.2995589   0.0016974   0.001309   0.002239   0.005094   0.007144  0.0002287  0.0002319    0.006998    0.000646
1984   3   3  45762  -0.246199   0.296978   0.2977693   0.0018769   0.000931   0.002601   0.005948   0.010644  0.0002351  0.0002322    0.002307    0.000396
1984   3   4  45763  -0.248584   0.300989   0.2958177   0.0020184   0.001111   0.002776   0.001795   0.001564  0.0002357  0.0002354    0.002229    0.000386
1984   3   5  45764  -0.249218   0.304926   0.2937510   0.0021043   0.001817   0.002769   0.001422   0.001217  0.0002357  0.0002357    0.002229    0.000386
1984   3   6  45765  -0.247443   0.308817   0.2916298   0.0021253   0.002706   0.002720   0.002073   0.001769  0.0002357  0.0002357    0.002229    0.000386
1984   3   7  45766  -0.247108   0.313125   0.2895189   0.0020822   0.003595   0.002671   0.004404   0.003697  0.0002357  0.0002421    0.002229    0.000386
1984   3   8  45767  -0.248775   0.317717   0.2874787   0.0019853   0.004270   0.002561   0.006263   0.006256  0.0002484  0.0002426    0.001856    0.000572
1984   3   9  45768  -0.249515   0.321899   0.2855552   0.0018531   0.004637   0.002365   0.004265   0.004049  0.0002496  0.0002490    0.001833    0.000602
1984   3  10  45769  -0.247553   0.325399   0.2837720   0.0017110   0.004777   0.002194   0.002798   0.002525  0.0002496  0.0002496    0.001833    0.000602
1984   3  11  45770  -0.245391   0.329457   0.2821235   0.0015973   0.004823   0.002142   0.002665   0.002407  0.0002496  0.0002496    0.001833    0.000602
1984   3  12  45771  -0.244438   0.334451   0.2805557   0.0015583   0.004522   0.002117   0.006563   0.008515  0.0002495  0.0002192    0.001833    0.000602
1984   3  13  45772  -0.243585   0.339374   0.2789730   0.0016303   0.003805   0.001880   0.007364   0.012251  0.0001889  0.0002183    0.001366    0.000407
1984   3  14  45773  -0.241871   0.343318   0.2772551   0.0018260   0.003078   0.001407   0.001790   0.001699  0.0001871  0.0001943    0.001351    0.000401
1984   3  15  45774  -0.239583   0.346129   0.2752886   0.0021169   0.002798   0.001020   0.001737   0.001657  0.0001997  0.0002288    0.001431    0.000432
1984   3  16  45775  -0.237612   0.348499   0.2730113   0.0024267   0.002852   0.001005   0.002334   0.002367  0.0002706  0.0003088    0.001850    0.000617
1984   3  17  45776  -0.236873   0.351965   0.2704556   0.0026643   0.003051   0.001205   0.004173   0.005364  0.0004178  0.0003349    0.002532    0.001177
1984   3  18  45777  -0.236428   0.356754   0.2677286   0.0027666   0.003196   0.001272   0.008389   0.013039  0.0003993  0.0003084    0.002700    0.001186
1984   3  19  45778  -0.234836   0.361814   0.2649777   0.0027143   0.003327   0.001123   0.003067   0.001981  0.0001990  0.0002990    0.002197    0.000501
1984   3  20  45779  -0.233143   0.367039   0.2623459   0.0025373   0.003558   0.000931   0.002136   0.001333  0.0001987  0.0001988    0.002196    0.000500
1984   3  21  45780  -0.232584   0.372169   0.2599270   0.0022921   0.003581   0.000787   0.003082   0.001855  0.0001987  0.0001987    0.002196    0.000500
1984   3  22  45781  -0.233268   0.376388   0.2577613   0.0020371   0.003362   0.000556   0.006244   0.003268  0.0001987  0.0001902    0.002196    0.000500
1984   3  23  45782  -0.233386   0.379812   0.2558346   0.0018193   0.002836   0.000176   0.005518   0.008439  0.0001817  0.0001896    0.002133    0.000548
1984   3  24  45783  -0.231336   0.383367   0.2540955   0.0016639   0.001941  -0.000184   0.003223   0.003189  0.0001805  0.0001811    0.002129    0.000553
1984   3  25  45784  -0.227750   0.387566   0.2524777   0.0015779   0.000838  -0.000318   0.001762   0.001539  0.0001805  0.0001805    0.002129    0.000553
1984   3  26  45785  -0.225441   0.391788   0.2509130   0.0015608   0.000023  -0.000226   0.001725   0.001500  0.0001805  0.0001805    0.002129    0.000553
1984   3  27  45786  -0.224815   0.395590   0.2493338   0.0016095  -0.000230  -0.000055   0.005002   0.005604  0.0001805  0.0001805    0.002129    0.000553
1984   3  28  45787  -0.224226   0.398987   0.2476781   0.0017141   0.000006   0.000118   0.007421   0.021086  0.0001805  0.0001805    0.002129    0.000553
1984   3  29  45788  -0.222698   0.402118   0.2458976   0.0018551   0.000455   0.000355   0.013780   0.023269  0.0001805  0.0001808    0.002129    0.000553
1984   3  30  45789  -0.220949   0.404977   0.2439685   0.0020029   0.000950   0.000704   0.020056   0.023349  0.0001810  0.0003017    0.002130    0.000553
1984   3  31  45790  -0.219839   0.407614   0.2419008   0.0021230   0.001547   0.001060   0.020187   0.023070  0.0004230  0.0003020    0.002327    0.000667
1984   4   1  45791  -0.218520   0.410942   0.2397387   0.0021853   0.002345   0.001242   0.023072   0.009288  0.0004230  0.0004230    0.002327    0.000667
1984   4   2  45792  -0.215939   0.415535   0.2375510   0.0021740   0.003313   0.001183   0.016149   0.008009  0.0004230  0.0004230    0.002327    0.000667
1984   4   3  45793  -0.212313   0.421038   0.2354126   0.0020914   0.004310   0.000982   0.004531   0.003661  0.0004230  0.0004230    0.002327    0.000667
1984   4   4  45794  -0.209469   0.425107   0.2333863   0.0019550   0.005193   0.000777   0.002345   0.001998  0.0004230  0.0004230    0.002327    0.000667
1984   4   5  45795  -0.208641   0.425877   0.2315130   0.0017934   0.005830   0.000607   0.003222   0.002662  0.0004230  0.0004229    0.002327    0.000667
1984   4   6  45796  -0.208289   0.427526   0.2298004   0.0016388   0.006174   0.000460   0.006862   0.004752  0.0004228  0.0003381    0.002327    0.000667
1984   4   7  45797  -0.205969   0.432261   0.2282260   0.0015219   0.006276   0.000337   0.005277   0.004847  0.0002532  0.0003342    0.003678    0.000732
1984   4   8  45798  -0.201278   0.438037   0.2267374   0.0014733   0.006269   0.000259   0.003488   0.004050  0.0002456  0.0002494    0.003980    0.000739
1984   4   9  45799  -0.196213   0.442044   0.2252515   0.0015203   0.006248   0.000197   0.002197   0.003065  0.0002456  0.0002456    0.003980    0.000739
1984   4  10  45800  -0.193902   0.444966   0.2236629   0.0016763   0.006298   0.000124   0.002185   0.003168  0.0002456  0.0002553    0.003980    0.000739
1984   4  11  45801  -0.193220   0.447742   0.2218662   0.0019297   0.006343  -0.000051   0.005131   0.007120  0.0002651  0.0006024    0.004257    0.000766
1984   4  12  45802  -0.190465   0.450720   0.2197834   0.0022372   0.006336  -0.000245   0.006955   0.007959  0.0009593  0.0003553    0.008758    0.000986
1984   4  13  45803  -0.186281   0.454950   0.2173949   0.0025269   0.006167  -0.000348   0.003443   0.002713  0.0004456  0.0005987    0.004922    0.000853
1984   4  14  45804  -0.182851   0.460384   0.2147597   0.0027157   0.005644  -0.000463   0.001776   0.001392  0.0002381  0.0003219    0.002764    0.000636
1984   4  15  45805  -0.180060   0.464773   0.2120131   0.0027465   0.005238  -0.000477   0.001489   0.001166  0.0001982  0.0002254    0.002315    0.000563
1984   4  16  45806  -0.177448   0.467640   0.2093194   0.0026179   0.005167  -0.000393   0.003836   0.002667  0.0002126  0.0005060    0.002473    0.000593
1984   4  17  45807  -0.174952   0.470357   0.2068155   0.0023828   0.005335  -0.000223   0.010337   0.004965  0.0008138  0.0002569    0.006104    0.001005
1984   4  18  45808  -0.172592   0.473921   0.2045677   0.0021190   0.005541  -0.000046   0.002762   0.002660  0.0003012  0.0004837    0.002557    0.000671
1984   4  19  45809  -0.169742   0.476682   0.2025679   0.0018892   0.005622  -0.000224   0.001409   0.001395  0.0001536  0.0002164    0.001303    0.000393
1984   4  20  45810  -0.166177   0.478811   0.2007645   0.0017202   0.004520  -0.000024   0.001440   0.001256  0.0001317  0.0001431    0.001020    0.000314
1984   4  21  45811  -0.162600   0.481323   0.1990976   0.0016219   0.003452   0.000172   0.001331   0.001040  0.0001327  0.0001332    0.000960    0.000296
1984   4  22  45812  -0.159901   0.484493   0.1974924   0.0016097   0.003844  -0.000050   0.001533   0.001189  0.0001348  0.0001626    0.000973    0.000300
1984   4  23  45813  -0.158018   0.487620   0.1958547   0.0016821   0.005018  -0.000257   0.003242   0.003081  0.0001925  0.0001652    0.001954    0.000707
1984   4  24  45814  -0.156325   0.490069   0.1941108   0.0018028   0.006567  -0.000355   0.002337   0.002181  0.0001956  0.0002215    0.002009    0.000733
1984   4  25  45815  -0.153481   0.492402   0.1922390   0.0019196   0.007536  -0.000051   0.002283   0.002122  0.0002506  0.0005560    0.002534    0.000887
1984   4  26  45816  -0.149398   0.494929   0.1902697   0.0020041   0.007826   0.000284   0.003794   0.006944  0.0009165  0.0006558    0.003608    0.001001
1984   4  27  45817  -0.145569   0.497330   0.1882368   0.0020651   0.007404   0.000455   0.002078   0.010020  0.0010611  0.0006630    0.001859    0.000553
1984   4  28  45818  -0.142474   0.500694   0.1861527   0.0021165   0.006368   0.000369   0.001824   0.002905  0.0004095  0.0006430    0.001560    0.000520
1984   4  29  45819  -0.140030   0.504834   0.1840223   0.0021513   0.005264  -0.000015   0.002076   0.001544  0.0002250  0.0003144    0.001442    0.000715
1984   4  30  45820  -0.137511   0.508457   0.1818716   0.0021414   0.004969  -0.000420   0.002111   0.001511  0.0002193  0.0002221    0.001435    0.000741
1984   5   1  45821  -0.133991   0.511373   0.1797605   0.0020627   0.005533  -0.000753   0.004500   0.003298  0.0002193  0.0004523    0.001436    0.000742
1984   5   2  45822  -0.129211   0.514193   0.1777622   0.0019159   0.006626  -0.000921   0.018919   0.016449  0.0006853  0.0007740    0.004654    0.002178
1984   5   3  45823  -0.123927   0.517439   0.1759349   0.0017268   0.007860  -0.000830   0.014145   0.009171  0.0013287  0.0010071    0.010300    0.003615
1984   5   4  45824  -0.120027   0.519959   0.1743020   0.0015372   0.008773  -0.000532   0.007938   0.005258  0.0013288  0.0013288    0.010301    0.003615
1984   5   5  45825  -0.118134   0.520987   0.1728419   0.0013949   0.008582  -0.000301   0.006045   0.004851  0.0013288  0.0013263    0.010301    0.003615
1984   5   6  45826  -0.115752   0.522416   0.1714851   0.0013424   0.007661  -0.000200   0.005411   0.004697  0.0013238  0.0007874    0.010248    0.003590
1984   5   7  45827  -0.111232   0.525055   0.1701264   0.0014049   0.006555  -0.000234   0.010949   0.005557  0.0002461  0.0007772    0.001634    0.000497
1984   5   8  45828  -0.105246   0.528304   0.1686468   0.0015816   0.005670  -0.000340   0.006770   0.002911  0.0002305  0.0002383    0.001530    0.000466
1984   5   9  45829  -0.100004   0.531108   0.1669437   0.0018402   0.005161  -0.000401   0.003451   0.001502  0.0002305  0.0002305    0.001530    0.000466
1984   5  10  45830  -0.096428   0.533537   0.1649631   0.0021172   0.005151  -0.000304   0.003968   0.001744  0.0002305  0.0002305    0.001530    0.000466
1984   5  11  45831  -0.093818   0.535676   0.1627266   0.0023321   0.005370  -0.000073   0.007803   0.003616  0.0002305  0.0002129    0.001530    0.000466
1984   5  12  45832  -0.090861   0.537616   0.1603358   0.0024138   0.005593   0.000154   0.006240   0.005291  0.0001953  0.0002106    0.001300    0.000597
1984   5  13  45833  -0.087321   0.539508   0.1579464   0.0023306   0.005860   0.000257   0.001909   0.001819  0.0001908  0.0001930    0.001270    0.000632
1984   5  14  45834  -0.084038   0.541391   0.1557179   0.0021059   0.006203   0.000247   0.001904   0.001815  0.0001908  0.0001908    0.001270    0.000632
1984   5  15  45835  -0.081511   0.543202   0.1537602   0.0018086   0.006320   0.000221   0.001920   0.001830  0.0001908  0.0001908    0.001270    0.000632
1984   5  16  45836  -0.078679   0.544638   0.1521029   0.0015208   0.006205   0.000218   0.004634   0.004356  0.0001908  0.0001740    0.001270    0.000631
1984   5  17  45837  -0.074451   0.545583   0.1507008   0.0013033   0.005865   0.000151   0.011568   0.009642  0.0001572  0.0001730    0.001139    0.000518
1984   5  18  45838  -0.069261   0.546261   0.1494676   0.0011792   0.005346  -0.000066   0.003265   0.002392  0.0001553  0.0001562    0.001130    0.000511
1984   5  19  45839  -0.065209   0.547653   0.1483124   0.0011407   0.004753  -0.000378   0.002141   0.001540  0.0001553  0.0001553    0.001130    0.000511
1984   5  20  45840  -0.063073   0.550018   0.1471607   0.0011690   0.004371  -0.000647   0.003010   0.002038  0.0001553  0.0001553    0.001130    0.000511
1984   5  21  45841  -0.060923   0.552031   0.1459559   0.0012451   0.004212  -0.000799   0.005562   0.003051  0.0001553  0.0001977    0.001130    0.000511
1984   5  22  45842  -0.056778   0.553280   0.1446593   0.0013499   0.004296  -0.000885   0.011681   0.006634  0.0002402  0.0002048    0.001287    0.000742
1984   5  23  45843  -0.050845   0.554204   0.1432527   0.0014613   0.004537  -0.000960   0.009020   0.003854  0.0002544  0.0002473    0.001302    0.000777
1984   5  24  45844  -0.045272   0.555371   0.1417411   0.0015564   0.004668  -0.000975   0.005920   0.002132  0.0002544  0.0002544    0.001302    0.000777
1984   5  25  45845  -0.041629   0.556253   0.1401511   0.0016160   0.004296  -0.000807   0.006572   0.002374  0.0002544  0.0002544    0.001302    0.000777
1984   5  26  45846  -0.038987   0.556821   0.1385251   0.0016297   0.003507  -0.000455   0.014137   0.007636  0.0002543  0.0002159    0.001302    0.000777
1984   5  27  45847  -0.035192   0.557456   0.1369107   0.0015956   0.002583  -0.000073   0.009212   0.007494  0.0001774  0.0002139    0.001235    0.000518
1984   5  28  45848  -0.030001   0.558214   0.1353539   0.0015152   0.001831   0.000141   0.001556   0.001180  0.0001734  0.0001754    0.001229    0.000505
1984   5  29  45849  -0.024613   0.559136   0.1338983   0.0013929   0.001462   0.000093   0.001514   0.001148  0.0001734  0.0001734    0.001229    0.000505
1984   5  30  45850  -0.020091   0.560195   0.1325797   0.0012421   0.001643  -0.000156   0.001534   0.001163  0.0001734  0.0001734    0.001229    0.000505
1984   5  31  45851  -0.015881   0.561135   0.1314138   0.0010896   0.002150  -0.000431   0.003980   0.003061  0.0001734  0.0001746    0.001229    0.000505
1984   6   1  45852  -0.011220   0.561612   0.1303855   0.0009718   0.002693  -0.000616   0.009470   0.008364  0.0001758  0.0001747    0.001505    0.000559
1984   6   2  45853  -0.006385   0.561503   0.1294425   0.0009256   0.003070  -0.000715   0.002573   0.002420  0.0001760  0.0001759    0.001541    0.000565
1984   6   3  45854  -0.002072   0.561561   0.1285010   0.0009739   0.003232  -0.000800   0.001814   0.001712  0.0001760  0.0001760    0.001541    0.000565
1984   6   4  45855   0.001621   0.562198   0.1274649   0.0011138   0.003144  -0.000898   0.002509   0.002373  0.0001760  0.0001760    0.001541    0.000565
1984   6   5  45856   0.005205   0.562751   0.1262552   0.0013143   0.003000  -0.000987   0.004360   0.004154  0.0001760  0.0001854    0.001541    0.000565
1984   6   6  45857   0.009660   0.562706   0.1248342   0.0015251   0.002836  -0.000994   0.012039   0.006386  0.0001947  0.0001862    0.001473    0.000518
1984   6   7  45858   0.015006   0.562078   0.1232203   0.0016880   0.002534  -0.000876   0.006500   0.002741  0.0001964  0.0001956    0.001468    0.000515
1984   6   8  45859   0.020209   0.561330   0.1214885   0.0017533   0.002016  -0.000684   0.003642   0.001488  0.0001964  0.0001964    0.001468    0.000515
1984   6   9  45860   0.025122   0.561075   0.1197531   0.0016966   0.001481  -0.000542   0.003686   0.001509  0.0001964  0.0001964    0.001468    0.000515
1984   6  10  45861   0.029713   0.561048   0.1181347   0.0015273   0.001081  -0.000506   0.010715   0.005298  0.0001964  0.0001863    0.001469    0.000515
1984   6  11  45862   0.033830   0.560425   0.1167272   0.0012859   0.000987  -0.000550   0.010451   0.009001  0.0001762  0.0001856    0.001768    0.000611
1984   6  12  45863   0.037823   0.559316   0.1155732   0.0010303   0.001230  -0.000611   0.001699   0.001571  0.0001748  0.0001755    0.001802    0.000621
1984   6  13  45864   0.041510   0.558307   0.1146569   0.0008159   0.001635  -0.000663   0.001599   0.001479  0.0001748  0.0001748    0.001802    0.000621
1984   6  14  45865   0.044854   0.557925   0.1139169   0.0006786   0.001866  -0.000707   0.001690   0.001564  0.0001748  0.0001748    0.001802    0.000621
1984   6  15  45866   0.048183   0.557912   0.1132696   0.0006288   0.001792  -0.000763   0.005698   0.005290  0.0001748  0.0001883    0.001801    0.000621
1984   6  16  45867   0.051905   0.557693   0.1126316   0.0006572   0.001420  -0.000795   0.010586   0.009338  0.0002018  0.0001899    0.001428    0.000388
1984   6  17  45868   0.056097   0.557105   0.1119343   0.0007444   0.000846  -0.000755   0.001756   0.001456  0.0002050  0.0002034    0.001404    0.000378
1984   6  18  45869   0.060678   0.556640   0.1111303   0.0008673   0.000223  -0.000669   0.001539   0.001274  0.0002050  0.0002050    0.001404    0.000378
1984   6  19  45870   0.065434   0.556725   0.1101953   0.0010024  -0.000237  -0.000644   0.002130   0.001761  0.0002050  0.0002049    0.001404    0.000378
1984   6  20  45871   0.069960   0.557187   0.1091288   0.0011279  -0.000429  -0.000700   0.003685   0.003014  0.0002049  0.0001827    0.001404    0.000378
1984   6  21  45872   0.074025   0.557202   0.1079499   0.0012259  -0.000356  -0.000751   0.012352   0.005344  0.0001604  0.0001813    0.001607    0.000564
1984   6  22  45873   0.077388   0.556147   0.1066924   0.0012840  -0.000165  -0.000685   0.006797   0.003009  0.0001577  0.0001590    0.001629    0.000596
1984   6  23  45874   0.080159   0.554328   0.1053994   0.0012948  -0.000070  -0.000478   0.003716   0.001697  0.0001577  0.0001577    0.001629    0.000596
1984   6  24  45875   0.083627   0.553351   0.1041204   0.0012537  -0.000169  -0.000207   0.003639   0.001675  0.0001577  0.0001577    0.001629    0.000596
1984   6  25  45876   0.087973   0.553315   0.1029083   0.0011598  -0.000295  -0.000044   0.011183   0.006105  0.0001578  0.0001833    0.001629    0.000596
1984   6  26  45877   0.092218   0.552880   0.1018137   0.0010205  -0.000223  -0.000081   0.009854   0.008896  0.0002089  0.0001868    0.001260    0.000561
1984   6  27  45878   0.096230   0.551511   0.1008725   0.0008570   0.000092  -0.000295   0.001407   0.001231  0.0002159  0.0002124    0.001239    0.000559
1984   6  28  45879   0.100383   0.549567   0.1000920   0.0007043   0.000479  -0.000593   0.001291   0.001130  0.0002159  0.0002159    0.001239    0.000559
1984   6  29  45880   0.105161   0.547720   0.0994407   0.0006027   0.000763  -0.000899   0.001348   0.001182  0.0002159  0.0002158    0.001239    0.000559
1984   6  30  45881   0.110562   0.546196   0.0988517   0.0005829   0.000901  -0.001109   0.004066   0.004240  0.0002158  0.0001880    0.001239    0.000559
1984   7   1  45882   0.116066   0.544900   0.0982386   0.0006525   0.000946  -0.001180   0.006694   0.011278  0.0001601  0.0001865    0.001273    0.000413
1984   7   2  45883   0.120845   0.543592   0.0975217   0.0007906   0.000894  -0.001150   0.002272   0.001524  0.0001572  0.0001586    0.001276    0.000406
1984   7   3  45884   0.124790   0.542019   0.0966528   0.0009534   0.000681  -0.001080   0.001975   0.001319  0.0001572  0.0001572    0.001276    0.000406
1984   7   4  45885   0.128428   0.540309   0.0956320   0.0010899   0.000272  -0.000951   0.002405   0.001673  0.0001572  0.0001572    0.001276    0.000406
1984   7   5  45886   0.132248   0.538957   0.0945063   0.0011578  -0.000257  -0.000745   0.003342   0.002547  0.0001572  0.0001531    0.001275    0.000405
1984   7   6  45887   0.136802   0.537568   0.0933565   0.0011360  -0.000829  -0.000461   0.009861   0.010285  0.0001490  0.0001525    0.000589    0.000230
1984   7   7  45888   0.141563   0.535522   0.0922718   0.0010305  -0.001435  -0.000154   0.002639   0.002819  0.0001477  0.0001484    0.000552    0.000218
1984   7   8  45889   0.145649   0.532918   0.0913226   0.0008680  -0.002078   0.000093   0.001126   0.001195  0.0001477  0.0001477    0.000552    0.000218
1984   7   9  45890   0.149081   0.530714   0.0905475   0.0006772  -0.002642   0.000204   0.001169   0.001238  0.0001477  0.0001477    0.000552    0.000218
1984   7  10  45891   0.152542   0.529156   0.0899627   0.0004768  -0.003023   0.000135   0.003796   0.003958  0.0001477  0.0001581    0.000552    0.000218
1984   7  11  45892   0.156623   0.527625   0.0895740   0.0002795  -0.003208  -0.000136   0.010456   0.008450  0.0001685  0.0001611    0.000900    0.000337
1984   7  12  45893   0.161110   0.525251   0.0893756   0.0001077  -0.003310  -0.000570   0.001897   0.001215  0.0001744  0.0001715    0.001149    0.000400
1984   7  13  45894   0.164967   0.521565   0.0893298   0.0000074  -0.003516  -0.001033   0.001709   0.001094  0.0001744  0.0001777    0.001149    0.000400
1984   7  14  45895   0.167398   0.516800   0.0893372   0.0000393  -0.003981  -0.001345   0.001774   0.001135  0.0001811  0.0003810    0.001193    0.000415
1984   7  15  45896   0.169555   0.512896   0.0892360   0.0002275  -0.004542  -0.001382   0.005980   0.003836  0.0005876  0.0008920    0.003867    0.001341
1984   7  16  45897   0.173153   0.511437   0.0888759   0.0005160  -0.004987  -0.001180   0.012930   0.012594  0.0016030  0.0003978    0.013276    0.003620
1984   7  17  45898   0.178283   0.511548   0.0882061   0.0007924  -0.005153  -0.000874   0.002331   0.002312  0.0002079  0.0008755    0.001918    0.000492
1984   7  18  45899   0.183378   0.510608   0.0873008   0.0009624  -0.005033  -0.000545   0.001108   0.001098  0.0001480  0.0001777    0.001367    0.000350
1984   7  19  45900   0.187835   0.508052   0.0862967   0.0010052  -0.004617  -0.000100   0.001465   0.001445  0.0001476  0.0001558    0.001362    0.000349
1984   7  20  45901   0.191486   0.505801   0.0853082   0.0009540  -0.004103   0.000390   0.002566   0.002511  0.0001637  0.0001681    0.001219    0.000387
1984   7  21  45902   0.195045   0.504003   0.0844059   0.0008473  -0.003878   0.000741   0.001351   0.001354  0.0001886  0.0001694    0.001087    0.000438
1984   7  22  45903   0.199132   0.501067   0.0836283   0.0007147  -0.004270   0.000730   0.001374   0.001155  0.0001751  0.0001744    0.000998    0.000375
1984   7  23  45904   0.203282   0.496688   0.0829876   0.0005878  -0.004992   0.000278   0.001579   0.000975  0.0001601  0.0002197    0.000897    0.000310
1984   7  24  45905   0.206377   0.492981   0.0824590   0.0005052  -0.004871  -0.000439   0.002528   0.001440  0.0002643  0.0006031    0.001454    0.000454
1984   7  25  45906   0.209464   0.490239   0.0819752   0.0004864  -0.004497  -0.001072   0.011072   0.003843  0.0010460  0.0012292    0.005010    0.000817
1984   7  26  45907   0.213929   0.487831   0.0814708   0.0005166  -0.004569  -0.001392   0.015893   0.004472  0.0021941  0.0007753    0.008559    0.000899
1984   7  27  45908   0.218599   0.485448   0.0809119   0.0005796  -0.004874  -0.001430   0.003603   0.002687  0.0005046  0.0012587    0.003596    0.001194
1984   7  28  45909   0.222319   0.482825   0.0802725   0.0006904  -0.005196  -0.001171   0.002800   0.001770  0.0003234  0.0003582    0.002079    0.000700
1984   7  29  45910   0.225050   0.480101   0.0794959   0.0008815  -0.005232  -0.000647   0.001997   0.001179  0.0002118  0.0002410    0.001297    0.000406
1984   7  30  45911   0.229326   0.477288   0.0784928   0.0011574  -0.005004  -0.000128   0.001571   0.000962  0.0001585  0.0001806    0.000941    0.000270
1984   7  31  45912   0.233182   0.475023   0.0771915   0.0014482  -0.005045   0.000067   0.002248   0.001473  0.0001493  0.0001672    0.000882    0.000248
1984   8   1  45913   0.236632   0.472604   0.0756314   0.0016426  -0.005368  -0.000111   0.002300   0.002040  0.0001758  0.0001645    0.001312    0.000488
1984   8   2  45914   0.239573   0.469429   0.0739540   0.0016649  -0.005784  -0.000462   0.001482   0.001365  0.0001796  0.0001764    0.001404    0.000584
1984   8   3  45915   0.242204   0.465628   0.0723470   0.0015132  -0.005942  -0.000682   0.001924   0.001738  0.0001770  0.0001652    0.001284    0.000510
1984   8   4  45916   0.245304   0.462214   0.0709591   0.0012455  -0.006040  -0.000677   0.001312   0.001019  0.0001508  0.0001647    0.000719    0.000248
1984   8   5  45917   0.249280   0.459403   0.0698687   0.0009379  -0.006495  -0.000468   0.000913   0.000710  0.0001524  0.0001609    0.000728    0.000235
1984   8   6  45918   0.253342   0.456540   0.0690781   0.0006636  -0.007162  -0.000119   0.000901   0.000717  0.0001709  0.0002030    0.000873    0.000238
1984   8   7  45919   0.255675   0.453014   0.0685226   0.0004764  -0.005910   0.000206   0.001150   0.000845  0.0002537  0.0003382    0.001389    0.000364
1984   8   8  45920   0.257934   0.449650   0.0680985   0.0004022  -0.003677   0.000312   0.001631   0.001113  0.0005055  0.0009484    0.002793    0.000836
1984   8   9  45921   0.260734   0.446379   0.0676893   0.0004383  -0.001847   0.000162   0.003652   0.003038  0.0016431  0.0007100    0.004397    0.002393
1984   8  10  45922   0.263483   0.442437   0.0671965   0.0005596  -0.001976  -0.000115   0.004451   0.004265  0.0009144  0.0009020    0.004251    0.002373
1984   8  11  45923   0.266148   0.438419   0.0665522   0.0007327  -0.003397  -0.000336   0.002811   0.002819  0.0001608  0.0005368    0.001625    0.000520
1984   8  12  45924   0.268720   0.435064   0.0657222   0.0009292  -0.005578  -0.000349   0.001584   0.001603  0.0001591  0.0001599    0.001610    0.000515
1984   8  13  45925   0.271397   0.432002   0.0646939   0.0011269  -0.006769  -0.000161   0.001292   0.001310  0.0001591  0.0001591    0.001610    0.000515
1984   8  14  45926   0.274397   0.428777   0.0634767   0.0013050  -0.007086   0.000047   0.002948   0.002971  0.0001591  0.0001548    0.001610    0.000515
1984   8  15  45927   0.277759   0.425407   0.0620988   0.0014437  -0.006940   0.000167   0.011422   0.007853  0.0001505  0.0001544    0.003336    0.000422
1984   8  16  45928   0.281150   0.422131   0.0606082   0.0015239  -0.006451   0.000265   0.002969   0.001499  0.0001497  0.0001501    0.004137    0.000415
1984   8  17  45929   0.283897   0.418981   0.0590702   0.0015317  -0.005942   0.000430   0.001708   0.000855  0.0001497  0.0001497    0.004137    0.000415
1984   8  18  45930   0.285480   0.415951   0.0575608   0.0014659  -0.006404   0.000600   0.001682   0.000842  0.0001497  0.0001497    0.004137    0.000415
1984   8  19  45931   0.286332   0.412763   0.0561491   0.0013376  -0.007704   0.000603   0.001709   0.000855  0.0001497  0.0001500    0.004131    0.000415
1984   8  20  45932   0.287496   0.409138   0.0548906   0.0011668  -0.009317   0.000367   0.005480   0.003086  0.0001502  0.0001500    0.001695    0.000451
1984   8  21  45933   0.289547   0.405021   0.0538143   0.0009852  -0.010500   0.000014   0.003216   0.002088  0.0001503  0.0001503    0.001641    0.000454
1984   8  22  45934   0.291932   0.400544   0.0529101   0.0008371  -0.010736  -0.000276   0.002092   0.001422  0.0001503  0.0001502    0.001641    0.000454
1984   8  23  45935   0.293507   0.396338   0.0521177   0.0007730  -0.009635  -0.000512   0.001956   0.001333  0.0001502  0.0001377    0.001632    0.000452
1984   8  24  45936   0.293945   0.392219   0.0513294   0.0008365  -0.008247  -0.000719   0.003513   0.002878  0.0001252  0.0001320    0.000742    0.000209
1984   8  25  45937   0.293905   0.387494   0.0504050   0.0010448  -0.007266  -0.000833   0.001358   0.001699  0.0001138  0.0001230    0.000596    0.000168
1984   8  26  45938   0.293867   0.383585   0.0492096   0.0013679  -0.007173  -0.000701   0.001084   0.001339  0.0001207  0.0001387    0.000653    0.000182
1984   8  27  45939   0.294016   0.380652   0.0476633   0.0017265  -0.007910  -0.000383   0.001422   0.001487  0.0001635  0.0001406    0.001241    0.000302
1984   8  28  45940   0.294495   0.376774   0.0457814   0.0020139  -0.008240  -0.000235   0.001775   0.002045  0.0001604  0.0001264    0.001215    0.000337
1984   8  29  45941   0.295732   0.372177   0.0436846   0.0021450  -0.008302  -0.000358   0.001114   0.001630  0.0000892  0.0000971    0.000669    0.000246
1984   8  30  45942   0.297444   0.368273   0.0415478   0.0021031  -0.008628  -0.000489   0.000593   0.000560  0.0000338  0.0000570    0.000446    0.000175
1984   8  31  45943   0.298433   0.365301   0.0395237   0.0019324  -0.009003  -0.000437   0.000376   0.000338  0.0000249  0.0000388    0.000367    0.000147
1984   9   1  45944   0.298068   0.362207   0.0377055   0.0016974  -0.009150  -0.000310   0.000544   0.000500  0.0000438  0.0000315    0.000660    0.000240
1984   9   2  45945   0.298441   0.358953   0.0361272   0.0014507  -0.008798  -0.000364   0.000438   0.000400  0.0000381  0.0000353    0.000658    0.000221
1984   9   3  45946   0.299597   0.355540   0.0347846   0.0012274  -0.008259  -0.000585   0.000316   0.000283  0.0000268  0.0000323    0.000464    0.000164
1984   9   4  45947   0.300234   0.351982   0.0336437   0.0010584  -0.008227  -0.000663   0.000394   0.000353  0.0000265  0.0000610    0.000459    0.000163
1984   9   5  45948   0.300887   0.348046   0.0326373   0.0009666  -0.008411  -0.000595   0.001964   0.001718  0.0000952  0.0000906    0.001262    0.000413
1984   9   6  45949   0.302173   0.343692   0.0316834   0.0009581  -0.008592  -0.000465   0.001628   0.001401  0.0001547  0.0001250    0.001556    0.000488
1984   9   7  45950   0.303871   0.339496   0.0307006   0.0010209  -0.008389  -0.000459   0.001952   0.001647  0.0001549  0.0001548    0.001556    0.000488
1984   9   8  45951   0.305593   0.335614   0.0296295   0.0011306  -0.008011  -0.000451   0.005032   0.003538  0.0001549  0.0001561    0.001556    0.000488
1984   9   9  45952   0.306975   0.331846   0.0284364   0.0012616  -0.007698  -0.000261   0.003488   0.002696  0.0001573  0.0001562    0.001431    0.000380
1984   9  10  45953   0.307660   0.328091   0.0271122   0.0013901  -0.007524   0.000115   0.000866   0.000753  0.0001575  0.0001574    0.001421    0.000374
1984   9  11  45954   0.307420   0.324256   0.0256697   0.0014955  -0.007476   0.000510   0.000862   0.000750  0.0001575  0.0001575    0.001421    0.000374
1984   9  12  45955   0.306690   0.320335   0.0241402   0.0015645  -0.007627   0.000835   0.000877   0.000762  0.0001575  0.0001575    0.001421    0.000374
1984   9  13  45956   0.306428   0.316439   0.0225621   0.0015904  -0.007838   0.001065   0.002564   0.002239  0.0001575  0.0001978    0.001421    0.000374
1984   9  14  45957   0.307414   0.312665   0.0209788   0.0015709  -0.008054   0.001280   0.012050   0.009953  0.0002382  0.0002046    0.001456    0.000514
1984   9  15  45958   0.309377   0.308987   0.0194340   0.0015093  -0.008362   0.001466   0.002672   0.002286  0.0002516  0.0002449    0.001459    0.000534
1984   9  16  45959   0.310612   0.304967   0.0179663   0.0014137  -0.008838   0.001475   0.001701   0.001457  0.0002516  0.0002516    0.001459    0.000534
1984   9  17  45960   0.310218   0.300467   0.0166047   0.0012982  -0.009250   0.001182   0.002272   0.001942  0.0002516  0.0002516    0.001459    0.000534
1984   9  18  45961   0.309714   0.296139   0.0153602   0.0011869  -0.009269   0.000765   0.005106   0.004273  0.0002516  0.0002383    0.001459    0.000534
1984   9  19  45962   0.310633   0.292324   0.0142127   0.0011157  -0.008676   0.000477   0.004933   0.003827  0.0002250  0.0002374    0.001603    0.000554
1984   9  20  45963   0.311651   0.288099   0.0131006   0.0011270  -0.007688   0.000397   0.002894   0.003387  0.0002232  0.0002241    0.001617    0.000556
1984   9  21  45964   0.311236   0.283155   0.0119225   0.0012537  -0.006785   0.000426   0.001799   0.003840  0.0002232  0.0002232    0.001617    0.000556
1984   9  22  45965   0.311277   0.279744   0.0105574   0.0014974  -0.006345   0.000559   0.002149   0.004317  0.0002232  0.0002231    0.001617    0.000556
1984   9  23  45966   0.311833   0.277287   0.0089064   0.0018153  -0.006408   0.000827   0.003812   0.004462  0.0002231  0.0001774    0.001616    0.000555
1984   9  24  45967   0.312299   0.274218   0.0069328   0.0021280  -0.006960   0.001158   0.002650   0.002876  0.0001316  0.0001756    0.001033    0.000419
1984   9  25  45968   0.312706   0.270342   0.0046872   0.0023459  -0.007856   0.001287   0.000812   0.000935  0.0001282  0.0001299    0.001008    0.000411
1984   9  26  45969   0.312836   0.266127   0.0022983   0.0024065  -0.008700   0.001066   0.000810   0.000932  0.0001282  0.0001282    0.001008    0.000411
1984   9  27  45970   0.312881   0.262259  -0.0000677   0.0023019  -0.009145   0.000700   0.000839   0.000965  0.0001282  0.0001282    0.001008    0.000411
1984   9  28  45971   0.312888   0.258581  -0.0022659   0.0020790  -0.009285   0.000560   0.002836   0.003244  0.0001282  0.0001363    0.001008    0.000411
1984   9  29  45972   0.312938   0.254677  -0.0042143   0.0018132  -0.009369   0.000639   0.010302   0.012184  0.0001444  0.0001372    0.002541    0.000408
1984   9  30  45973   0.312740   0.250487  -0.0059070   0.0015775  -0.009392   0.000618   0.001581   0.002041  0.0001463  0.0001454    0.003610    0.000407
1984  10   1  45974   0.311949   0.246555  -0.0073996   0.0014185  -0.009183   0.000369   0.001127   0.001456  0.0001463  0.0001463    0.003610    0.000407
1984  10   2  45975   0.310546   0.243161  -0.0087787   0.0013507  -0.008721   0.000152   0.001595   0.002048  0.0001463  0.0001463    0.003610    0.000407
1984  10   3  45976   0.309108   0.239763  -0.0101319   0.0013650  -0.008179   0.000194   0.004353   0.005267  0.0001463  0.0001524    0.003603    0.000407
1984  10   4  45977   0.308118   0.235958  -0.0115322   0.0014416  -0.007649   0.000453   0.005266   0.007010  0.0001585  0.0001531    0.001245    0.000464
1984  10   5  45978   0.307203   0.232085  -0.0130303   0.0015561  -0.007152   0.000724   0.002327   0.002544  0.0001599  0.0001592    0.001193    0.000471
1984  10   6  45979   0.305757   0.228523  -0.0146509   0.0016825  -0.006783   0.000902   0.001250   0.001305  0.0001599  0.0001599    0.001193    0.000471
1984  10   7  45980   0.304263   0.224822  -0.0163928   0.0017983  -0.006723   0.001023   0.001213   0.001257  0.0001599  0.0001599    0.001193    0.000471
1984  10   8  45981   0.303117   0.221216  -0.0182367   0.0018884  -0.006902   0.001177   0.003732   0.003572  0.0001599  0.0001714    0.001193    0.000471
1984  10   9  45982   0.302470   0.218377  -0.0201522   0.0019436  -0.007110   0.001302   0.005473   0.004686  0.0001828  0.0001728    0.001388    0.000461
1984  10  10  45983   0.301082   0.214740  -0.0221024   0.0019568  -0.007170   0.001270   0.002252   0.002225  0.0001858  0.0001843    0.001413    0.000460
1984  10  11  45984   0.297924   0.209080  -0.0240440   0.0019204  -0.007017   0.001088   0.001584   0.001668  0.0001858  0.0001858    0.001413    0.000460
1984  10  12  45985   0.294783   0.203678  -0.0259252   0.0018278  -0.006604   0.000933   0.001333   0.001437  0.0001858  0.0001858    0.001413    0.000460
1984  10  13  45986   0.293184   0.200555  -0.0276892   0.0016830  -0.006057   0.000905   0.002948   0.003138  0.0001858  0.0001818    0.001413    0.000460
1984  10  14  45987   0.291528   0.197970  -0.0292909   0.0015089  -0.005528   0.000963   0.004108   0.004332  0.0001778  0.0001814    0.001015    0.000429
1984  10  15  45988   0.288562   0.193989  -0.0307167   0.0013435  -0.005115   0.001024   0.001415   0.001689  0.0001771  0.0001774    0.000992    0.000426
1984  10  16  45989   0.286874   0.190109  -0.0319964   0.0012302  -0.004801   0.001091   0.001106   0.001319  0.0001771  0.0001771    0.000992    0.000426
1984  10  17  45990   0.287454   0.187374  -0.0332031   0.0012091  -0.004574   0.001227   0.001563   0.001761  0.0001771  0.0001770    0.000992    0.000426
1984  10  18  45991   0.287665   0.184834  -0.0344463   0.0013081  -0.004392   0.001470   0.002930   0.002710  0.0001770  0.0001613    0.000992    0.000426
1984  10  19  45992   0.286078   0.181952  -0.0358523   0.0015310  -0.004361   0.001745   0.006943   0.005973  0.0001455  0.0001603    0.000906    0.000526
1984  10  20  45993   0.283369   0.179005  -0.0375348   0.0018492  -0.004591   0.001990   0.002159   0.001876  0.0001436  0.0001446    0.000900    0.000538
1984  10  21  45994   0.280932   0.176113  -0.0395594   0.0021975  -0.005084   0.002235   0.001038   0.000901  0.0001436  0.0001436    0.000900    0.000538
1984  10  22  45995   0.279698   0.172848  -0.0419118   0.0024855  -0.005719   0.002476   0.001157   0.001010  0.0001436  0.0001436    0.000900    0.000538
1984  10  23  45996   0.279082   0.169224  -0.0444861   0.0026302  -0.006345   0.002519   0.003512   0.003720  0.0001436  0.0001374    0.000900    0.000538
1984  10  24  45997   0.277642   0.165682  -0.0471140   0.0025924  -0.006642   0.002250   0.004780   0.006782  0.0001312  0.0001370    0.001207    0.000415
1984  10  25  45998   0.275349   0.162566  -0.0496186   0.0023922  -0.006417   0.001883   0.001188   0.001029  0.0001303  0.0001308    0.001249    0.000409
1984  10  26  45999   0.272848   0.159896  -0.0518694   0.0020975  -0.005923   0.001758   0.001121   0.000969  0.0001303  0.0001303    0.001249    0.000409
1984  10  27  46000   0.271012   0.157360  -0.0538146   0.0017936  -0.005622   0.001883   0.001124   0.000971  0.0001303  0.0001304    0.001249    0.000409
1984  10  28  46001   0.269399   0.154407  -0.0554822   0.0015515  -0.005587   0.001939   0.002083   0.001907  0.0001304  0.0001359    0.001249    0.000409
1984  10  29  46002   0.267179   0.150739  -0.0569547   0.0014086  -0.005560   0.001720   0.004648   0.010317  0.0001415  0.0001364    0.001043    0.000542
1984  10  30  46003   0.263745   0.146593  -0.0583356   0.0013700  -0.005389   0.001409   0.001847   0.002683  0.0001425  0.0001420    0.001030    0.000560
1984  10  31  46004   0.260589   0.142981  -0.0597231   0.0014187  -0.005167   0.001325   0.001128   0.001590  0.0001425  0.0001425    0.001030    0.000560
1984  11   1  46005   0.259158   0.140523  -0.0611914   0.0015254  -0.004971   0.001542   0.001464   0.002121  0.0001425  0.0001425    0.001030    0.000560
1984  11   2  46006   0.257522   0.138266  -0.0627830   0.0016586  -0.004764   0.001844   0.002424   0.003832  0.0001425  0.0001703    0.001030    0.000560
1984  11   3  46007   0.255124   0.135365  -0.0645089   0.0017907  -0.004532   0.002047   0.010582   0.010627  0.0001981  0.0001742    0.001172    0.000535
1984  11   4  46008   0.252378   0.131734  -0.0663564   0.0019009  -0.004345   0.002178   0.004133   0.003182  0.0002058  0.0002019    0.001186    0.000533
1984  11   5  46009   0.250100   0.128172  -0.0682957   0.0019732  -0.004235   0.002361   0.002059   0.001564  0.0002058  0.0002058    0.001186    0.000533
1984  11   6  46010   0.248911   0.125488  -0.0702829   0.0019934  -0.004127   0.002593   0.002472   0.001877  0.0002058  0.0002057    0.001186    0.000533
1984  11   7  46011   0.247963   0.123190  -0.0722609   0.0019487  -0.003992   0.002742   0.008291   0.006318  0.0002057  0.0001781    0.001186    0.000533
1984  11   8  46012   0.245782   0.120165  -0.0741602   0.0018322  -0.003905   0.002697   0.007344   0.007129  0.0001505  0.0001767    0.001074    0.000716
1984  11   9  46013   0.242470   0.116496  -0.0759107   0.0016532  -0.003936   0.002497   0.001084   0.001114  0.0001476  0.0001491    0.001066    0.000742
1984  11  10  46014   0.238733   0.112963  -0.0774611   0.0014423  -0.004024   0.002285   0.001042   0.001071  0.0001476  0.0001476    0.001066    0.000742
1984  11  11  46015   0.235499   0.110345  -0.0788014   0.0012461  -0.004070   0.002165   0.001052   0.001082  0.0001476  0.0001476    0.001066    0.000742
1984  11  12  46016   0.232887   0.108306  -0.0799711   0.0011123  -0.004018   0.002135   0.002593   0.002810  0.0001476  0.0001403    0.001066    0.000742
1984  11  13  46017   0.230531   0.106083  -0.0810527   0.0010746  -0.003896   0.002148   0.005827   0.009611  0.0001329  0.0001397    0.002640    0.000535
1984  11  14  46018   0.227804   0.103256  -0.0821514   0.0011466  -0.003695   0.002182   0.001750   0.002138  0.0001318  0.0001324    0.003501    0.000525
1984  11  15  46019   0.225331   0.100601  -0.0833763   0.0013231  -0.003338   0.002248   0.001209   0.001460  0.0001318  0.0001318    0.003501    0.000525
1984  11  16  46020   0.223494   0.098750  -0.0848218   0.0015830  -0.002770   0.002358   0.001601   0.001956  0.0001318  0.0001318    0.003501    0.000525
1984  11  17  46021   0.221516   0.097358  -0.0865537   0.0018860  -0.002153   0.002537   0.002475   0.003135  0.0001318  0.0001330    0.003491    0.000524
1984  11  18  46022   0.219029   0.095735  -0.0885863   0.0021716  -0.001719   0.002804   0.003233   0.003467  0.0001341  0.0001331    0.001043    0.000505
1984  11  19  46023   0.215946   0.093475  -0.0908675   0.0023708  -0.001607   0.003105   0.001924   0.002254  0.0001343  0.0001342    0.001004    0.000504
1984  11  20  46024   0.212493   0.090839  -0.0932809   0.0024298  -0.001740   0.003289   0.001273   0.001555  0.0001343  0.0001343    0.001004    0.000504
1984  11  21  46025   0.210286   0.088781  -0.0956754   0.0023327  -0.001885   0.003246   0.001365   0.001711  0.0001343  0.0001343    0.001004    0.000504
1984  11  22  46026   0.208712   0.087285  -0.0979069   0.0021116  -0.001798   0.003077   0.003160   0.004836  0.0001343  0.0001347    0.001004    0.000504
1984  11  23  46027   0.205439   0.085461  -0.0998844   0.0018359  -0.001527   0.003007   0.003377   0.004998  0.0001351  0.0001348    0.001064    0.000445
1984  11  24  46028   0.200983   0.083243  -0.1015921   0.0015812  -0.001301   0.003101   0.000873   0.000981  0.0001352  0.0001352    0.001070    0.000441
1984  11  25  46029   0.196459   0.080993  -0.1030797   0.0014005  -0.001187   0.003182   0.000863   0.000969  0.0001352  0.0001352    0.001070    0.000441
1984  11  26  46030   0.192974   0.079023  -0.1044321   0.0013138  -0.000989   0.003090   0.000873   0.000980  0.0001352  0.0001352    0.001070    0.000441
1984  11  27  46031   0.190048   0.077010  -0.1057409   0.0013132  -0.000639   0.002914   0.002333   0.002603  0.0001352  0.0001315    0.001070    0.000441
1984  11  28  46032   0.186731   0.074502  -0.1070810   0.0013763  -0.000277   0.002875   0.007201   0.007084  0.0001279  0.0001313    0.000839    0.000371
1984  11  29  46033   0.182456   0.071506  -0.1085047   0.0014805  -0.000080   0.003045   0.001211   0.001212  0.0001273  0.0001276    0.000825    0.000366
1984  11  30  46034   0.177809   0.068693  -0.1100434   0.0016055  -0.000096   0.003273   0.000706   0.000706  0.0001273  0.0001273    0.000825    0.000366
1984  12   1  46035   0.173721   0.066594  -0.1117089   0.0017280  -0.000316   0.003394   0.000697   0.000698  0.0001273  0.0001273    0.000825    0.000366
1984  12   2  46036   0.170309   0.064759  -0.1134860   0.0018231  -0.000666   0.003425   0.000760   0.000762  0.0001273  0.0001270    0.000825    0.000366
1984  12   3  46037   0.167200   0.062284  -0.1153368   0.0018711  -0.001068   0.003510   0.003971   0.004552  0.0001268  0.0001270    0.000814    0.000382
1984  12   4  46038   0.163920   0.058858  -0.1172076   0.0018595  -0.001427   0.003719   0.002194   0.001882  0.0001267  0.0001267    0.000813    0.000383
1984  12   5  46039   0.160068   0.055204  -0.1190363   0.0017849  -0.001685   0.003944   0.001236   0.001000  0.0001267  0.0001267    0.000813    0.000383
1984  12   6  46040   0.156422   0.052900  -0.1207616   0.0016564  -0.001830   0.004011   0.001306   0.001062  0.0001267  0.0001267    0.000813    0.000383
1984  12   7  46041   0.153051   0.051898  -0.1223400   0.0014959  -0.001938   0.003849   0.003447   0.003688  0.0001267  0.0001156    0.000813    0.000383
1984  12   8  46042   0.149373   0.050724  -0.1237541   0.0013335  -0.001972   0.003554   0.003694   0.005078  0.0001045  0.0001150    0.000895    0.000577
1984  12   9  46043   0.145439   0.048875  -0.1250203   0.0012055  -0.001821   0.003291   0.000799   0.000794  0.0001032  0.0001039    0.000903    0.000609
1984  12  10  46044   0.141015   0.046528  -0.1261903   0.0011443  -0.001487   0.003153   0.000771   0.000765  0.0001032  0.0001032    0.000903    0.000609
1984  12  11  46045   0.136096   0.044303  -0.1273417   0.0011671  -0.001164   0.003107   0.000776   0.000770  0.0001032  0.0001032    0.000903    0.000609
1984  12  12  46046   0.131055   0.042636  -0.1285571   0.0012722  -0.000949   0.003065   0.001868   0.001849  0.0001032  0.0001156    0.000903    0.000609
1984  12  13  46047   0.126409   0.041608  -0.1299100   0.0014422  -0.000807   0.002973   0.009237   0.009909  0.0001279  0.0001170    0.000986    0.000488
1984  12  14  46048   0.122133   0.040932  -0.1314509   0.0016459  -0.000638   0.002868   0.001683   0.002147  0.0001308  0.0001294    0.000993    0.000481
1984  12  15  46049   0.117671   0.039869  -0.1331937   0.0018394  -0.000425   0.002839   0.001077   0.001385  0.0001308  0.0001308    0.000993    0.000481
1984  12  16  46050   0.112810   0.038083  -0.1351044   0.0019733  -0.000196   0.002940   0.001408   0.001840  0.0001308  0.0001308    0.000993    0.000481
1984  12  17  46051   0.108036   0.036090  -0.1371017   0.0020043  -0.000099   0.003140   0.002258   0.003056  0.0001308  0.0001378    0.000993    0.000481
1984  12  18  46052   0.103290   0.034364  -0.1390688   0.0019105  -0.000130   0.003335   0.004209   0.004210  0.0001447  0.0001385    0.001096    0.000404
1984  12  19  46053   0.097847   0.033016  -0.1408842   0.0017057  -0.000147   0.003435   0.002090   0.002096  0.0001461  0.0001454    0.001107    0.000399
1984  12  20  46054   0.091662   0.031826  -0.1424588   0.0014392  -0.000033   0.003448   0.001107   0.001114  0.0001461  0.0001460    0.001107    0.000399
1984  12  21  46055   0.086176   0.030483  -0.1437649   0.0011780   0.000132   0.003448   0.001462   0.001486  0.0001459  0.0001317    0.001106    0.000398
1984  12  22  46056   0.080706   0.029403  -0.1448390   0.0009830   0.000266   0.003464   0.001712   0.001837  0.0001172  0.0001274    0.001022    0.000283
1984  12  23  46057   0.075290   0.028381  -0.1457676   0.0008907   0.000321   0.003447   0.000713   0.000757  0.0001088  0.0001130    0.000990    0.000256
1984  12  24  46058   0.071605   0.026386  -0.1466573   0.0009065   0.000391   0.003353   0.000860   0.000914  0.0001088  0.0001088    0.000990    0.000256
1984  12  25  46059   0.068964   0.024002  -0.1476082   0.0010124   0.000568   0.003238   0.002013   0.002192  0.0001088  0.0001088    0.000990    0.000256
1984  12  26  46060   0.065347   0.022761  -0.1486966   0.0011779   0.000798   0.003217   0.005478   0.007350  0.0001088  0.0001268    0.000990    0.000256
1984  12  27  46061   0.060659   0.022701  -0.1499667   0.0013706   0.000976   0.003316   0.017725   0.015201  0.0001448  0.0001322    0.001141    0.000364
1984  12  28  46062   0.055576   0.023136  -0.1514311   0.0015609   0.001025   0.003453   0.014576   0.012946  0.0001557  0.0001503    0.001175    0.000401
1984  12  29  46063   0.050989   0.023193  -0.1530747   0.0017229   0.000970   0.003547   0.003070   0.003168  0.0001557  0.0001557    0.001175    0.000401
1984  12  30  46064   0.047108   0.022867  -0.1548584   0.0018358   0.000887   0.003625   0.001893   0.001963  0.0001557  0.0001557    0.001175    0.000401
1984  12  31  46065   0.044056   0.022393  -0.1567259   0.0018847   0.000791   0.003800   0.001876   0.001946  0.0001557  0.0001557    0.001175    0.000401
