

                   INTERNATIONAL EARTH ROTATION SERVICE
                        EARTH ROTATION PARAMETERS
                          EOP (IERS) C04

  
             FORMAT(3(I4),I7,2(F11.6),2(F12.7),2(F12.6),2(F11.6),2(F12.7),2F12.6)
**********************************************************************************
  
      Date      MJD      x          y        UT1-UTC       LOD         dPsi    dEpsilon     x Err     y Err   UT1-UTC Err  Lod Err    dPsi Err   dEpsilon Err
                         "          "           s           s            "         "        "          "          s           s            "         "
     (0h UTC)

1969   1   1  40222  -0.129900   0.214400   0.0330652   0.0019400   0.054191   0.007912   0.020000   0.020000  0.0015000  0.0010000    0.009000    0.002000
1969   1   2  40223  -0.129300   0.216100   0.0337654   0.0018510   0.054310   0.007704   0.020000   0.020000  0.0015000  0.0010000    0.009000    0.002000
1969   1   3  40224  -0.128700   0.217700   0.0345286   0.0018370   0.054312   0.007589   0.020000   0.020000  0.0015000  0.0010000    0.009000    0.002000
1969   1   4  40225  -0.127999   0.219401   0.0352557   0.0019010   0.054338   0.007667   0.020000   0.020000  0.0015000  0.0010000    0.009000    0.002000
1969   1   5  40226  -0.127399   0.221001   0.0358829   0.0020360   0.054545   0.007857   0.020000   0.020000  0.0015000  0.0010000    0.009000    0.002000
1969   1   6  40227  -0.126699   0.222701   0.0363471   0.0022230   0.054929   0.008006   0.020000   0.020000  0.0015000  0.0010000    0.009000    0.002000
1969   1   7  40228  -0.125998   0.224302   0.0366083   0.0024370   0.055328   0.008063   0.020000   0.020000  0.0015000  0.0010000    0.009000    0.002000
1969   1   8  40229  -0.125298   0.226002   0.0366545   0.0026480   0.055594   0.008093   0.020000   0.020000  0.0015000  0.0010000    0.009000    0.002000
1969   1   9  40230  -0.124598   0.227602   0.0365046   0.0028320   0.055681   0.008143   0.020000   0.020000  0.0015000  0.0010000    0.009000    0.002000
1969   1  10  40231  -0.123898   0.229302   0.0362138   0.0029370   0.055620   0.008171   0.020000   0.020000  0.0015000  0.0010000    0.009000    0.002000
1969   1  11  40232  -0.123197   0.231003   0.0358550   0.0029440   0.055465   0.008141   0.020000   0.020000  0.0015000  0.0010000    0.009000    0.002000
1969   1  12  40233  -0.122497   0.232603   0.0355522   0.0028410   0.055251   0.008127   0.020000   0.020000  0.0015000  0.0010000    0.009000    0.002000
1969   1  13  40234  -0.121797   0.234303   0.0353953   0.0026400   0.054926   0.008201   0.020000   0.020000  0.0015000  0.0010000    0.009000    0.002000
1969   1  14  40235  -0.121097   0.236003   0.0354795   0.0023790   0.054434   0.008259   0.020000   0.020000  0.0015000  0.0010000    0.009000    0.002000
1969   1  15  40236  -0.120396   0.237704   0.0358107   0.0021510   0.053925   0.008112   0.020000   0.020000  0.0015000  0.0010000    0.009000    0.002000
1969   1  16  40237  -0.119696   0.239404   0.0363129   0.0020350   0.053728   0.007794   0.020000   0.020000  0.0015000  0.0010000    0.009000    0.002000
1969   1  17  40238  -0.118996   0.241204   0.0368781   0.0020620   0.053980   0.007592   0.020000   0.020000  0.0015000  0.0010000    0.009000    0.002000
1969   1  18  40239  -0.118295   0.242905   0.0373302   0.0022360   0.054451   0.007684   0.020000   0.020000  0.0015000  0.0010000    0.009000    0.002000
1969   1  19  40240  -0.117595   0.244605   0.0375574   0.0025090   0.054855   0.007908   0.020000   0.020000  0.0015000  0.0010000    0.009000    0.002000
1969   1  20  40241  -0.116895   0.246405   0.0375016   0.0027730   0.055128   0.008016   0.020000   0.020000  0.0015000  0.0010000    0.009000    0.002000
1969   1  21  40242  -0.116195   0.248205   0.0372178   0.0029670   0.055258   0.008013   0.020000   0.020000  0.0015000  0.0010000    0.009000    0.002000
1969   1  22  40243  -0.115594   0.250006   0.0368009   0.0030270   0.055100   0.008065   0.020000   0.020000  0.0015000  0.0010000    0.009000    0.002000
1969   1  23  40244  -0.114894   0.251806   0.0363871   0.0029730   0.054600   0.008177   0.020000   0.020000  0.0015000  0.0010000    0.009000    0.002000
1969   1  24  40245  -0.114194   0.253606   0.0360863   0.0028170   0.054007   0.008175   0.020000   0.020000  0.0015000  0.0010000    0.009000    0.002000
1969   1  25  40246  -0.113593   0.255407   0.0359505   0.0026190   0.053648   0.007975   0.020000   0.020000  0.0015000  0.0010000    0.009000    0.002000
1969   1  26  40247  -0.112893   0.257307   0.0360327   0.0024180   0.053612   0.007715   0.020000   0.020000  0.0015000  0.0010000    0.009000    0.002000
1969   1  27  40248  -0.112293   0.259107   0.0362998   0.0022330   0.053786   0.007569   0.020000   0.020000  0.0015000  0.0010000    0.009000    0.002000
1969   1  28  40249  -0.111693   0.261007   0.0367350   0.0020960   0.054068   0.007534   0.020000   0.020000  0.0015000  0.0010000    0.009000    0.002000
1969   1  29  40250  -0.111092   0.262908   0.0372782   0.0020080   0.054387   0.007473   0.020000   0.020000  0.0015000  0.0010000    0.009000    0.002000
1969   1  30  40251  -0.110492   0.264808   0.0378744   0.0020030   0.054627   0.007322   0.020000   0.020000  0.0015000  0.0010000    0.009000    0.002000
1969   1  31  40252  -0.109892   0.266708   0.0384355   0.0020680   0.054690   0.007185   0.020000   0.020000  0.0015000  0.0010000    0.009000    0.002000
1969   2   1  40253  -0.109292   0.268708   0.0388817   0.0022200   0.054638   0.007203   0.020000   0.020000  0.0015000  0.0010000    0.009000    0.002000
1969   2   2  40254  -0.108691   0.270609   0.0391549   0.0024330   0.054660   0.007374   0.020000   0.020000  0.0015000  0.0010000    0.009000    0.002000
1969   2   3  40255  -0.108191   0.272609   0.0391941   0.0026820   0.054851   0.007557   0.020000   0.020000  0.0015000  0.0010000    0.009000    0.002000
1969   2   4  40256  -0.107591   0.274609   0.0389713   0.0029330   0.055103   0.007630   0.020000   0.020000  0.0015000  0.0010000    0.009000    0.002000
1969   2   5  40257  -0.107090   0.276610   0.0385214   0.0031470   0.055239   0.007593   0.020000   0.020000  0.0015000  0.0010000    0.009000    0.002000
1969   2   6  40258  -0.106590   0.278610   0.0379026   0.0032770   0.055207   0.007523   0.020000   0.020000  0.0015000  0.0010000    0.009000    0.002000
1969   2   7  40259  -0.105990   0.280610   0.0371818   0.0033270   0.055082   0.007481   0.020000   0.020000  0.0015000  0.0010000    0.009000    0.002000
1969   2   8  40260  -0.105490   0.282610   0.0364750   0.0032600   0.054938   0.007468   0.020000   0.020000  0.0015000  0.0010000    0.009000    0.002000
1969   2   9  40261  -0.104989   0.284611   0.0358831   0.0030910   0.054786   0.007465   0.020000   0.020000  0.0015000  0.0010000    0.009000    0.002000
1969   2  10  40262  -0.104489   0.286711   0.0355013   0.0028600   0.054620   0.007452   0.020000   0.020000  0.0015000  0.0010000    0.009000    0.002000
1969   2  11  40263  -0.103889   0.288711   0.0353405   0.0026480   0.054454   0.007378   0.020000   0.020000  0.0015000  0.0010000    0.009000    0.002000
1969   2  12  40264  -0.103389   0.290711   0.0353697   0.0025030   0.054348   0.007188   0.020000   0.020000  0.0015000  0.0010000    0.009000    0.002000
1969   2  13  40265  -0.102888   0.292712   0.0354809   0.0024790   0.054383   0.006924   0.020000   0.020000  0.0015000  0.0010000    0.009000    0.002000
1969   2  14  40266  -0.102388   0.294712   0.0355420   0.0026030   0.054587   0.006745   0.020000   0.020000  0.0015000  0.0010000    0.009000    0.002000
1969   2  15  40267  -0.101888   0.296712   0.0354172   0.0028430   0.054898   0.006776   0.020000   0.020000  0.0015000  0.0010000    0.009000    0.002000
1969   2  16  40268  -0.101287   0.298713   0.0350214   0.0031280   0.055232   0.006956   0.020000   0.020000  0.0015000  0.0010000    0.009000    0.002000
1969   2  17  40269  -0.100787   0.300713   0.0343646   0.0033510   0.055537   0.007114   0.020000   0.020000  0.0015000  0.0010000    0.009000    0.002000
1969   2  18  40270  -0.100187   0.302613   0.0335457   0.0034650   0.055719   0.007163   0.020000   0.020000  0.0015000  0.0010000    0.009000    0.002000
1969   2  19  40271  -0.099587   0.304513   0.0326709   0.0034520   0.055624   0.007127   0.020000   0.020000  0.0015000  0.0010000    0.009000    0.002000
1969   2  20  40272  -0.099086   0.306414   0.0318621   0.0033290   0.055200   0.007030   0.020000   0.020000  0.0015000  0.0010000    0.009000    0.002000
1969   2  21  40273  -0.098386   0.308314   0.0312303   0.0031250   0.054634   0.006849   0.020000   0.020000  0.0015000  0.0010000    0.009000    0.002000
1969   2  22  40274  -0.097786   0.310114   0.0308025   0.0028990   0.054213   0.006604   0.020000   0.020000  0.0015000  0.0010000    0.009000    0.002000
1969   2  23  40275  -0.097086   0.311814   0.0306086   0.0026810   0.054087   0.006404   0.020000   0.020000  0.0015000  0.0010000    0.009000    0.002000
1969   2  24  40276  -0.096385   0.313615   0.0306078   0.0025000   0.054234   0.006333   0.020000   0.020000  0.0015000  0.0010000    0.009000    0.002000
1969   2  25  40277  -0.095685   0.315315   0.0307700   0.0023770   0.054589   0.006336   0.020000   0.020000  0.0015000  0.0010000    0.009000    0.002000
1969   2  26  40278  -0.094885   0.316915   0.0310112   0.0023360   0.055071   0.006275   0.020000   0.020000  0.0015000  0.0010000    0.009000    0.002000
1969   2  27  40279  -0.094084   0.318516   0.0312624   0.0023750   0.055528   0.006089   0.020000   0.020000  0.0015000  0.0010000    0.009000    0.002000
1969   2  28  40280  -0.093284   0.320116   0.0314235   0.0024950   0.055772   0.005873   0.020000   0.020000  0.0015000  0.0010000    0.009000    0.002000
1969   3   1  40281  -0.092384   0.321616   0.0314387   0.0026740   0.055741   0.005780   0.020000   0.020000  0.0015000  0.0010000    0.009000    0.002000
1969   3   2  40282  -0.091384   0.323016   0.0312389   0.0029130   0.055580   0.005863   0.020000   0.020000  0.0015000  0.0010000    0.009000    0.002000
1969   3   3  40283  -0.090383   0.324417   0.0307881   0.0031690   0.055494   0.006037   0.020000   0.020000  0.0015000  0.0010000    0.009000    0.002000
1969   3   4  40284  -0.089383   0.325817   0.0300982   0.0034020   0.055547   0.006178   0.020000   0.020000  0.0015000  0.0010000    0.009000    0.002000
1969   3   5  40285  -0.088283   0.327117   0.0291974   0.0035560   0.055629   0.006230   0.020000   0.020000  0.0015000  0.0010000    0.009000    0.002000
1969   3   6  40286  -0.087183   0.328417   0.0281916   0.0036150   0.055599   0.006216   0.020000   0.020000  0.0015000  0.0010000    0.009000    0.002000
1969   3   7  40287  -0.085982   0.329618   0.0271978   0.0035430   0.055421   0.006173   0.020000   0.020000  0.0015000  0.0010000    0.009000    0.002000
1969   3   8  40288  -0.084682   0.330718   0.0263220   0.0033740   0.055169   0.006109   0.020000   0.020000  0.0015000  0.0010000    0.009000    0.002000
1969   3   9  40289  -0.083382   0.331918   0.0256601   0.0031340   0.054969   0.006011   0.020000   0.020000  0.0015000  0.0010000    0.009000    0.002000
1969   3  10  40290  -0.082081   0.332919   0.0252343   0.0028940   0.054931   0.005869   0.020000   0.020000  0.0015000  0.0010000    0.009000    0.002000
1969   3  11  40291  -0.080681   0.334019   0.0250295   0.0027220   0.055110   0.005690   0.020000   0.020000  0.0015000  0.0010000    0.009000    0.002000
1969   3  12  40292  -0.079181   0.335019   0.0249317   0.0026770   0.055463   0.005488   0.020000   0.020000  0.0015000  0.0010000    0.009000    0.002000
1969   3  13  40293  -0.077681   0.335919   0.0248188   0.0027620   0.055877   0.005298   0.020000   0.020000  0.0015000  0.0010000    0.009000    0.002000
1969   3  14  40294  -0.076180   0.336820   0.0245570   0.0029690   0.056235   0.005171   0.020000   0.020000  0.0015000  0.0010000    0.009000    0.002000
1969   3  15  40295  -0.074480   0.337720   0.0240482   0.0032470   0.056486   0.005158   0.020000   0.020000  0.0015000  0.0010000    0.009000    0.002000
1969   3  16  40296  -0.072880   0.338520   0.0232564   0.0035210   0.056651   0.005262   0.020000   0.020000  0.0015000  0.0010000    0.009000    0.002000
1969   3  17  40297  -0.071180   0.339320   0.0222216   0.0037200   0.056768   0.005427   0.020000   0.020000  0.0015000  0.0010000    0.009000    0.002000
1969   3  18  40298  -0.069379   0.340121   0.0210377   0.0037960   0.056831   0.005567   0.020000   0.020000  0.0015000  0.0010000    0.009000    0.002000
1969   3  19  40299  -0.067579   0.340821   0.0198639   0.0037420   0.056784   0.005602   0.020000   0.020000  0.0015000  0.0010000    0.009000    0.002000
1969   3  20  40300  -0.065779   0.341521   0.0187901   0.0035730   0.056579   0.005494   0.020000   0.020000  0.0015000  0.0010000    0.009000    0.002000
1969   3  21  40301  -0.063878   0.342222   0.0179083   0.0033540   0.056253   0.005279   0.020000   0.020000  0.0015000  0.0010000    0.009000    0.002000
1969   3  22  40302  -0.061878   0.342822   0.0172654   0.0031130   0.055934   0.005060   0.020000   0.020000  0.0015000  0.0010000    0.009000    0.002000
1969   3  23  40303  -0.059878   0.343422   0.0168526   0.0029090   0.055770   0.004946   0.020000   0.020000  0.0015000  0.0010000    0.009000    0.002000
1969   3  24  40304  -0.057878   0.344022   0.0166198   0.0027490   0.055852   0.004947   0.020000   0.020000  0.0015000  0.0010000    0.009000    0.002000
1969   3  25  40305  -0.055877   0.344623   0.0165130   0.0026590   0.056185   0.004948   0.020000   0.020000  0.0015000  0.0010000    0.009000    0.002000
1969   3  26  40306  -0.053777   0.345223   0.0164552   0.0026500   0.056700   0.004824   0.020000   0.020000  0.0015000  0.0010000    0.009000    0.002000
1969   3  27  40307  -0.051677   0.345723   0.0163663   0.0027210   0.057255   0.004567   0.020000   0.020000  0.0015000  0.0010000    0.009000    0.002000
1969   3  28  40308  -0.049577   0.346323   0.0161695   0.0028650   0.057658   0.004306   0.020000   0.020000  0.0015000  0.0010000    0.009000    0.002000
1969   3  29  40309  -0.047376   0.346824   0.0157977   0.0030780   0.057756   0.004179   0.020000   0.020000  0.0015000  0.0010000    0.009000    0.002000
1969   3  30  40310  -0.045176   0.347324   0.0151939   0.0033130   0.057555   0.004221   0.020000   0.020000  0.0015000  0.0010000    0.009000    0.002000
1969   3  31  40311  -0.042976   0.347824   0.0143611   0.0035380   0.057254   0.004374   0.020000   0.020000  0.0015000  0.0010000    0.009000    0.002000
1969   4   1  40312  -0.040775   0.348225   0.0133142   0.0037260   0.057085   0.004575   0.020000   0.020000  0.0015000  0.0010000    0.009000    0.002000
1969   4   2  40313  -0.038475   0.348725   0.0121214   0.0038200   0.057083   0.004796   0.020000   0.020000  0.0015000  0.0010000    0.009000    0.002000
1969   4   3  40314  -0.036275   0.349225   0.0109066   0.0037780   0.057045   0.004984   0.020000   0.020000  0.0015000  0.0010000    0.009000    0.002000
1969   4   4  40315  -0.033975   0.349625   0.0097898   0.0036070   0.056767   0.005038   0.020000   0.020000  0.0015000  0.0010000    0.009000    0.002000
1969   4   5  40316  -0.031674   0.350126   0.0088929   0.0033560   0.056306   0.004890   0.020000   0.020000  0.0015000  0.0010000    0.009000    0.002000
1969   4   6  40317  -0.029374   0.350526   0.0082751   0.0030720   0.055956   0.004590   0.020000   0.020000  0.0015000  0.0010000    0.009000    0.002000
1969   4   7  40318  -0.027074   0.350926   0.0079103   0.0028530   0.055973   0.004271   0.020000   0.020000  0.0015000  0.0010000    0.009000    0.002000
1969   4   8  40319  -0.024774   0.351326   0.0077205   0.0027390   0.056353   0.004041   0.020000   0.020000  0.0015000  0.0010000    0.009000    0.002000
1969   4   9  40320  -0.022473   0.351727   0.0075757   0.0027640   0.056883   0.003917   0.020000   0.020000  0.0015000  0.0010000    0.009000    0.002000
1969   4  10  40321  -0.020073   0.352127   0.0073298   0.0029240   0.057346   0.003853   0.020000   0.020000  0.0015000  0.0010000    0.009000    0.002000
1969   4  11  40322  -0.017773   0.352527   0.0068910   0.0031520   0.057662   0.003812   0.020000   0.020000  0.0015000  0.0010000    0.009000    0.002000
1969   4  12  40323  -0.015372   0.352928   0.0062012   0.0034050   0.057858   0.003801   0.020000   0.020000  0.0015000  0.0010000    0.009000    0.002000
1969   4  13  40324  -0.012972   0.353228   0.0052784   0.0036080   0.057960   0.003863   0.020000   0.020000  0.0015000  0.0010000    0.009000    0.002000
1969   4  14  40325  -0.010672   0.353628   0.0042096   0.0037030   0.057967   0.004029   0.020000   0.020000  0.0015000  0.0010000    0.009000    0.002000
1969   4  15  40326  -0.008272   0.353928   0.0030927   0.0036900   0.057899   0.004254   0.020000   0.020000  0.0015000  0.0010000    0.009000    0.002000
1969   4  16  40327  -0.005871   0.354229   0.0020569   0.0035570   0.057824   0.004416   0.020000   0.020000  0.0015000  0.0010000    0.009000    0.002000
1969   4  17  40328  -0.003471   0.354529   0.0011851   0.0033560   0.057778   0.004395   0.020000   0.020000  0.0015000  0.0010000    0.009000    0.002000
1969   4  18  40329  -0.001071   0.354729   0.0005353   0.0031220   0.057716   0.004188   0.020000   0.020000  0.0015000  0.0010000    0.009000    0.002000
1969   4  19  40330   0.001330   0.355030   0.0001184   0.0028970   0.057591   0.003929   0.020000   0.020000  0.0015000  0.0010000    0.009000    0.002000
1969   4  20  40331   0.003730   0.355230  -0.0000834   0.0027060   0.057454   0.003777   0.020000   0.020000  0.0015000  0.0010000    0.009000    0.002000
1969   4  21  40332   0.006130   0.355330  -0.0001252   0.0025810   0.057425   0.003760   0.020000   0.020000  0.0015000  0.0010000    0.009000    0.002000
1969   4  22  40333   0.008530   0.355530  -0.0000800   0.0025240   0.057571   0.003751   0.020000   0.020000  0.0015000  0.0010000    0.009000    0.002000
1969   4  23  40334   0.010931   0.355531  -0.0000198   0.0025480   0.057871   0.003618   0.020000   0.020000  0.0015000  0.0010000    0.009000    0.002000
1969   4  24  40335   0.013431   0.355631  -0.0000197   0.0026450   0.058260   0.003383   0.020000   0.020000  0.0015000  0.0010000    0.009000    0.002000
1969   4  25  40336   0.015831   0.355631  -0.0001495   0.0028020   0.058655   0.003204   0.020000   0.020000  0.0015000  0.0010000    0.009000    0.002000
1969   4  26  40337   0.018231   0.355531  -0.0004573   0.0030000   0.058897   0.003191   0.020000   0.020000  0.0015000  0.0010000    0.009000    0.002000
1969   4  27  40338   0.020732   0.355432  -0.0009631   0.0032020   0.058820   0.003299   0.020000   0.020000  0.0015000  0.0010000    0.009000    0.002000
1969   4  28  40339   0.023132   0.355332  -0.0016630   0.0033720   0.058453   0.003426   0.020000   0.020000  0.0015000  0.0010000    0.009000    0.002000
1969   4  29  40340   0.025632   0.355032  -0.0025048   0.0034760   0.058059   0.003574   0.020000   0.020000  0.0015000  0.0010000    0.009000    0.002000
1969   4  30  40341   0.028133   0.354833  -0.0033986   0.0034910   0.057834   0.003833   0.020000   0.020000  0.0015000  0.0010000    0.009000    0.002000
1969   5   1  40342   0.030533   0.354433  -0.0042414   0.0033640   0.057637   0.004169   0.020000   0.020000  0.0015000  0.0010000    0.009000    0.002000
1969   5   2  40343   0.033033   0.354033  -0.0049052   0.0031170   0.057203   0.004351   0.020000   0.020000  0.0015000  0.0010000    0.009000    0.002000
1969   5   3  40344   0.035433   0.353633  -0.0052861   0.0028200   0.056591   0.004179   0.020000   0.020000  0.0015000  0.0010000    0.009000    0.002000
1969   5   4  40345   0.037934   0.353034  -0.0053629   0.0025360   0.056205   0.003736   0.020000   0.020000  0.0015000  0.0010000    0.009000    0.002000
1969   5   5  40346   0.040334   0.352434  -0.0052117   0.0023650   0.056339   0.003317   0.020000   0.020000  0.0015000  0.0010000    0.009000    0.002000
1969   5   6  40347   0.042834   0.351834  -0.0049615   0.0023500   0.056853   0.003121   0.020000   0.020000  0.0015000  0.0010000    0.009000    0.002000
1969   5   7  40348   0.045234   0.351034  -0.0047684   0.0024640   0.057364   0.003125   0.020000   0.020000  0.0015000  0.0010000    0.009000    0.002000
1969   5   8  40349   0.047635   0.350235  -0.0047392   0.0026780   0.057620   0.003207   0.020000   0.020000  0.0015000  0.0010000    0.009000    0.002000
1969   5   9  40350   0.050035   0.349435  -0.0049400   0.0029130   0.057648   0.003292   0.020000   0.020000  0.0015000  0.0010000    0.009000    0.002000
1969   5  10  40351   0.052435   0.348535  -0.0053588   0.0031030   0.057611   0.003374   0.020000   0.020000  0.0015000  0.0010000    0.009000    0.002000
1969   5  11  40352   0.054836   0.347536  -0.0059266   0.0032060   0.057606   0.003474   0.020000   0.020000  0.0015000  0.0010000    0.009000    0.002000
1969   5  12  40353   0.057236   0.346436  -0.0065535   0.0032010   0.057591   0.003623   0.020000   0.020000  0.0015000  0.0010000    0.009000    0.002000
1969   5  13  40354   0.059636   0.345436  -0.0071243   0.0031050   0.057504   0.003822   0.020000   0.020000  0.0015000  0.0010000    0.009000    0.002000
1969   5  14  40355   0.061936   0.344236  -0.0075461   0.0029300   0.057386   0.003990   0.020000   0.020000  0.0015000  0.0010000    0.009000    0.002000
1969   5  15  40356   0.064237   0.343037  -0.0077799   0.0027130   0.057327   0.003986   0.020000   0.020000  0.0015000  0.0010000    0.009000    0.002000
1969   5  16  40357   0.066537   0.341737  -0.0077897   0.0024900   0.057330   0.003743   0.020000   0.020000  0.0015000  0.0010000    0.009000    0.002000
1969   5  17  40358   0.068837   0.340537  -0.0075996   0.0023080   0.057305   0.003369   0.020000   0.020000  0.0015000  0.0010000    0.009000    0.002000
1969   5  18  40359   0.071037   0.339137  -0.0072444   0.0021840   0.057210   0.003086   0.020000   0.020000  0.0015000  0.0010000    0.009000    0.002000
1969   5  19  40360   0.073238   0.337738  -0.0068122   0.0021450   0.057102   0.003019   0.020000   0.020000  0.0015000  0.0010000    0.009000    0.002000
1969   5  20  40361   0.075438   0.336338  -0.0063710   0.0021760   0.057049   0.003081   0.020000   0.020000  0.0015000  0.0010000    0.009000    0.002000
1969   5  21  40362   0.077638   0.334838  -0.0059979   0.0022810   0.057066   0.003104   0.020000   0.020000  0.0015000  0.0010000    0.009000    0.002000
1969   5  22  40363   0.079739   0.333439  -0.0057627   0.0024460   0.057170   0.003055   0.020000   0.020000  0.0015000  0.0010000    0.009000    0.002000
1969   5  23  40364   0.081839   0.331839  -0.0057145   0.0026530   0.057399   0.003064   0.020000   0.020000  0.0015000  0.0010000    0.009000    0.002000
1969   5  24  40365   0.083939   0.330339  -0.0058833   0.0028770   0.057671   0.003226   0.020000   0.020000  0.0015000  0.0010000    0.009000    0.002000
1969   5  25  40366   0.086039   0.328739  -0.0062751   0.0030830   0.057734   0.003439   0.020000   0.020000  0.0015000  0.0010000    0.009000    0.002000
1969   5  26  40367   0.088040   0.327140  -0.0068650   0.0032560   0.057408   0.003532   0.020000   0.020000  0.0015000  0.0010000    0.009000    0.002000
1969   5  27  40368   0.089940   0.325540  -0.0075708   0.0033390   0.056844   0.003516   0.020000   0.020000  0.0015000  0.0010000    0.009000    0.002000
1969   5  28  40369   0.091940   0.323840  -0.0083146   0.0033080   0.056329   0.003599   0.020000   0.020000  0.0015000  0.0010000    0.009000    0.002000
1969   5  29  40370   0.093840   0.322240  -0.0089654   0.0031550   0.055889   0.003869   0.020000   0.020000  0.0015000  0.0010000    0.009000    0.002000
1969   5  30  40371   0.095741   0.320541  -0.0094123   0.0028990   0.055351   0.004092   0.020000   0.020000  0.0015000  0.0010000    0.009000    0.002000
1969   5  31  40372   0.097541   0.318841  -0.0095871   0.0026240   0.054794   0.003977   0.020000   0.020000  0.0015000  0.0010000    0.009000    0.002000
1969   6   1  40373   0.099341   0.317141  -0.0095029   0.0024180   0.054598   0.003585   0.020000   0.020000  0.0015000  0.0010000    0.009000    0.002000
1969   6   2  40374   0.101142   0.315442  -0.0092787   0.0023410   0.054929   0.003259   0.020000   0.020000  0.0015000  0.0010000    0.009000    0.002000
1969   6   3  40375   0.102842   0.313742  -0.0090475   0.0024210   0.055483   0.003201   0.020000   0.020000  0.0015000  0.0010000    0.009000    0.002000
1969   6   4  40376   0.104542   0.312042  -0.0089704   0.0026110   0.055832   0.003302   0.020000   0.020000  0.0015000  0.0010000    0.009000    0.002000
1969   6   5  40377   0.106142   0.310342  -0.0091022   0.0028420   0.055817   0.003407   0.020000   0.020000  0.0015000  0.0010000    0.009000    0.002000
1969   6   6  40378   0.107843   0.308643  -0.0094500   0.0030230   0.055542   0.003522   0.020000   0.020000  0.0015000  0.0010000    0.009000    0.002000
1969   6   7  40379   0.109343   0.306843  -0.0099348   0.0031080   0.055190   0.003695   0.020000   0.020000  0.0015000  0.0010000    0.009000    0.002000
1969   6   8  40380   0.110943   0.305143  -0.0104367   0.0030670   0.054921   0.003876   0.020000   0.020000  0.0015000  0.0010000    0.009000    0.002000
1969   6   9  40381   0.112443   0.303343  -0.0108535   0.0029320   0.054792   0.003983   0.020000   0.020000  0.0015000  0.0010000    0.009000    0.002000
1969   6  10  40382   0.113844   0.301644  -0.0110953   0.0027110   0.054725   0.004018   0.020000   0.020000  0.0015000  0.0010000    0.009000    0.002000
1969   6  11  40383   0.115344   0.299944  -0.0110921   0.0024590   0.054614   0.004020   0.020000   0.020000  0.0015000  0.0010000    0.009000    0.002000
1969   6  12  40384   0.116744   0.298144  -0.0108199   0.0021890   0.054453   0.003940   0.020000   0.020000  0.0015000  0.0010000    0.009000    0.002000
1969   6  13  40385   0.118045   0.296445  -0.0102878   0.0019330   0.054299   0.003684   0.020000   0.020000  0.0015000  0.0010000    0.009000    0.002000
1969   6  14  40386   0.119345   0.294645  -0.0095226   0.0017470   0.054167   0.003282   0.020000   0.020000  0.0015000  0.0010000    0.009000    0.002000
1969   6  15  40387   0.120645   0.292945  -0.0086144   0.0016200   0.054035   0.002947   0.020000   0.020000  0.0015000  0.0010000    0.009000    0.002000
1969   6  16  40388   0.121845   0.291145  -0.0076172   0.0015810   0.053900   0.002892   0.020000   0.020000  0.0015000  0.0010000    0.009000    0.002000
1969   6  17  40389   0.123046   0.289446  -0.0066121   0.0016090   0.053778   0.003105   0.020000   0.020000  0.0015000  0.0010000    0.009000    0.002000
1969   6  18  40390   0.124146   0.287646  -0.0056759   0.0017100   0.053670   0.003380   0.020000   0.020000  0.0015000  0.0010000    0.009000    0.002000
1969   6  19  40391   0.125246   0.285846  -0.0048657   0.0018540   0.053594   0.003565   0.020000   0.020000  0.0015000  0.0010000    0.009000    0.002000
1969   6  20  40392   0.126346   0.284146  -0.0042095   0.0020250   0.053617   0.003702   0.020000   0.020000  0.0015000  0.0010000    0.009000    0.002000
1969   6  21  40393   0.127347   0.282347  -0.0037223   0.0021880   0.053748   0.003891   0.020000   0.020000  0.0015000  0.0010000    0.009000    0.002000
1969   6  22  40394   0.128347   0.280647  -0.0033922   0.0023160   0.053805   0.004080   0.020000   0.020000  0.0015000  0.0010000    0.009000    0.002000
1969   6  23  40395   0.129347   0.278847  -0.0031430   0.0023830   0.053542   0.004103   0.020000   0.020000  0.0015000  0.0010000    0.009000    0.002000
1969   6  24  40396   0.130248   0.277148  -0.0029388   0.0023700   0.052951   0.003935   0.020000   0.020000  0.0015000  0.0010000    0.009000    0.002000
1969   6  25  40397   0.131048   0.275348  -0.0026776   0.0022610   0.052273   0.003785   0.020000   0.020000  0.0015000  0.0010000    0.009000    0.002000
1969   6  26  40398   0.131948   0.273648  -0.0022465   0.0020650   0.051683   0.003831   0.020000   0.020000  0.0015000  0.0010000    0.009000    0.002000
1969   6  27  40399   0.132748   0.271848  -0.0015993   0.0018180   0.051187   0.003952   0.020000   0.020000  0.0015000  0.0010000    0.009000    0.002000
1969   6  28  40400   0.133449   0.270049  -0.0007121   0.0016090   0.050879   0.003896   0.020000   0.020000  0.0015000  0.0010000    0.009000    0.002000
1969   6  29  40401   0.134249   0.268249   0.0003361   0.0014980   0.050977   0.003684   0.020000   0.020000  0.0015000  0.0010000    0.009000    0.002000
1969   6  30  40402   0.134949   0.266549   0.0014083   0.0015560   0.051436   0.003589   0.020000   0.020000  0.0015000  0.0010000    0.009000    0.002000
1969   7   1  40403   0.135549   0.264749   0.0023554   0.0017630   0.051860   0.003715   0.020000   0.020000  0.0015000  0.0010000    0.009000    0.002000
1969   7   2  40404   0.136150   0.262950   0.0030456   0.0020530   0.051932   0.003847   0.020000   0.020000  0.0015000  0.0010000    0.009000    0.002000
1969   7   3  40405   0.136750   0.261150   0.0034328   0.0023310   0.051701   0.003814   0.020000   0.020000  0.0015000  0.0010000    0.009000    0.002000
1969   7   4  40406   0.137350   0.259250   0.0035950   0.0025160   0.051316   0.003757   0.020000   0.020000  0.0015000  0.0010000    0.009000    0.002000
1969   7   5  40407   0.137851   0.257451   0.0036281   0.0025750   0.050819   0.003866   0.020000   0.020000  0.0015000  0.0010000    0.009000    0.002000
1969   7   6  40408   0.138351   0.255551   0.0036773   0.0024960   0.050299   0.004067   0.020000   0.020000  0.0015000  0.0010000    0.009000    0.002000
1969   7   7  40409   0.138751   0.253751   0.0038465   0.0023450   0.049962   0.004137   0.020000   0.020000  0.0015000  0.0010000    0.009000    0.002000
1969   7   8  40410   0.139251   0.251851   0.0041927   0.0021380   0.049880   0.004017   0.020000   0.020000  0.0015000  0.0010000    0.009000    0.002000
1969   7   9  40411   0.139552   0.249952   0.0047519   0.0019160   0.049875   0.003842   0.020000   0.020000  0.0015000  0.0010000    0.009000    0.002000
1969   7  10  40412   0.139952   0.248052   0.0055220   0.0017300   0.049755   0.003707   0.020000   0.020000  0.0015000  0.0010000    0.009000    0.002000
1969   7  11  40413   0.140252   0.246152   0.0064662   0.0015820   0.049526   0.003547   0.020000   0.020000  0.0015000  0.0010000    0.009000    0.002000
1969   7  12  40414   0.140553   0.244153   0.0075264   0.0014890   0.049305   0.003294   0.020000   0.020000  0.0015000  0.0010000    0.009000    0.002000
1969   7  13  40415   0.140753   0.242253   0.0086426   0.0014830   0.049154   0.003060   0.020000   0.020000  0.0015000  0.0010000    0.009000    0.002000
1969   7  14  40416   0.140953   0.240253   0.0097257   0.0015540   0.049066   0.003061   0.020000   0.020000  0.0015000  0.0010000    0.009000    0.002000
1969   7  15  40417   0.141153   0.238253   0.0107009   0.0016840   0.049021   0.003366   0.020000   0.020000  0.0015000  0.0010000    0.009000    0.002000
1969   7  16  40418   0.141254   0.236254   0.0115221   0.0018610   0.048996   0.003790   0.020000   0.020000  0.0015000  0.0010000    0.009000    0.002000
1969   7  17  40419   0.141354   0.234154   0.0121533   0.0020590   0.048959   0.004089   0.020000   0.020000  0.0015000  0.0010000    0.009000    0.002000
1969   7  18  40420   0.141354   0.232154   0.0125964   0.0022500   0.048906   0.004196   0.020000   0.020000  0.0015000  0.0010000    0.009000    0.002000
1969   7  19  40421   0.141454   0.230054   0.0128546   0.0023950   0.048870   0.004214   0.020000   0.020000  0.0015000  0.0010000    0.009000    0.002000
1969   7  20  40422   0.141455   0.228055   0.0129968   0.0024900   0.048829   0.004214   0.020000   0.020000  0.0015000  0.0010000    0.009000    0.002000
1969   7  21  40423   0.141355   0.225955   0.0130920   0.0024960   0.048655   0.004147   0.020000   0.020000  0.0015000  0.0010000    0.009000    0.002000
1969   7  22  40424   0.141355   0.223855   0.0132162   0.0024100   0.048254   0.003967   0.020000   0.020000  0.0015000  0.0010000    0.009000    0.002000
1969   7  23  40425   0.141256   0.221656   0.0134713   0.0022380   0.047698   0.003763   0.020000   0.020000  0.0015000  0.0010000    0.009000    0.002000
1969   7  24  40426   0.141056   0.219556   0.0139305   0.0020090   0.047172   0.003661   0.020000   0.020000  0.0015000  0.0010000    0.009000    0.002000
1969   7  25  40427   0.140956   0.217456   0.0146347   0.0017790   0.046840   0.003640   0.020000   0.020000  0.0015000  0.0010000    0.009000    0.002000
1969   7  26  40428   0.140756   0.215256   0.0155289   0.0016220   0.046826   0.003590   0.020000   0.020000  0.0015000  0.0010000    0.009000    0.002000
1969   7  27  40429   0.140557   0.213057   0.0165250   0.0015910   0.047158   0.003544   0.020000   0.020000  0.0015000  0.0010000    0.009000    0.002000
1969   7  28  40430   0.140257   0.210957   0.0174722   0.0017290   0.047608   0.003670   0.020000   0.020000  0.0015000  0.0010000    0.009000    0.002000
1969   7  29  40431   0.139957   0.208757   0.0182154   0.0019790   0.047805   0.003956   0.020000   0.020000  0.0015000  0.0010000    0.009000    0.002000
1969   7  30  40432   0.139657   0.206557   0.0186826   0.0022760   0.047638   0.004119   0.020000   0.020000  0.0015000  0.0010000    0.009000    0.002000
1969   7  31  40433   0.139358   0.204358   0.0188738   0.0025020   0.047344   0.003975   0.020000   0.020000  0.0015000  0.0010000    0.009000    0.002000
1969   8   1  40434   0.139058   0.202158   0.0189029   0.0025940   0.047081   0.003720   0.020000   0.020000  0.0015000  0.0010000    0.009000    0.002000
1969   8   2  40435   0.138658   0.199958   0.0189291   0.0025310   0.046704   0.003657   0.020000   0.020000  0.0015000  0.0010000    0.009000    0.002000
1969   8   3  40436   0.138259   0.197759   0.0190753   0.0023500   0.046128   0.003787   0.020000   0.020000  0.0015000  0.0010000    0.009000    0.002000
1969   8   4  40437   0.137859   0.195559   0.0194425   0.0020980   0.045612   0.003854   0.020000   0.020000  0.0015000  0.0010000    0.009000    0.002000
1969   8   5  40438   0.137359   0.193359   0.0200646   0.0018300   0.045440   0.003731   0.020000   0.020000  0.0015000  0.0010000    0.009000    0.002000
1969   8   6  40439   0.136859   0.191159   0.0209538   0.0015880   0.045541   0.003554   0.020000   0.020000  0.0015000  0.0010000    0.009000    0.002000
1969   8   7  40440   0.136360   0.188960   0.0220510   0.0014080   0.045640   0.003488   0.020000   0.020000  0.0015000  0.0010000    0.009000    0.002000
1969   8   8  40441   0.135860   0.186760   0.0232952   0.0012970   0.045614   0.003503   0.020000   0.020000  0.0015000  0.0010000    0.009000    0.002000
1969   8   9  40442   0.135360   0.184560   0.0246133   0.0012710   0.045550   0.003467   0.020000   0.020000  0.0015000  0.0010000    0.009000    0.002000
1969   8  10  40443   0.134760   0.182360   0.0259165   0.0013240   0.045530   0.003373   0.020000   0.020000  0.0015000  0.0010000    0.009000    0.002000
1969   8  11  40444   0.134161   0.180161   0.0271307   0.0014490   0.045546   0.003385   0.020000   0.020000  0.0015000  0.0010000    0.009000    0.002000
1969   8  12  40445   0.133461   0.177961   0.0281809   0.0016390   0.045583   0.003628   0.020000   0.020000  0.0015000  0.0010000    0.009000    0.002000
1969   8  13  40446   0.132861   0.175861   0.0290221   0.0018600   0.045647   0.004008   0.020000   0.020000  0.0015000  0.0010000    0.009000    0.002000
1969   8  14  40447   0.132162   0.173662   0.0296422   0.0020790   0.045711   0.004288   0.020000   0.020000  0.0015000  0.0010000    0.009000    0.002000
1969   8  15  40448   0.131462   0.171562   0.0300554   0.0022760   0.045703   0.004327   0.020000   0.020000  0.0015000  0.0010000    0.009000    0.002000
1969   8  16  40449   0.130762   0.169462   0.0303016   0.0024100   0.045603   0.004186   0.020000   0.020000  0.0015000  0.0010000    0.009000    0.002000
1969   8  17  40450   0.129962   0.167362   0.0304538   0.0024610   0.045474   0.004019   0.020000   0.020000  0.0015000  0.0010000    0.009000    0.002000
1969   8  18  40451   0.129163   0.165263   0.0305899   0.0024200   0.045357   0.003908   0.020000   0.020000  0.0015000  0.0010000    0.009000    0.002000
1969   8  19  40452   0.128363   0.163163   0.0308211   0.0022970   0.045193   0.003835   0.020000   0.020000  0.0015000  0.0010000    0.009000    0.002000
1969   8  20  40453   0.127463   0.161163   0.0312063   0.0021170   0.044925   0.003761   0.020000   0.020000  0.0015000  0.0010000    0.009000    0.002000
1969   8  21  40454   0.126563   0.159063   0.0317695   0.0019390   0.044633   0.003679   0.020000   0.020000  0.0015000  0.0010000    0.009000    0.002000
1969   8  22  40455   0.125664   0.157064   0.0324906   0.0018030   0.044513   0.003588   0.020000   0.020000  0.0015000  0.0010000    0.009000    0.002000
1969   8  23  40456   0.124764   0.155064   0.0333058   0.0017880   0.044710   0.003504   0.020000   0.020000  0.0015000  0.0010000    0.009000    0.002000
1969   8  24  40457   0.123764   0.153064   0.0340660   0.0019080   0.045145   0.003514   0.020000   0.020000  0.0015000  0.0010000    0.009000    0.002000
1969   8  25  40458   0.122765   0.151165   0.0346352   0.0021650   0.045516   0.003722   0.020000   0.020000  0.0015000  0.0010000    0.009000    0.002000
1969   8  26  40459   0.121765   0.149265   0.0348893   0.0025020   0.045546   0.004065   0.020000   0.020000  0.0015000  0.0010000    0.009000    0.002000
1969   8  27  40460   0.120665   0.147365   0.0348255   0.0028170   0.045287   0.004285   0.020000   0.020000  0.0015000  0.0010000    0.009000    0.002000
1969   8  28  40461   0.119565   0.145465   0.0344697   0.0030520   0.045051   0.004204   0.020000   0.020000  0.0015000  0.0010000    0.009000    0.002000
1969   8  29  40462   0.118466   0.143566   0.0339649   0.0031220   0.044965   0.003949   0.020000   0.020000  0.0015000  0.0010000    0.009000    0.002000
1969   8  30  40463   0.117266   0.141766   0.0334691   0.0030370   0.044793   0.003788   0.020000   0.020000  0.0015000  0.0010000    0.009000    0.002000
1969   8  31  40464   0.116066   0.139966   0.0331092   0.0028500   0.044320   0.003799   0.020000   0.020000  0.0015000  0.0010000    0.009000    0.002000
1969   9   1  40465   0.114866   0.138166   0.0329654   0.0026150   0.043732   0.003833   0.020000   0.020000  0.0015000  0.0010000    0.009000    0.002000
1969   9   2  40466   0.113567   0.136467   0.0330646   0.0023820   0.043414   0.003782   0.020000   0.020000  0.0015000  0.0010000    0.009000    0.002000
1969   9   3  40467   0.112267   0.134667   0.0333748   0.0021990   0.043500   0.003723   0.020000   0.020000  0.0015000  0.0010000    0.009000    0.002000
1969   9   4  40468   0.110967   0.132967   0.0338229   0.0020880   0.043802   0.003772   0.020000   0.020000  0.0015000  0.0010000    0.009000    0.002000
1969   9   5  40469   0.109568   0.131268   0.0343521   0.0020580   0.044119   0.003900   0.020000   0.020000  0.0015000  0.0010000    0.009000    0.002000
1969   9   6  40470   0.108168   0.129668   0.0348713   0.0021080   0.044395   0.003965   0.020000   0.020000  0.0015000  0.0010000    0.009000    0.002000
1969   9   7  40471   0.106768   0.127968   0.0352905   0.0022340   0.044624   0.003913   0.020000   0.020000  0.0015000  0.0010000    0.009000    0.002000
1969   9   8  40472   0.105268   0.126368   0.0355736   0.0024110   0.044764   0.003863   0.020000   0.020000  0.0015000  0.0010000    0.009000    0.002000
1969   9   9  40473   0.103669   0.124769   0.0356458   0.0026280   0.044803   0.003966   0.020000   0.020000  0.0015000  0.0010000    0.009000    0.002000
1969   9  10  40474   0.102169   0.123169   0.0354930   0.0028570   0.044805   0.004220   0.020000   0.020000  0.0015000  0.0010000    0.009000    0.002000
1969   9  11  40475   0.100569   0.121669   0.0351302   0.0030530   0.044826   0.004462   0.020000   0.020000  0.0015000  0.0010000    0.009000    0.002000
1969   9  12  40476   0.098869   0.120169   0.0345853   0.0032040   0.044830   0.004533   0.020000   0.020000  0.0015000  0.0010000    0.009000    0.002000
1969   9  13  40477   0.097170   0.118570   0.0339295   0.0032610   0.044752   0.004423   0.020000   0.020000  0.0015000  0.0010000    0.009000    0.002000
1969   9  14  40478   0.095470   0.117070   0.0332677   0.0032170   0.044610   0.004257   0.020000   0.020000  0.0015000  0.0010000    0.009000    0.002000
1969   9  15  40479   0.093770   0.115670   0.0327089   0.0030780   0.044484   0.004157   0.020000   0.020000  0.0015000  0.0010000    0.009000    0.002000
1969   9  16  40480   0.091871   0.114171   0.0323140   0.0028740   0.044407   0.004146   0.020000   0.020000  0.0015000  0.0010000    0.009000    0.002000
1969   9  17  40481   0.090071   0.112671   0.0321472   0.0026540   0.044360   0.004159   0.020000   0.020000  0.0015000  0.0010000    0.009000    0.002000
1969   9  18  40482   0.088171   0.111271   0.0321834   0.0024670   0.044370   0.004124   0.020000   0.020000  0.0015000  0.0010000    0.009000    0.002000
1969   9  19  40483   0.086271   0.109871   0.0323606   0.0023780   0.044545   0.004028   0.020000   0.020000  0.0015000  0.0010000    0.009000    0.002000
1969   9  20  40484   0.084272   0.108372   0.0325637   0.0024210   0.044947   0.003927   0.020000   0.020000  0.0015000  0.0010000    0.009000    0.002000
1969   9  21  40485   0.082372   0.106972   0.0326549   0.0025970   0.045460   0.003913   0.020000   0.020000  0.0015000  0.0010000    0.009000    0.002000
1969   9  22  40486   0.080272   0.105572   0.0325171   0.0028700   0.045828   0.004055   0.020000   0.020000  0.0015000  0.0010000    0.009000    0.002000
1969   9  23  40487   0.078272   0.104172   0.0320963   0.0031690   0.045881   0.004312   0.020000   0.020000  0.0015000  0.0010000    0.009000    0.002000
1969   9  24  40488   0.076173   0.102873   0.0313985   0.0034020   0.045709   0.004541   0.020000   0.020000  0.0015000  0.0010000    0.009000    0.002000
1969   9  25  40489   0.074073   0.101473   0.0305146   0.0035100   0.045565   0.004615   0.020000   0.020000  0.0015000  0.0010000    0.009000    0.002000
1969   9  26  40490   0.071873   0.100073   0.0296098   0.0034650   0.045554   0.004546   0.020000   0.020000  0.0015000  0.0010000    0.009000    0.002000
1969   9  27  40491   0.069774   0.098674   0.0288220   0.0032830   0.045509   0.004437   0.020000   0.020000  0.0015000  0.0010000    0.009000    0.002000
1969   9  28  40492   0.067574   0.097374   0.0282432   0.0030260   0.045224   0.004351   0.020000   0.020000  0.0015000  0.0010000    0.009000    0.002000
1969   9  29  40493   0.065374   0.095974   0.0279473   0.0027490   0.044759   0.004277   0.020000   0.020000  0.0015000  0.0010000    0.009000    0.002000
1969   9  30  40494   0.063074   0.094674   0.0279155   0.0025050   0.044411   0.004213   0.020000   0.020000  0.0015000  0.0010000    0.009000    0.002000
1969  10   1  40495   0.060875   0.093375   0.0280947   0.0023290   0.044424   0.004216   0.020000   0.020000  0.0015000  0.0010000    0.009000    0.002000
1969  10   2  40496   0.058675   0.091975   0.0284099   0.0022460   0.044798   0.004317   0.020000   0.020000  0.0015000  0.0010000    0.009000    0.002000
1969  10   3  40497   0.056375   0.090675   0.0287640   0.0022490   0.045366   0.004444   0.020000   0.020000  0.0015000  0.0010000    0.009000    0.002000
1969  10   4  40498   0.054076   0.089376   0.0290762   0.0023300   0.045947   0.004485   0.020000   0.020000  0.0015000  0.0010000    0.009000    0.002000
1969  10   5  40499   0.051876   0.088076   0.0292714   0.0024780   0.046415   0.004415   0.020000   0.020000  0.0015000  0.0010000    0.009000    0.002000
1969  10   6  40500   0.049576   0.086876   0.0292936   0.0026830   0.046688   0.004344   0.020000   0.020000  0.0015000  0.0010000    0.009000    0.002000
1969  10   7  40501   0.047376   0.085576   0.0290877   0.0029000   0.046740   0.004407   0.020000   0.020000  0.0015000  0.0010000    0.009000    0.002000
1969  10   8  40502   0.045177   0.084377   0.0286749   0.0031200   0.046634   0.004621   0.020000   0.020000  0.0015000  0.0010000    0.009000    0.002000
1969  10   9  40503   0.042877   0.083177   0.0280601   0.0032900   0.046485   0.004875   0.020000   0.020000  0.0015000  0.0010000    0.009000    0.002000
1969  10  10  40504   0.040677   0.081977   0.0272993   0.0033970   0.046377   0.005040   0.020000   0.020000  0.0015000  0.0010000    0.009000    0.002000
1969  10  11  40505   0.038477   0.080777   0.0264804   0.0034050   0.046315   0.005070   0.020000   0.020000  0.0015000  0.0010000    0.009000    0.002000
1969  10  12  40506   0.036278   0.079678   0.0257166   0.0032960   0.046258   0.005013   0.020000   0.020000  0.0015000  0.0010000    0.009000    0.002000
1969  10  13  40507   0.034178   0.078578   0.0251078   0.0031090   0.046183   0.004940   0.020000   0.020000  0.0015000  0.0010000    0.009000    0.002000
1969  10  14  40508   0.031978   0.077478   0.0247100   0.0028750   0.046123   0.004889   0.020000   0.020000  0.0015000  0.0010000    0.009000    0.002000
1969  10  15  40509   0.029879   0.076379   0.0245291   0.0026790   0.046153   0.004860   0.020000   0.020000  0.0015000  0.0010000    0.009000    0.002000
1969  10  16  40510   0.027679   0.075379   0.0245123   0.0025630   0.046353   0.004831   0.020000   0.020000  0.0015000  0.0010000    0.009000    0.002000
1969  10  17  40511   0.025679   0.074479   0.0245385   0.0025780   0.046753   0.004793   0.020000   0.020000  0.0015000  0.0010000    0.009000    0.002000
1969  10  18  40512   0.023579   0.073479   0.0244927   0.0027250   0.047289   0.004756   0.020000   0.020000  0.0015000  0.0010000    0.009000    0.002000
1969  10  19  40513   0.021480   0.072580   0.0242448   0.0029620   0.047818   0.004752   0.020000   0.020000  0.0015000  0.0010000    0.009000    0.002000
1969  10  20  40514   0.019480   0.071780   0.0237250   0.0032490   0.048194   0.004808   0.020000   0.020000  0.0015000  0.0010000    0.009000    0.002000
1969  10  21  40515   0.017380   0.070880   0.0229482   0.0034950   0.048354   0.004932   0.020000   0.020000  0.0015000  0.0010000    0.009000    0.002000
1969  10  22  40516   0.015380   0.070180   0.0219574   0.0036380   0.048341   0.005102   0.020000   0.020000  0.0015000  0.0010000    0.009000    0.002000
1969  10  23  40517   0.013381   0.069381   0.0208965   0.0036500   0.048266   0.005275   0.020000   0.020000  0.0015000  0.0010000    0.009000    0.002000
1969  10  24  40518   0.011381   0.068681   0.0198817   0.0035300   0.048217   0.005395   0.020000   0.020000  0.0015000  0.0010000    0.009000    0.002000
1969  10  25  40519   0.009381   0.068081   0.0190409   0.0033080   0.048196   0.005414   0.020000   0.020000  0.0015000  0.0010000    0.009000    0.002000
1969  10  26  40520   0.007382   0.067482   0.0184721   0.0030270   0.048128   0.005307   0.020000   0.020000  0.0015000  0.0010000    0.009000    0.002000
1969  10  27  40521   0.005382   0.066882   0.0181852   0.0027530   0.047963   0.005118   0.020000   0.020000  0.0015000  0.0010000    0.009000    0.002000
1969  10  28  40522   0.003482   0.066382   0.0181394   0.0025310   0.047786   0.004955   0.020000   0.020000  0.0015000  0.0010000    0.009000    0.002000
1969  10  29  40523   0.001482   0.065882   0.0182876   0.0023770   0.047780   0.004922   0.020000   0.020000  0.0015000  0.0010000    0.009000    0.002000
1969  10  30  40524  -0.000517   0.065483   0.0185378   0.0023190   0.048081   0.005019   0.020000   0.020000  0.0015000  0.0010000    0.009000    0.002000
1969  10  31  40525  -0.002517   0.065083   0.0188129   0.0023340   0.048647   0.005135   0.020000   0.020000  0.0015000  0.0010000    0.009000    0.002000
1969  11   1  40526  -0.004517   0.064683   0.0190361   0.0024190   0.049292   0.005166   0.020000   0.020000  0.0015000  0.0010000    0.009000    0.002000
1969  11   2  40527  -0.006617   0.064383   0.0191373   0.0025660   0.049833   0.005132   0.020000   0.020000  0.0015000  0.0010000    0.009000    0.002000
1969  11   3  40528  -0.008616   0.064084   0.0190745   0.0027420   0.050175   0.005154   0.020000   0.020000  0.0015000  0.0010000    0.009000    0.002000
1969  11   4  40529  -0.010716   0.063884   0.0188326   0.0029100   0.050278   0.005314   0.020000   0.020000  0.0015000  0.0010000    0.009000    0.002000
1969  11   5  40530  -0.012716   0.063684   0.0184528   0.0030540   0.050127   0.005568   0.020000   0.020000  0.0015000  0.0010000    0.009000    0.002000
1969  11   6  40531  -0.014815   0.063485   0.0179330   0.0031640   0.049798   0.005794   0.020000   0.020000  0.0015000  0.0010000    0.009000    0.002000
1969  11   7  40532  -0.017015   0.063385   0.0173331   0.0031900   0.049474   0.005925   0.020000   0.020000  0.0015000  0.0010000    0.009000    0.002000
1969  11   8  40533  -0.019115   0.063285   0.0167673   0.0031240   0.049317   0.005982   0.020000   0.020000  0.0015000  0.0010000    0.009000    0.002000
1969  11   9  40534  -0.021315   0.063285   0.0163105   0.0029660   0.049326   0.005989   0.020000   0.020000  0.0015000  0.0010000    0.009000    0.002000
1969  11  10  40535  -0.023514   0.063186   0.0160487   0.0027410   0.049388   0.005933   0.020000   0.020000  0.0015000  0.0010000    0.009000    0.002000
1969  11  11  40536  -0.025814   0.063186   0.0160098   0.0025140   0.049444   0.005825   0.020000   0.020000  0.0015000  0.0010000    0.009000    0.002000
1969  11  12  40537  -0.028014   0.063286   0.0161770   0.0023680   0.049545   0.005745   0.020000   0.020000  0.0015000  0.0010000    0.009000    0.002000
1969  11  13  40538  -0.030414   0.063286   0.0164312   0.0023500   0.049743   0.005766   0.020000   0.020000  0.0015000  0.0010000    0.009000    0.002000
1969  11  14  40539  -0.032713   0.063387   0.0166194   0.0024850   0.050020   0.005857   0.020000   0.020000  0.0015000  0.0010000    0.009000    0.002000
1969  11  15  40540  -0.035113   0.063487   0.0166025   0.0027330   0.050318   0.005929   0.020000   0.020000  0.0015000  0.0010000    0.009000    0.002000
1969  11  16  40541  -0.037513   0.063687   0.0163177   0.0030180   0.050589   0.005945   0.020000   0.020000  0.0015000  0.0010000    0.009000    0.002000
1969  11  17  40542  -0.039912   0.063788   0.0157549   0.0032890   0.050802   0.005950   0.020000   0.020000  0.0015000  0.0010000    0.009000    0.002000
1969  11  18  40543  -0.042412   0.063988   0.0149601   0.0034640   0.050936   0.006002   0.020000   0.020000  0.0015000  0.0010000    0.009000    0.002000
1969  11  19  40544  -0.045012   0.064288   0.0140462   0.0035330   0.050971   0.006120   0.020000   0.020000  0.0015000  0.0010000    0.009000    0.002000
1969  11  20  40545  -0.047512   0.064488   0.0131244   0.0034710   0.050908   0.006288   0.020000   0.020000  0.0015000  0.0010000    0.009000    0.002000
1969  11  21  40546  -0.050111   0.064789   0.0123166   0.0033130   0.050814   0.006454   0.020000   0.020000  0.0015000  0.0010000    0.009000    0.002000
1969  11  22  40547  -0.052711   0.065089   0.0117088   0.0030870   0.050803   0.006535   0.020000   0.020000  0.0015000  0.0010000    0.009000    0.002000
1969  11  23  40548  -0.055411   0.065389   0.0113249   0.0028530   0.050922   0.006456   0.020000   0.020000  0.0015000  0.0010000    0.009000    0.002000
1969  11  24  40549  -0.058111   0.065789   0.0111621   0.0026520   0.051078   0.006231   0.020000   0.020000  0.0015000  0.0010000    0.009000    0.002000
1969  11  25  40550  -0.060810   0.066190   0.0111893   0.0025080   0.051159   0.005989   0.020000   0.020000  0.0015000  0.0010000    0.009000    0.002000
1969  11  26  40551  -0.063610   0.066590   0.0112995   0.0024450   0.051203   0.005891   0.020000   0.020000  0.0015000  0.0010000    0.009000    0.002000
1969  11  27  40552  -0.066410   0.066990   0.0114416   0.0024650   0.051372   0.005979   0.020000   0.020000  0.0015000  0.0010000    0.009000    0.002000
1969  11  28  40553  -0.069209   0.067491   0.0115248   0.0025590   0.051750   0.006140   0.020000   0.020000  0.0015000  0.0010000    0.009000    0.002000
1969  11  29  40554  -0.072109   0.067991   0.0114840   0.0027090   0.052244   0.006244   0.020000   0.020000  0.0015000  0.0010000    0.009000    0.002000
1969  11  30  40555  -0.075009   0.068591   0.0112761   0.0028910   0.052695   0.006296   0.020000   0.020000  0.0015000  0.0010000    0.009000    0.002000
1969  12   1  40556  -0.077909   0.069191   0.0108913   0.0030700   0.053016   0.006415   0.020000   0.020000  0.0015000  0.0010000    0.009000    0.002000
1969  12   2  40557  -0.080808   0.069892   0.0103335   0.0032310   0.053157   0.006648   0.020000   0.020000  0.0015000  0.0010000    0.009000    0.002000
1969  12   3  40558  -0.083708   0.070592   0.0096227   0.0033520   0.053032   0.006877   0.020000   0.020000  0.0015000  0.0010000    0.009000    0.002000
1969  12   4  40559  -0.086708   0.071392   0.0088408   0.0033980   0.052625   0.006939   0.020000   0.020000  0.0015000  0.0010000    0.009000    0.002000
1969  12   5  40560  -0.089708   0.072192   0.0080450   0.0033590   0.052130   0.006840   0.020000   0.020000  0.0015000  0.0010000    0.009000    0.002000
1969  12   6  40561  -0.092707   0.072993   0.0073362   0.0032230   0.051814   0.006744   0.020000   0.020000  0.0015000  0.0010000    0.009000    0.002000
1969  12   7  40562  -0.095707   0.073993   0.0068064   0.0030060   0.051738   0.006740   0.020000   0.020000  0.0015000  0.0010000    0.009000    0.002000
1969  12   8  40563  -0.098707   0.074993   0.0065155   0.0027540   0.051779   0.006731   0.020000   0.020000  0.0015000  0.0010000    0.009000    0.002000
1969  12   9  40564  -0.101806   0.075994   0.0064657   0.0025390   0.051889   0.006619   0.020000   0.020000  0.0015000  0.0010000    0.009000    0.002000
1969  12  10  40565  -0.104806   0.077094   0.0065909   0.0024240   0.052116   0.006514   0.020000   0.020000  0.0015000  0.0010000    0.009000    0.002000
1969  12  11  40566  -0.107906   0.078294   0.0067471   0.0024690   0.052383   0.006595   0.020000   0.020000  0.0015000  0.0010000    0.009000    0.002000
1969  12  12  40567  -0.110906   0.079594   0.0067962   0.0026520   0.052497   0.006819   0.020000   0.020000  0.0015000  0.0010000    0.009000    0.002000
1969  12  13  40568  -0.114005   0.080895   0.0066094   0.0029080   0.052413   0.006961   0.020000   0.020000  0.0015000  0.0010000    0.009000    0.002000
1969  12  14  40569  -0.117005   0.082295   0.0061756   0.0031510   0.052292   0.006924   0.020000   0.020000  0.0015000  0.0010000    0.009000    0.002000
1969  12  15  40570  -0.120005   0.083795   0.0055277   0.0033060   0.052251   0.006846   0.020000   0.020000  0.0015000  0.0010000    0.009000    0.002000
1969  12  16  40571  -0.123105   0.085295   0.0047869   0.0033320   0.052235   0.006881   0.020000   0.020000  0.0015000  0.0010000    0.009000    0.002000
1969  12  17  40572  -0.126104   0.086896   0.0040861   0.0032410   0.052154   0.007010   0.020000   0.020000  0.0015000  0.0010000    0.009000    0.002000
1969  12  18  40573  -0.129104   0.088596   0.0035193   0.0030520   0.052018   0.007125   0.020000   0.020000  0.0015000  0.0010000    0.009000    0.002000
1969  12  19  40574  -0.132104   0.090396   0.0031714   0.0028190   0.051919   0.007182   0.020000   0.020000  0.0015000  0.0010000    0.009000    0.002000
1969  12  20  40575  -0.135003   0.092297   0.0030736   0.0025670   0.051961   0.007187   0.020000   0.020000  0.0015000  0.0010000    0.009000    0.002000
1969  12  21  40576  -0.138003   0.094197   0.0032068   0.0023540   0.052184   0.007120   0.020000   0.020000  0.0015000  0.0010000    0.009000    0.002000
1969  12  22  40577  -0.140903   0.096197   0.0035260   0.0021990   0.052500   0.006948   0.020000   0.020000  0.0015000  0.0010000    0.009000    0.002000
1969  12  23  40578  -0.143803   0.098297   0.0039641   0.0021290   0.052744   0.006728   0.020000   0.020000  0.0015000  0.0010000    0.009000    0.002000
1969  12  24  40579  -0.146602   0.100498   0.0044313   0.0021300   0.052851   0.006613   0.020000   0.020000  0.0015000  0.0010000    0.009000    0.002000
1969  12  25  40580  -0.149402   0.102698   0.0048585   0.0022170   0.052934   0.006707   0.020000   0.020000  0.0015000  0.0010000    0.009000    0.002000
1969  12  26  40581  -0.152202   0.104998   0.0051586   0.0023630   0.053139   0.006942   0.020000   0.020000  0.0015000  0.0010000    0.009000    0.002000
1969  12  27  40582  -0.155001   0.107399   0.0053008   0.0025460   0.053468   0.007151   0.020000   0.020000  0.0015000  0.0010000    0.009000    0.002000
1969  12  28  40583  -0.157701   0.109799   0.0052430   0.0027490   0.053807   0.007266   0.020000   0.020000  0.0015000  0.0010000    0.009000    0.002000
1969  12  29  40584  -0.160301   0.112299   0.0049992   0.0029360   0.054064   0.007372   0.020000   0.020000  0.0015000  0.0010000    0.009000    0.002000
1969  12  30  40585  -0.162901   0.114799   0.0045843   0.0030750   0.054188   0.007529   0.020000   0.020000  0.0015000  0.0010000    0.009000    0.002000
1969  12  31  40586  -0.165500   0.117400   0.0040385   0.0031680   0.054103   0.007628   0.020000   0.020000  0.0015000  0.0010000    0.009000    0.002000
