

                   INTERNATIONAL EARTH ROTATION SERVICE
                        EARTH ROTATION PARAMETERS
                          EOP (IERS) C04

  
             FORMAT(3(I4),I7,2(F11.6),2(F12.7),2(F12.6),2(F11.6),2(F12.7),2F12.6)
**********************************************************************************
  
      Date      MJD      x          y        UT1-UTC       LOD         dPsi    dEpsilon     x Err     y Err   UT1-UTC Err  Lod Err    dPsi Err   dEpsilon Err
                         "          "           s           s            "         "        "          "          s           s            "         "
     (0h UTC)

2003   1   1  52640  -0.088511   0.188147  -0.2894344   0.0004286  -0.055367  -0.000555   0.000027   0.000060  0.0000286  0.0000225    0.000159    0.000045
2003   1   2  52641  -0.091580   0.190481  -0.2897879   0.0003215  -0.055221  -0.000636   0.000033   0.000075  0.0000167  0.0000326    0.000170    0.000040
2003   1   3  52642  -0.094556   0.192909  -0.2900915   0.0003148  -0.055039  -0.000714   0.000033   0.000070  0.0000137  0.0000311    0.000172    0.000039
2003   1   4  52643  -0.097617   0.195434  -0.2904503   0.0003717  -0.054821  -0.000827   0.000032   0.000056  0.0000170  0.0000279    0.000172    0.000039
2003   1   5  52644  -0.100734   0.197666  -0.2908571   0.0004585  -0.054559  -0.000961   0.000043   0.000052  0.0000189  0.0000257    0.000129    0.000032
2003   1   6  52645  -0.103535   0.199584  -0.2913617   0.0006026  -0.054312  -0.001024   0.000039   0.000050  0.0000060  0.0000297    0.000065    0.000018
2003   1   7  52646  -0.106053   0.201512  -0.2920235   0.0007776  -0.054192  -0.000972   0.000034   0.000049  0.0000068  0.0000327    0.000066    0.000018
2003   1   8  52647  -0.108629   0.203603  -0.2928453   0.0008613  -0.054264  -0.000939   0.000032   0.000045  0.0000103  0.0000222    0.000077    0.000021
2003   1   9  52648  -0.111086   0.205778  -0.2937273   0.0008817  -0.054458  -0.000930   0.000035   0.000040  0.0000192  0.0000186    0.000267    0.000058
2003   1  10  52649  -0.113218   0.208167  -0.2946260   0.0009087  -0.054654  -0.000881   0.000037   0.000041  0.0000132  0.0000195    0.000218    0.000049
2003   1  11  52650  -0.115277   0.210604  -0.2955451   0.0008965  -0.054806  -0.000764   0.000036   0.000046  0.0000158  0.0000260    0.000179    0.000042
2003   1  12  52651  -0.117323   0.212882  -0.2964381   0.0008266  -0.054902  -0.000557   0.000051   0.000048  0.0000215  0.0000310    0.000160    0.000038
2003   1  13  52652  -0.119041   0.215012  -0.2972431   0.0007059  -0.054960  -0.000333   0.000062   0.000047  0.0000143  0.0000230    0.000113    0.000027
2003   1  14  52653  -0.120421   0.217120  -0.2979039   0.0005487  -0.055023  -0.000253   0.000048   0.000048  0.0000162  0.0000203    0.000113    0.000027
2003   1  15  52654  -0.121763   0.219374  -0.2983989   0.0004081  -0.055050  -0.000431   0.000034   0.000049  0.0000168  0.0000182    0.000122    0.000029
2003   1  16  52655  -0.123007   0.221786  -0.2987580   0.0002800  -0.055081  -0.000790   0.000030   0.000048  0.0000098  0.0000164    0.000148    0.000037
2003   1  17  52656  -0.124372   0.224307  -0.2989918   0.0001745  -0.055062  -0.001144   0.000031   0.000047  0.0000106  0.0000172    0.000135    0.000034
2003   1  18  52657  -0.126128   0.226775  -0.2992016   0.0002206  -0.054860  -0.001318   0.000036   0.000049  0.0000143  0.0000210    0.000127    0.000032
2003   1  19  52658  -0.127761   0.229048  -0.2994890   0.0003690  -0.054461  -0.001261   0.000038   0.000056  0.0000202  0.0000230    0.000139    0.000035
2003   1  20  52659  -0.128964   0.231249  -0.2999068   0.0005048  -0.053988  -0.001062   0.000033   0.000063  0.0000374  0.0000205    0.000583    0.000205
2003   1  21  52660  -0.130018   0.233651  -0.3004656   0.0006367  -0.053613  -0.000877   0.000031   0.000055  0.0000185  0.0000193    0.000323    0.000090
2003   1  22  52661  -0.131086   0.236629  -0.3011575   0.0007810  -0.053458  -0.000813   0.000031   0.000049  0.0000112  0.0000196    0.000195    0.000052
2003   1  23  52662  -0.132284   0.239887  -0.3019767   0.0008937  -0.053434  -0.000859   0.000031   0.000049  0.0000143  0.0000204    0.000230    0.000061
2003   1  24  52663  -0.133667   0.242683  -0.3028604   0.0009216  -0.053485  -0.000913   0.000032   0.000054  0.0000195  0.0000263    0.000274    0.000071
2003   1  25  52664  -0.135210   0.245055  -0.3037342   0.0008267  -0.053785  -0.000896   0.000035   0.000060  0.0000234  0.0000334    0.000254    0.000064
2003   1  26  52665  -0.136881   0.247236  -0.3044907   0.0006368  -0.054291  -0.000822   0.000037   0.000057  0.0000299  0.0000252    0.000189    0.000054
2003   1  27  52666  -0.138264   0.249578  -0.3050317   0.0004164  -0.054750  -0.000752   0.000035   0.000049  0.0000105  0.0000215    0.000098    0.000033
2003   1  28  52667  -0.139093   0.252350  -0.3053188   0.0001730  -0.054941  -0.000724   0.000034   0.000044  0.0000110  0.0000212    0.000102    0.000035
2003   1  29  52668  -0.139430   0.255327  -0.3053962   0.0000029  -0.054676  -0.000741   0.000032   0.000046  0.0000143  0.0000262    0.000124    0.000041
2003   1  30  52669  -0.139505   0.258406  -0.3053956  -0.0000471  -0.054315  -0.000867   0.000032   0.000050  0.0000228  0.0000289    0.000199    0.000063
2003   1  31  52670  -0.139988   0.261485  -0.3053566  -0.0000456  -0.054046  -0.001066   0.000034   0.000052  0.0000227  0.0000245    0.000202    0.000076
2003   2   1  52671  -0.141207   0.264286  -0.3053506   0.0000190  -0.053933  -0.001250   0.000041   0.000057  0.0000256  0.0000273    0.000169    0.000069
2003   2   2  52672  -0.142672   0.266989  -0.3054394   0.0001791  -0.053933  -0.001343   0.000056   0.000070  0.0000271  0.0000288    0.000149    0.000061
2003   2   3  52673  -0.144175   0.269912  -0.3056983   0.0003752  -0.053948  -0.001317   0.000051   0.000076  0.0000074  0.0000256    0.000101    0.000040
2003   2   4  52674  -0.145387   0.272817  -0.3061773   0.0005945  -0.053932  -0.001223   0.000039   0.000060  0.0000079  0.0000245    0.000105    0.000038
2003   2   5  52675  -0.146258   0.275613  -0.3068587   0.0007648  -0.053897  -0.001179   0.000035   0.000052  0.0000122  0.0000231    0.000124    0.000037
2003   2   6  52676  -0.147371   0.278199  -0.3076694   0.0007946  -0.053948  -0.001195   0.000037   0.000053  0.0000195  0.0000244    0.000186    0.000048
2003   2   7  52677  -0.148490   0.280685  -0.3084313   0.0007401  -0.054040  -0.001233   0.000039   0.000058  0.0000129  0.0000274    0.000165    0.000042
2003   2   8  52678  -0.149701   0.283434  -0.3091364   0.0006613  -0.054142  -0.001237   0.000038   0.000066  0.0000154  0.0000253    0.000137    0.000035
2003   2   9  52679  -0.151354   0.286160  -0.3097332   0.0005534  -0.054251  -0.001199   0.000035   0.000058  0.0000219  0.0000221    0.000126    0.000033
2003   2  10  52680  -0.153000   0.288809  -0.3102101   0.0004236  -0.054371  -0.001184   0.000038   0.000048  0.0000162  0.0000236    0.000099    0.000027
2003   2  11  52681  -0.154373   0.291549  -0.3105804   0.0002962  -0.054448  -0.001272   0.000037   0.000045  0.0000184  0.0000211    0.000099    0.000027
2003   2  12  52682  -0.155408   0.294289  -0.3108691   0.0002240  -0.054201  -0.001480   0.000032   0.000046  0.0000200  0.0000207    0.000099    0.000027
2003   2  13  52683  -0.155979   0.297045  -0.3110848   0.0002597  -0.053961  -0.001778   0.000029   0.000051  0.0000124  0.0000192    0.000103    0.000029
2003   2  14  52684  -0.156245   0.299731  -0.3113712   0.0003334  -0.054011  -0.002118   0.000032   0.000050  0.0000132  0.0000173    0.000126    0.000034
2003   2  15  52685  -0.156412   0.302378  -0.3117631   0.0003990  -0.054123  -0.002382   0.000039   0.000049  0.0000182  0.0000200    0.000153    0.000038
2003   2  16  52686  -0.156385   0.304848  -0.3122515   0.0005620  -0.054017  -0.002451   0.000037   0.000051  0.0000290  0.0000185    0.000161    0.000040
2003   2  17  52687  -0.155884   0.307287  -0.3129066   0.0008341  -0.053626  -0.002279   0.000041   0.000049  0.0000496  0.0000155    0.000086    0.000023
2003   2  18  52688  -0.155341   0.310276  -0.3138072   0.0010778  -0.053171  -0.001974   0.000050   0.000058  0.0000147  0.0000150    0.000084    0.000022
2003   2  19  52689  -0.154992   0.313809  -0.3149390   0.0012235  -0.052983  -0.001765   0.000032   0.000054  0.0000087  0.0000156    0.000084    0.000022
2003   2  20  52690  -0.154771   0.317795  -0.3161639   0.0012634  -0.053087  -0.001818   0.000027   0.000048  0.0000113  0.0000151    0.000094    0.000025
2003   2  21  52691  -0.155095   0.321612  -0.3174198   0.0011873  -0.053349  -0.002014   0.000027   0.000048  0.0000188  0.0000144    0.000159    0.000041
2003   2  22  52692  -0.155548   0.324699  -0.3185362   0.0009812  -0.053629  -0.002133   0.000030   0.000046  0.0000196  0.0000166    0.000168    0.000043
2003   2  23  52693  -0.155502   0.327635  -0.3193920   0.0007008  -0.053820  -0.002096   0.000039   0.000046  0.0000131  0.0000192    0.000142    0.000036
2003   2  24  52694  -0.155145   0.330678  -0.3199730   0.0004618  -0.053929  -0.001970   0.000035   0.000042  0.0000066  0.0000168    0.000084    0.000021
2003   2  25  52695  -0.154761   0.333643  -0.3203461   0.0003096  -0.053962  -0.001857   0.000035   0.000040  0.0000076  0.0000157    0.000084    0.000021
2003   2  26  52696  -0.154681   0.336586  -0.3206078   0.0002231  -0.053814  -0.001838   0.000046   0.000041  0.0000112  0.0000156    0.000098    0.000025
2003   2  27  52697  -0.154729   0.339522  -0.3208269   0.0002051  -0.053445  -0.001937   0.000046   0.000043  0.0000269  0.0000159    0.000261    0.000077
2003   2  28  52698  -0.154434   0.342326  -0.3210604   0.0002499  -0.052929  -0.002137   0.000032   0.000041  0.0000237  0.0000160    0.000206    0.000053
2003   3   1  52699  -0.153877   0.344834  -0.3213252   0.0003358  -0.052589  -0.002355   0.000033   0.000043  0.0000269  0.0000176    0.000175    0.000044
2003   3   2  52700  -0.153219   0.347421  -0.3217311   0.0004857  -0.052576  -0.002464   0.000037   0.000046  0.0000314  0.0000185    0.000139    0.000036
2003   3   3  52701  -0.152896   0.350417  -0.3222889   0.0006206  -0.052777  -0.002403   0.000036   0.000044  0.0000110  0.0000174    0.000078    0.000021
2003   3   4  52702  -0.153135   0.353377  -0.3229336   0.0006768  -0.053028  -0.002245   0.000033   0.000041  0.0000124  0.0000173    0.000078    0.000021
2003   3   5  52703  -0.153466   0.356077  -0.3236001   0.0007045  -0.053204  -0.002137   0.000033   0.000049  0.0000163  0.0000158    0.000079    0.000021
2003   3   6  52704  -0.153822   0.358534  -0.3242865   0.0007030  -0.053318  -0.002158   0.000033   0.000051  0.0000133  0.0000153    0.000125    0.000034
2003   3   7  52705  -0.154174   0.360994  -0.3249836   0.0006747  -0.053334  -0.002248   0.000029   0.000042  0.0000096  0.0000193    0.000150    0.000042
2003   3   8  52706  -0.154557   0.363700  -0.3256542   0.0006211  -0.053205  -0.002313   0.000036   0.000044  0.0000095  0.0000273    0.000150    0.000042
2003   3   9  52707  -0.154802   0.366525  -0.3262480   0.0005483  -0.053018  -0.002364   0.000037   0.000047  0.0000094  0.0000215    0.000133    0.000037
2003   3  10  52708  -0.154927   0.369534  -0.3267327   0.0004484  -0.052903  -0.002486   0.000030   0.000046  0.0000095  0.0000182    0.000086    0.000024
2003   3  11  52709  -0.155620   0.372619  -0.3271152   0.0003511  -0.052835  -0.002708   0.000028   0.000046  0.0000109  0.0000206    0.000086    0.000024
2003   3  12  52710  -0.156515   0.375686  -0.3274389   0.0003166  -0.052663  -0.002953   0.000031   0.000048  0.0000119  0.0000202    0.000080    0.000019
2003   3  13  52711  -0.157128   0.378845  -0.3277667   0.0003364  -0.052373  -0.003138   0.000030   0.000056  0.0000080  0.0000170    0.000073    0.000015
2003   3  14  52712  -0.157388   0.381629  -0.3281148   0.0004206  -0.052197  -0.003317   0.000028   0.000055  0.0000113  0.0000176    0.000097    0.000021
2003   3  15  52713  -0.157244   0.384215  -0.3286444   0.0005813  -0.052200  -0.003582   0.000034   0.000056  0.0000217  0.0000207    0.000139    0.000034
2003   3  16  52714  -0.157019   0.387094  -0.3293930   0.0008468  -0.052129  -0.003858   0.000036   0.000060  0.0000278  0.0000228    0.000138    0.000035
2003   3  17  52715  -0.156794   0.389997  -0.3304096   0.0011831  -0.051752  -0.003912   0.000033   0.000052  0.0000092  0.0000254    0.000088    0.000022
2003   3  18  52716  -0.156161   0.392856  -0.3317070   0.0014459  -0.051312  -0.003661   0.000030   0.000052  0.0000098  0.0000201    0.000095    0.000023
2003   3  19  52717  -0.155036   0.395992  -0.3332156   0.0015548  -0.051360  -0.003361   0.000031   0.000051  0.0000134  0.0000153    0.000136    0.000033
2003   3  20  52718  -0.153924   0.399815  -0.3347515   0.0014769  -0.051801  -0.003286   0.000038   0.000048  0.0000168  0.0000159    0.000178    0.000045
2003   3  21  52719  -0.153142   0.403637  -0.3361498   0.0012530  -0.052246  -0.003448   0.000050   0.000048  0.0000110  0.0000179    0.000120    0.000033
2003   3  22  52720  -0.152369   0.406826  -0.3373018   0.0009476  -0.052502  -0.003632   0.000054   0.000053  0.0000132  0.0000212    0.000118    0.000032
2003   3  23  52721  -0.151562   0.409780  -0.3381437   0.0006275  -0.052482  -0.003681   0.000042   0.000054  0.0000178  0.0000251    0.000116    0.000032
2003   3  24  52722  -0.150578   0.412638  -0.3386849   0.0003955  -0.052322  -0.003645   0.000031   0.000050  0.0000082  0.0000212    0.000110    0.000029
2003   3  25  52723  -0.149172   0.415578  -0.3390054   0.0002539  -0.052174  -0.003630   0.000027   0.000048  0.0000092  0.0000200    0.000119    0.000031
2003   3  26  52724  -0.147606   0.418514  -0.3392380   0.0002099  -0.051988  -0.003641   0.000028   0.000047  0.0000114  0.0000217    0.000159    0.000043
2003   3  27  52725  -0.145754   0.421344  -0.3395273   0.0003181  -0.051830  -0.003704   0.000029   0.000051  0.0000109  0.0000211    0.000163    0.000036
2003   3  28  52726  -0.143380   0.424227  -0.3399330   0.0004700  -0.051583  -0.003843   0.000030   0.000052  0.0000134  0.0000208    0.000135    0.000034
2003   3  29  52727  -0.140621   0.427112  -0.3404775   0.0006139  -0.051343  -0.003976   0.000033   0.000052  0.0000199  0.0000249    0.000128    0.000037
2003   3  30  52728  -0.137813   0.430091  -0.3411881   0.0007904  -0.051269  -0.003975   0.000037   0.000054  0.0000262  0.0000263    0.000125    0.000034
2003   3  31  52729  -0.135406   0.433051  -0.3420238   0.0009039  -0.051360  -0.003775   0.000033   0.000050  0.0000128  0.0000228    0.000118    0.000024
2003   4   1  52730  -0.133364   0.435846  -0.3429251   0.0009623  -0.051465  -0.003467   0.000030   0.000046  0.0000143  0.0000222    0.000118    0.000024
2003   4   2  52731  -0.131288   0.438814  -0.3438641   0.0010270  -0.051330  -0.003282   0.000029   0.000044  0.0000194  0.0000222    0.000119    0.000024
2003   4   3  52732  -0.129091   0.441971  -0.3448628   0.0009989  -0.051038  -0.003331   0.000031   0.000045  0.0000235  0.0000205    0.000151    0.000038
2003   4   4  52733  -0.126958   0.444909  -0.3457891   0.0008721  -0.050709  -0.003536   0.000031   0.000047  0.0000169  0.0000200    0.000162    0.000046
2003   4   5  52734  -0.124687   0.447769  -0.3465998   0.0007822  -0.050597  -0.003710   0.000035   0.000054  0.0000194  0.0000241    0.000162    0.000046
2003   4   6  52735  -0.122186   0.450995  -0.3473112   0.0006743  -0.050707  -0.003826   0.000042   0.000054  0.0000231  0.0000285    0.000148    0.000039
2003   4   7  52736  -0.119827   0.454284  -0.3479068   0.0005280  -0.050977  -0.003987   0.000036   0.000049  0.0000111  0.0000252    0.000103    0.000024
2003   4   8  52737  -0.117770   0.457230  -0.3483628   0.0003754  -0.051216  -0.004241   0.000033   0.000047  0.0000120  0.0000241    0.000112    0.000026
2003   4   9  52738  -0.116137   0.459964  -0.3486990   0.0003002  -0.051077  -0.004491   0.000034   0.000048  0.0000160  0.0000290    0.000162    0.000040
2003   4  10  52739  -0.114781   0.462589  -0.3490163   0.0003377  -0.050648  -0.004585   0.000036   0.000050  0.0000273  0.0000305    0.000240    0.000077
2003   4  11  52740  -0.113315   0.465085  -0.3494100   0.0004505  -0.050233  -0.004594   0.000037   0.000051  0.0000248  0.0000255    0.000167    0.000046
2003   4  12  52741  -0.111491   0.467748  -0.3499548   0.0006608  -0.050129  -0.004727   0.000040   0.000052  0.0000293  0.0000277    0.000141    0.000037
2003   4  13  52742  -0.109427   0.470554  -0.3507753   0.0009460  -0.050199  -0.005014   0.000038   0.000047  0.0000330  0.0000246    0.000122    0.000032
2003   4  14  52743  -0.107311   0.473133  -0.3518757   0.0012481  -0.050092  -0.005172   0.000032   0.000043  0.0000068  0.0000195    0.000081    0.000020
2003   4  15  52744  -0.105452   0.475550  -0.3532219   0.0014683  -0.049874  -0.004944   0.000028   0.000042  0.0000070  0.0000191    0.000081    0.000020
2003   4  16  52745  -0.103975   0.477656  -0.3547022   0.0015034  -0.050001  -0.004525   0.000029   0.000044  0.0000100  0.0000230    0.000087    0.000023
2003   4  17  52746  -0.102338   0.479479  -0.3561367   0.0013145  -0.050631  -0.004294   0.000032   0.000046  0.0000208  0.0000216    0.000115    0.000037
2003   4  18  52747  -0.100403   0.481418  -0.3572613   0.0010159  -0.051286  -0.004342   0.000032   0.000046  0.0000318  0.0000186    0.000117    0.000038
2003   4  19  52748  -0.098133   0.483636  -0.3581527   0.0006640  -0.051478  -0.004477   0.000039   0.000048  0.0000486  0.0000221    0.000117    0.000038
2003   4  20  52749  -0.095597   0.485916  -0.3587084   0.0003365  -0.051197  -0.004559   0.000041   0.000048  0.0000427  0.0000245    0.000112    0.000022
2003   4  21  52750  -0.093167   0.487989  -0.3588982   0.0001021  -0.050772  -0.004675   0.000033   0.000047  0.0000098  0.0000274    0.000113    0.000022
2003   4  22  52751  -0.090841   0.489956  -0.3588906   0.0000163  -0.050505  -0.004925   0.000030   0.000046  0.0000100  0.0000349    0.000123    0.000024
2003   4  23  52752  -0.088637   0.492005  -0.3589000   0.0000675  -0.050526  -0.005236   0.000029   0.000049  0.0000115  0.0000223    0.000149    0.000033
2003   4  24  52753  -0.086049   0.493960  -0.3590254   0.0001726  -0.050608  -0.005284   0.000030   0.000049  0.0000081  0.0000166    0.000104    0.000029
2003   4  25  52754  -0.082907   0.495986  -0.3592872   0.0003318  -0.050516  -0.005032   0.000030   0.000045  0.0000095  0.0000160    0.000101    0.000027
2003   4  26  52755  -0.080114   0.498205  -0.3596842   0.0004822  -0.050264  -0.004761   0.000035   0.000050  0.0000141  0.0000169    0.000114    0.000029
2003   4  27  52756  -0.077725   0.500415  -0.3602216   0.0006148  -0.050046  -0.004568   0.000036   0.000054  0.0000201  0.0000185    0.000115    0.000029
2003   4  28  52757  -0.075307   0.502657  -0.3608881   0.0007186  -0.050068  -0.004345   0.000031   0.000049  0.0000113  0.0000184    0.000099    0.000026
2003   4  29  52758  -0.072963   0.504705  -0.3616400   0.0007737  -0.050353  -0.004082   0.000029   0.000046  0.0000107  0.0000178    0.000102    0.000027
2003   4  30  52759  -0.070353   0.506461  -0.3624035   0.0007583  -0.050707  -0.003909   0.000029   0.000046  0.0000108  0.0000172    0.000117    0.000034
2003   5   1  52760  -0.066956   0.508225  -0.3630959   0.0006350  -0.050893  -0.004017   0.000030   0.000053  0.0000156  0.0000158    0.000131    0.000041
2003   5   2  52761  -0.063139   0.510086  -0.3636343   0.0004591  -0.050846  -0.004362   0.000037   0.000058  0.0000331  0.0000160    0.000134    0.000043
2003   5   3  52762  -0.059467   0.511856  -0.3639637   0.0002643  -0.050667  -0.004725   0.000042   0.000056  0.0000380  0.0000198    0.000133    0.000041
2003   5   4  52763  -0.056202   0.513671  -0.3640906   0.0000646  -0.050500  -0.004955   0.000039   0.000053  0.0000285  0.0000271    0.000110    0.000028
2003   5   5  52764  -0.053279   0.515639  -0.3640828  -0.0000829  -0.050450  -0.005089   0.000040   0.000049  0.0000082  0.0000232    0.000112    0.000028
2003   5   6  52765  -0.050243   0.517761  -0.3640159  -0.0001347  -0.050501  -0.005220   0.000031   0.000046  0.0000090  0.0000195    0.000120    0.000030
2003   5   7  52766  -0.047294   0.519940  -0.3639460  -0.0001222  -0.050480  -0.005332   0.000030   0.000047  0.0000109  0.0000196    0.000115    0.000029
2003   5   8  52767  -0.044752   0.521859  -0.3638358  -0.0000307  -0.050371  -0.005341   0.000029   0.000046  0.0000076  0.0000238    0.000067    0.000017
2003   5   9  52768  -0.042230   0.523574  -0.3639040   0.0001503  -0.050280  -0.005276   0.000029   0.000045  0.0000098  0.0000254    0.000075    0.000020
2003   5  10  52769  -0.039786   0.525315  -0.3641949   0.0003734  -0.050249  -0.005295   0.000036   0.000049  0.0000202  0.0000238    0.000110    0.000030
2003   5  11  52770  -0.037792   0.526855  -0.3647459   0.0006227  -0.050253  -0.005462   0.000042   0.000052  0.0000330  0.0000240    0.000113    0.000031
2003   5  12  52771  -0.036157   0.528159  -0.3655074   0.0009192  -0.050192  -0.005575   0.000039   0.000051  0.0000066  0.0000210    0.000073    0.000020
2003   5  13  52772  -0.034550   0.529518  -0.3665403   0.0011588  -0.050127  -0.005379   0.000033   0.000048  0.0000064  0.0000192    0.000080    0.000022
2003   5  14  52773  -0.032697   0.530818  -0.3678096   0.0012190  -0.050371  -0.004945   0.000033   0.000047  0.0000096  0.0000187    0.000120    0.000034
2003   5  15  52774  -0.030529   0.532065  -0.3690033   0.0011117  -0.051028  -0.004604   0.000043   0.000052  0.0000182  0.0000198    0.000218    0.000056
2003   5  16  52775  -0.028291   0.533313  -0.3699154   0.0008448  -0.051713  -0.004540   0.000042   0.000060  0.0000161  0.0000207    0.000154    0.000037
2003   5  17  52776  -0.026001   0.534518  -0.3705347   0.0004953  -0.051992  -0.004588   0.000036   0.000056  0.0000220  0.0000220    0.000150    0.000036
2003   5  18  52777  -0.023703   0.535708  -0.3709412   0.0002269  -0.051801  -0.004634   0.000035   0.000048  0.0000294  0.0000216    0.000147    0.000035
2003   5  19  52778  -0.021368   0.536745  -0.3711184   0.0001349  -0.051361  -0.004792   0.000033   0.000046  0.0000163  0.0000184    0.000130    0.000030
2003   5  20  52779  -0.018593   0.537726  -0.3712247   0.0001700  -0.050913  -0.005160   0.000032   0.000046  0.0000141  0.0000165    0.000136    0.000032
2003   5  21  52780  -0.015540   0.538852  -0.3714219   0.0002616  -0.050614  -0.005599   0.000037   0.000047  0.0000122  0.0000166    0.000154    0.000038
2003   5  22  52781  -0.012626   0.539949  -0.3717437   0.0003883  -0.050622  -0.005744   0.000036   0.000050  0.0000105  0.0000183    0.000140    0.000032
2003   5  23  52782  -0.009888   0.540761  -0.3722000   0.0005080  -0.050863  -0.005479   0.000031   0.000052  0.0000121  0.0000239    0.000118    0.000029
2003   5  24  52783  -0.007067   0.541181  -0.3727580   0.0006091  -0.051054  -0.005115   0.000038   0.000063  0.0000193  0.0000308    0.000111    0.000029
2003   5  25  52784  -0.004138   0.541414  -0.3734382   0.0006672  -0.051117  -0.004869   0.000053   0.000088  0.0000338  0.0000285    0.000110    0.000029
2003   5  26  52785  -0.001071   0.541730  -0.3741004   0.0006444  -0.051246  -0.004686   0.000052   0.000078  0.0000200  0.0000268    0.000080    0.000021
2003   5  27  52786   0.002283   0.542224  -0.3746800   0.0005672  -0.051567  -0.004494   0.000043   0.000063  0.0000073  0.0000262    0.000080    0.000021
2003   5  28  52787   0.005795   0.542943  -0.3751608   0.0004640  -0.051944  -0.004357   0.000036   0.000057  0.0000084  0.0000262    0.000087    0.000023
2003   5  29  52788   0.009236   0.543915  -0.3755381   0.0003262  -0.052137  -0.004413   0.000036   0.000056  0.0000102  0.0000244    0.000124    0.000032
2003   5  30  52789   0.012490   0.544877  -0.3757665   0.0001363  -0.052071  -0.004706   0.000039   0.000059  0.0000090  0.0000223    0.000123    0.000035
2003   5  31  52790   0.015560   0.545821  -0.3758376  -0.0000612  -0.051893  -0.005050   0.000040   0.000072  0.0000110  0.0000242    0.000103    0.000030
2003   6   1  52791   0.018400   0.546678  -0.3756995  -0.0002156  -0.051763  -0.005244   0.000046   0.000071  0.0000151  0.0000331    0.000096    0.000027
2003   6   2  52792   0.021212   0.547305  -0.3753858  -0.0003559  -0.051764  -0.005261   0.000058   0.000067  0.0000071  0.0000370    0.000077    0.000019
2003   6   3  52793   0.024250   0.547786  -0.3749726  -0.0004590  -0.051925  -0.005226   0.000046   0.000056  0.0000081  0.0000323    0.000077    0.000019
2003   6   4  52794   0.027697   0.548018  -0.3745272  -0.0004820  -0.052171  -0.005279   0.000044   0.000052  0.0000124  0.0000315    0.000077    0.000019
2003   6   5  52795   0.031423   0.548125  -0.3740711  -0.0004140  -0.052380  -0.005375   0.000050   0.000060  0.0000266  0.0000272    0.000109    0.000030
2003   6   6  52796   0.034915   0.548158  -0.3737472  -0.0002310  -0.052432  -0.005434   0.000046   0.000070  0.0000206  0.0000283    0.000121    0.000036
2003   6   7  52797   0.038069   0.548081  -0.3736740   0.0000281  -0.052396  -0.005383   0.000045   0.000066  0.0000288  0.0000333    0.000122    0.000036
2003   6   8  52798   0.041275   0.548070  -0.3738883   0.0002769  -0.052386  -0.005253   0.000040   0.000056  0.0000474  0.0000281    0.000120    0.000035
2003   6   9  52799   0.044691   0.548155  -0.3742795   0.0004635  -0.052507  -0.005030   0.000036   0.000052  0.0000109  0.0000228    0.000112    0.000028
2003   6  10  52800   0.048201   0.548294  -0.3747705   0.0005189  -0.052814  -0.004696   0.000034   0.000050  0.0000112  0.0000206    0.000112    0.000028
2003   6  11  52801   0.051628   0.548308  -0.3752617   0.0004219  -0.053201  -0.004410   0.000034   0.000054  0.0000171  0.0000249    0.000113    0.000028
2003   6  12  52802   0.055114   0.547981  -0.3756010   0.0002075  -0.053643  -0.004328   0.000034   0.000060  0.0000416  0.0000300    0.000240    0.000062
2003   6  13  52803   0.058599   0.547487  -0.3756300  -0.0000908  -0.053955  -0.004481   0.000034   0.000054  0.0000577  0.0000249    0.000442    0.000140
2003   6  14  52804   0.062048   0.546888  -0.3753164  -0.0003942  -0.054148  -0.004694   0.000038   0.000051  0.0000816  0.0000286    0.000443    0.000141
2003   6  15  52805   0.065746   0.546350  -0.3747864  -0.0006172  -0.054205  -0.004844   0.000040   0.000065  0.0000921  0.0000307    0.000243    0.000065
2003   6  16  52806   0.069695   0.545812  -0.3741074  -0.0007025  -0.054173  -0.005005   0.000036   0.000061  0.0000138  0.0000236    0.000105    0.000027
2003   6  17  52807   0.074008   0.545300  -0.3734340  -0.0006322  -0.054091  -0.005260   0.000032   0.000049  0.0000131  0.0000213    0.000113    0.000029
2003   6  18  52808   0.078493   0.545101  -0.3728943  -0.0004863  -0.054020  -0.005474   0.000034   0.000052  0.0000144  0.0000194    0.000127    0.000033
2003   6  19  52809   0.082987   0.544921  -0.3724735  -0.0003238  -0.053965  -0.005476   0.000032   0.000049  0.0000098  0.0000191    0.000084    0.000022
2003   6  20  52810   0.087629   0.544776  -0.3722348  -0.0001621  -0.053875  -0.005234   0.000029   0.000045  0.0000112  0.0000204    0.000097    0.000026
2003   6  21  52811   0.091950   0.544673  -0.3721209  -0.0000715  -0.053899  -0.004929   0.000036   0.000047  0.0000169  0.0000232    0.000158    0.000046
2003   6  22  52812   0.095867   0.544320  -0.3720423  -0.0000409  -0.054050  -0.004734   0.000043   0.000049  0.0000193  0.0000277    0.000172    0.000051
2003   6  23  52813   0.099755   0.543858  -0.3719515  -0.0000887  -0.054346  -0.004630   0.000032   0.000052  0.0000176  0.0000222    0.000109    0.000030
2003   6  24  52814   0.103502   0.543318  -0.3718061  -0.0001958  -0.054882  -0.004492   0.000031   0.000057  0.0000201  0.0000182    0.000119    0.000033
2003   6  25  52815   0.107215   0.542739  -0.3715493  -0.0003255  -0.055543  -0.004294   0.000034   0.000058  0.0000287  0.0000177    0.000178    0.000050
2003   6  26  52816   0.110920   0.542270  -0.3711016  -0.0004722  -0.056064  -0.004220   0.000031   0.000054  0.0000371  0.0000176    0.000352    0.000086
2003   6  27  52817   0.114719   0.541767  -0.3705618  -0.0006101  -0.056316  -0.004394   0.000031   0.000050  0.0000227  0.0000179    0.000289    0.000058
2003   6  28  52818   0.118618   0.541241  -0.3698549  -0.0007648  -0.056394  -0.004792   0.000035   0.000057  0.0000287  0.0000218    0.000284    0.000057
2003   6  29  52819   0.122625   0.540670  -0.3690931  -0.0008792  -0.056362  -0.005167   0.000038   0.000081  0.0000346  0.0000327    0.000193    0.000047
2003   6  30  52820   0.126676   0.540106  -0.3681649  -0.0009151  -0.056263  -0.005319   0.000033   0.000073  0.0000090  0.0000267    0.000092    0.000027
2003   7   1  52821   0.130400   0.539546  -0.3672237  -0.0008893  -0.056181  -0.005251   0.000030   0.000052  0.0000093  0.0000204    0.000092    0.000027
2003   7   2  52822   0.133821   0.538840  -0.3664135  -0.0007832  -0.056236  -0.005048   0.000031   0.000047  0.0000126  0.0000184    0.000102    0.000029
2003   7   3  52823   0.136936   0.537751  -0.3656935  -0.0006378  -0.056384  -0.004912   0.000038   0.000053  0.0000167  0.0000183    0.000162    0.000037
2003   7   4  52824   0.139876   0.536134  -0.3651174  -0.0004871  -0.056410  -0.004933   0.000038   0.000052  0.0000207  0.0000198    0.000169    0.000037
2003   7   5  52825   0.143072   0.534343  -0.3647174  -0.0003154  -0.056261  -0.004998   0.000037   0.000046  0.0000283  0.0000221    0.000169    0.000037
2003   7   6  52826   0.146395   0.532838  -0.3644889  -0.0001807  -0.056127  -0.004970   0.000039   0.000047  0.0000138  0.0000231    0.000135    0.000030
2003   7   7  52827   0.149579   0.531466  -0.3643723  -0.0001447  -0.056296  -0.004809   0.000035   0.000048  0.0000106  0.0000214    0.000133    0.000030
2003   7   8  52828   0.152968   0.530015  -0.3642560  -0.0002108  -0.056911  -0.004573   0.000032   0.000051  0.0000120  0.0000200    0.000131    0.000030
2003   7   9  52829   0.156636   0.528455  -0.3640099  -0.0003664  -0.058007  -0.004353   0.000029   0.000049  0.0000113  0.0000217    0.000087    0.000021
2003   7  10  52830   0.160376   0.526911  -0.3635324  -0.0005879  -0.058774  -0.004296   0.000023   0.000042  0.0000064  0.0000215    0.000061    0.000015
2003   7  11  52831   0.163968   0.525563  -0.3628057  -0.0008202  -0.058683  -0.004389   0.000024   0.000043  0.0000096  0.0000242    0.000084    0.000021
2003   7  12  52832   0.167468   0.524238  -0.3619174  -0.0009481  -0.058259  -0.004476   0.000032   0.000052  0.0000251  0.0000327    0.000140    0.000036
2003   7  13  52833   0.170559   0.522914  -0.3609954  -0.0009522  -0.057935  -0.004499   0.000035   0.000051  0.0000392  0.0000308    0.000135    0.000038
2003   7  14  52834   0.173132   0.521464  -0.3600564  -0.0008733  -0.057807  -0.004564   0.000035   0.000046  0.0000061  0.0000242    0.000072    0.000022
2003   7  15  52835   0.175579   0.519921  -0.3592225  -0.0007248  -0.057859  -0.004769   0.000033   0.000045  0.0000059  0.0000204    0.000078    0.000024
2003   7  16  52836   0.178186   0.518405  -0.3586079  -0.0005108  -0.058047  -0.005062   0.000033   0.000048  0.0000088  0.0000218    0.000111    0.000035
2003   7  17  52837   0.180922   0.516815  -0.3582339  -0.0002955  -0.058406  -0.005169   0.000032   0.000049  0.0000144  0.0000213    0.000130    0.000044
2003   7  18  52838   0.183553   0.514958  -0.3580211  -0.0001614  -0.058965  -0.005023   0.000032   0.000046  0.0000131  0.0000186    0.000114    0.000036
2003   7  19  52839   0.186300   0.512880  -0.3578929  -0.0001095  -0.059586  -0.004807   0.000036   0.000046  0.0000157  0.0000193    0.000110    0.000034
2003   7  20  52840   0.189287   0.510860  -0.3577771  -0.0001145  -0.060040  -0.004687   0.000036   0.000048  0.0000215  0.0000186    0.000111    0.000033
2003   7  21  52841   0.191966   0.508811  -0.3576233  -0.0001830  -0.060235  -0.004651   0.000033   0.000047  0.0000137  0.0000179    0.000120    0.000032
2003   7  22  52842   0.194378   0.506517  -0.3573965  -0.0002860  -0.060268  -0.004588   0.000032   0.000045  0.0000158  0.0000233    0.000120    0.000032
2003   7  23  52843   0.197129   0.504090  -0.3570640  -0.0003792  -0.060224  -0.004430   0.000033   0.000045  0.0000242  0.0000231    0.000120    0.000032
2003   7  24  52844   0.199932   0.501848  -0.3566158  -0.0004890  -0.060224  -0.004317   0.000034   0.000046  0.0000347  0.0000180    0.000141    0.000036
2003   7  25  52845   0.202434   0.499758  -0.3560533  -0.0006036  -0.060289  -0.004403   0.000033   0.000050  0.0000201  0.0000162    0.000147    0.000037
2003   7  26  52846   0.204691   0.497495  -0.3553823  -0.0006493  -0.060508  -0.004736   0.000033   0.000059  0.0000209  0.0000172    0.000147    0.000037
2003   7  27  52847   0.206795   0.495038  -0.3547307  -0.0006177  -0.060742  -0.005113   0.000038   0.000059  0.0000277  0.0000218    0.000143    0.000037
2003   7  28  52848   0.208984   0.492389  -0.3541332  -0.0005734  -0.060856  -0.005309   0.000037   0.000052  0.0000186  0.0000195    0.000127    0.000038
2003   7  29  52849   0.211301   0.489522  -0.3536086  -0.0004950  -0.060812  -0.005257   0.000031   0.000052  0.0000203  0.0000164    0.000139    0.000042
2003   7  30  52850   0.213792   0.486713  -0.3532032  -0.0002986  -0.060618  -0.005048   0.000030   0.000052  0.0000329  0.0000168    0.000209    0.000060
2003   7  31  52851   0.216489   0.484147  -0.3530390  -0.0000647  -0.060437  -0.004946   0.000028   0.000043  0.0000421  0.0000178    0.000284    0.000071
2003   8   1  52852   0.219169   0.481852  -0.3530920   0.0001256  -0.060304  -0.005014   0.000028   0.000045  0.0000237  0.0000178    0.000171    0.000044
2003   8   2  52853   0.221359   0.479795  -0.3533259   0.0002805  -0.060279  -0.005096   0.000032   0.000053  0.0000210  0.0000184    0.000168    0.000043
2003   8   3  52854   0.223026   0.477515  -0.3536913   0.0003626  -0.060402  -0.005071   0.000038   0.000050  0.0000191  0.0000202    0.000152    0.000040
2003   8   4  52855   0.224727   0.475048  -0.3540685   0.0003268  -0.060728  -0.004911   0.000034   0.000046  0.0000111  0.0000206    0.000104    0.000031
2003   8   5  52856   0.226428   0.472619  -0.3543197   0.0001558  -0.061253  -0.004695   0.000029   0.000043  0.0000125  0.0000179    0.000104    0.000031
2003   8   6  52857   0.228148   0.469862  -0.3543517  -0.0000718  -0.061756  -0.004576   0.000028   0.000042  0.0000179  0.0000168    0.000104    0.000031
2003   8   7  52858   0.230134   0.466833  -0.3541620  -0.0002998  -0.062088  -0.004602   0.000029   0.000044  0.0000261  0.0000162    0.000146    0.000045
2003   8   8  52859   0.232164   0.463906  -0.3537407  -0.0005043  -0.062147  -0.004727   0.000030   0.000045  0.0000246  0.0000162    0.000163    0.000052
2003   8   9  52860   0.234042   0.461292  -0.3531707  -0.0006014  -0.062046  -0.004838   0.000031   0.000052  0.0000308  0.0000189    0.000163    0.000052
2003   8  10  52861   0.235879   0.459098  -0.3525713  -0.0005434  -0.061888  -0.004902   0.000033   0.000057  0.0000354  0.0000199    0.000164    0.000048
2003   8  11  52862   0.237686   0.457028  -0.3520739  -0.0003811  -0.061736  -0.004948   0.000038   0.000051  0.0000111  0.0000169    0.000176    0.000036
2003   8  12  52863   0.239503   0.454734  -0.3517678  -0.0001975  -0.061588  -0.004988   0.000040   0.000048  0.0000120  0.0000161    0.000192    0.000040
2003   8  13  52864   0.241285   0.452359  -0.3516740   0.0000013  -0.061414  -0.004985   0.000040   0.000048  0.0000187  0.0000194    0.000285    0.000059
2003   8  14  52865   0.243064   0.450030  -0.3517688   0.0001740  -0.061326  -0.004870   0.000038   0.000045  0.0000319  0.0000184    0.000383    0.000096
2003   8  15  52866   0.244633   0.447711  -0.3519837   0.0002641  -0.061448  -0.004672   0.000035   0.000042  0.0000281  0.0000174    0.000236    0.000063
2003   8  16  52867   0.245959   0.445035  -0.3523192   0.0003067  -0.061873  -0.004487   0.000034   0.000046  0.0000299  0.0000178    0.000231    0.000061
2003   8  17  52868   0.247517   0.442002  -0.3526639   0.0002988  -0.062436  -0.004412   0.000030   0.000047  0.0000294  0.0000149    0.000190    0.000048
2003   8  18  52869   0.249089   0.438925  -0.3528905   0.0001719  -0.062892  -0.004432   0.000034   0.000043  0.0000104  0.0000161    0.000109    0.000026
2003   8  19  52870   0.250604   0.435745  -0.3529102  -0.0000480  -0.063133  -0.004461   0.000033   0.000043  0.0000118  0.0000147    0.000109    0.000026
2003   8  20  52871   0.252228   0.432700  -0.3527105  -0.0002652  -0.063168  -0.004512   0.000035   0.000043  0.0000158  0.0000115    0.000129    0.000030
2003   8  21  52872   0.253746   0.429970  -0.3523590  -0.0004495  -0.063204  -0.004600   0.000049   0.000047  0.0000177  0.0000092    0.000361    0.000094
2003   8  22  52873   0.254959   0.427547  -0.3518399  -0.0005687  -0.063276  -0.004774   0.000046   0.000048  0.0000188  0.0000096    0.000239    0.000067
2003   8  23  52874   0.255882   0.425173  -0.3512346  -0.0006189  -0.063291  -0.005003   0.000039   0.000046  0.0000274  0.0000149    0.000195    0.000055
2003   8  24  52875   0.256917   0.422305  -0.3507188  -0.0006249  -0.063175  -0.005175   0.000037   0.000043  0.0000443  0.0000242    0.000178    0.000047
2003   8  25  52876   0.258221   0.419110  -0.3500928  -0.0005503  -0.062975  -0.005200   0.000033   0.000039  0.0000156  0.0000282    0.000136    0.000031
2003   8  26  52877   0.259288   0.415946  -0.3495396  -0.0003593  -0.062813  -0.005079   0.000027   0.000039  0.0000159  0.0000192    0.000148    0.000034
2003   8  27  52878   0.260078   0.412599  -0.3492964  -0.0000516  -0.062742  -0.004935   0.000031   0.000040  0.0000186  0.0000153    0.000211    0.000047
2003   8  28  52879   0.261168   0.409326  -0.3494255   0.0002943  -0.062609  -0.004800   0.000032   0.000045  0.0000136  0.0000154    0.000208    0.000041
2003   8  29  52880   0.262328   0.406421  -0.3498614   0.0005532  -0.062371  -0.004734   0.000027   0.000051  0.0000138  0.0000187    0.000157    0.000034
2003   8  30  52881   0.263343   0.403562  -0.3505251   0.0007339  -0.062308  -0.004779   0.000029   0.000051  0.0000215  0.0000226    0.000145    0.000033
2003   8  31  52882   0.264404   0.400714  -0.3513603   0.0007611  -0.062534  -0.004872   0.000030   0.000047  0.0000438  0.0000198    0.000143    0.000033
2003   9   1  52883   0.265262   0.397735  -0.3520545   0.0005863  -0.062908  -0.004892   0.000029   0.000043  0.0000198  0.0000160    0.000095    0.000022
2003   9   2  52884   0.265546   0.394636  -0.3524826   0.0003312  -0.063266  -0.004793   0.000029   0.000042  0.0000069  0.0000147    0.000094    0.000022
2003   9   3  52885   0.265402   0.391485  -0.3526391   0.0000712  -0.063479  -0.004638   0.000033   0.000040  0.0000079  0.0000147    0.000103    0.000024
2003   9   4  52886   0.265358   0.388198  -0.3525840  -0.0001300  -0.063463  -0.004544   0.000030   0.000040  0.0000104  0.0000142    0.000152    0.000037
2003   9   5  52887   0.265274   0.384709  -0.3523606  -0.0002588  -0.063331  -0.004533   0.000027   0.000041  0.0000130  0.0000142    0.000165    0.000058
2003   9   6  52888   0.265132   0.381086  -0.3520736  -0.0003096  -0.063180  -0.004574   0.000031   0.000044  0.0000193  0.0000168    0.000139    0.000052
2003   9   7  52889   0.265036   0.377651  -0.3518144  -0.0002644  -0.063033  -0.004637   0.000032   0.000046  0.0000321  0.0000245    0.000117    0.000040
2003   9   8  52890   0.264915   0.374440  -0.3515991  -0.0001056  -0.062902  -0.004696   0.000029   0.000043  0.0000071  0.0000182    0.000073    0.000022
2003   9   9  52891   0.264648   0.371378  -0.3515540   0.0000930  -0.062828  -0.004693   0.000025   0.000040  0.0000073  0.0000168    0.000073    0.000022
2003   9  10  52892   0.264500   0.368116  -0.3517454   0.0002586  -0.062708  -0.004587   0.000025   0.000040  0.0000097  0.0000171    0.000083    0.000024
2003   9  11  52893   0.264677   0.364782  -0.3520620   0.0003736  -0.062709  -0.004356   0.000028   0.000042  0.0000103  0.0000142    0.000134    0.000035
2003   9  12  52894   0.264524   0.361544  -0.3524570   0.0003774  -0.062942  -0.004106   0.000028   0.000046  0.0000115  0.0000144    0.000130    0.000035
2003   9  13  52895   0.264226   0.358197  -0.3528416   0.0003078  -0.063277  -0.003982   0.000031   0.000050  0.0000185  0.0000171    0.000124    0.000034
2003   9  14  52896   0.264211   0.354984  -0.3531345   0.0002219  -0.063595  -0.004026   0.000034   0.000049  0.0000358  0.0000173    0.000120    0.000033
2003   9  15  52897   0.264223   0.351983  -0.3533445   0.0001483  -0.063760  -0.004132   0.000029   0.000046  0.0000194  0.0000187    0.000105    0.000030
2003   9  16  52898   0.264143   0.349083  -0.3534530   0.0000568  -0.063681  -0.004172   0.000028   0.000044  0.0000196  0.0000246    0.000115    0.000032
2003   9  17  52899   0.264024   0.346194  -0.3534468  -0.0000767  -0.063451  -0.004123   0.000029   0.000044  0.0000159  0.0000220    0.000146    0.000032
2003   9  18  52900   0.263944   0.343199  -0.3533419  -0.0002151  -0.063253  -0.004193   0.000026   0.000044  0.0000082  0.0000197    0.000110    0.000019
2003   9  19  52901   0.263701   0.340050  -0.3530917  -0.0003012  -0.063098  -0.004477   0.000026   0.000044  0.0000113  0.0000187    0.000117    0.000021
2003   9  20  52902   0.263030   0.336659  -0.3527975  -0.0003012  -0.062848  -0.004771   0.000032   0.000047  0.0000246  0.0000198    0.000153    0.000032
2003   9  21  52903   0.262474   0.333062  -0.3525919  -0.0002305  -0.062409  -0.004882   0.000035   0.000049  0.0000449  0.0000212    0.000158    0.000035
2003   9  22  52904   0.262518   0.329833  -0.3524375  -0.0000493  -0.061949  -0.004793   0.000040   0.000049  0.0000130  0.0000202    0.000126    0.000029
2003   9  23  52905   0.262484   0.327208  -0.3524760   0.0002140  -0.061743  -0.004580   0.000049   0.000049  0.0000132  0.0000193    0.000137    0.000032
2003   9  24  52906   0.261808   0.324379  -0.3528251   0.0004854  -0.061817  -0.004348   0.000038   0.000049  0.0000200  0.0000190    0.000200    0.000047
2003   9  25  52907   0.260856   0.321046  -0.3534295   0.0007266  -0.061990  -0.004156   0.000033   0.000055  0.0000189  0.0000225    0.000227    0.000052
2003   9  26  52908   0.259991   0.317574  -0.3542424   0.0008840  -0.062141  -0.004073   0.000032   0.000058  0.0000105  0.0000236    0.000136    0.000030
2003   9  27  52909   0.259526   0.314255  -0.3551610   0.0009070  -0.062350  -0.004146   0.000034   0.000053  0.0000149  0.0000225    0.000133    0.000029
2003   9  28  52910   0.259351   0.311314  -0.3561156   0.0007925  -0.062605  -0.004362   0.000035   0.000048  0.0000267  0.0000272    0.000123    0.000028
2003   9  29  52911   0.259202   0.308662  -0.3568306   0.0006114  -0.062804  -0.004545   0.000031   0.000045  0.0000131  0.0000212    0.000090    0.000023
2003   9  30  52912   0.259034   0.306458  -0.3572678   0.0004029  -0.062898  -0.004520   0.000029   0.000045  0.0000136  0.0000181    0.000090    0.000023
2003  10   1  52913   0.258428   0.304304  -0.3574959   0.0001641  -0.062902  -0.004354   0.000029   0.000045  0.0000203  0.0000188    0.000106    0.000027
2003  10   2  52914   0.257372   0.301656  -0.3575654  -0.0000073  -0.062847  -0.004187   0.000029   0.000044  0.0000395  0.0000176    0.000316    0.000097
2003  10   3  52915   0.256191   0.298964  -0.3575268  -0.0000164  -0.062705  -0.004105   0.000029   0.000042  0.0000280  0.0000162    0.000218    0.000080
2003  10   4  52916   0.254914   0.296430  -0.3575666   0.0000967  -0.062435  -0.004058   0.000032   0.000047  0.0000365  0.0000176    0.000178    0.000065
2003  10   5  52917   0.253576   0.293711  -0.3577066   0.0002745  -0.062045  -0.003994   0.000031   0.000050  0.0000486  0.0000191    0.000153    0.000050
2003  10   6  52918   0.252223   0.290680  -0.3580480   0.0004666  -0.061627  -0.003928   0.000029   0.000049  0.0000139  0.0000167    0.000100    0.000027
2003  10   7  52919   0.250903   0.287630  -0.3586057   0.0006438  -0.061336  -0.003870   0.000027   0.000046  0.0000143  0.0000192    0.000100    0.000027
2003  10   8  52920   0.249554   0.284906  -0.3593182   0.0007383  -0.061368  -0.003835   0.000027   0.000042  0.0000187  0.0000309    0.000110    0.000030
2003  10   9  52921   0.248074   0.282280  -0.3600535   0.0007260  -0.061484  -0.003703   0.000028   0.000046  0.0000139  0.0000316    0.000135    0.000039
2003  10  10  52922   0.246533   0.279503  -0.3607543   0.0006916  -0.061429  -0.003515   0.000029   0.000045  0.0000094  0.0000216    0.000103    0.000028
2003  10  11  52923   0.244477   0.276724  -0.3614049   0.0005982  -0.061378  -0.003389   0.000031   0.000048  0.0000107  0.0000200    0.000090    0.000025
2003  10  12  52924   0.242037   0.273912  -0.3619454   0.0004584  -0.061409  -0.003406   0.000030   0.000047  0.0000147  0.0000185    0.000088    0.000025
2003  10  13  52925   0.239765   0.270965  -0.3623453   0.0003165  -0.061418  -0.003514   0.000028   0.000041  0.0000074  0.0000148    0.000086    0.000032
2003  10  14  52926   0.237690   0.267799  -0.3625954   0.0001788  -0.061310  -0.003603   0.000027   0.000041  0.0000078  0.0000138    0.000092    0.000034
2003  10  15  52927   0.235747   0.264488  -0.3627039   0.0000564  -0.061068  -0.003702   0.000027   0.000044  0.0000109  0.0000165    0.000118    0.000046
2003  10  16  52928   0.233824   0.261309  -0.3626785  -0.0000454  -0.060902  -0.003832   0.000028   0.000045  0.0000195  0.0000177    0.000155    0.000065
2003  10  17  52929   0.231780   0.258215  -0.3626006  -0.0000809  -0.060806  -0.004019   0.000030   0.000042  0.0000209  0.0000151    0.000151    0.000060
2003  10  18  52930   0.229778   0.255249  -0.3625222  -0.0000337  -0.060569  -0.004124   0.000031   0.000043  0.0000233  0.0000169    0.000151    0.000059
2003  10  19  52931   0.227884   0.252726  -0.3625758   0.0001450  -0.060066  -0.004015   0.000026   0.000042  0.0000312  0.0000243    0.000139    0.000045
2003  10  20  52932   0.225963   0.250309  -0.3628437   0.0004226  -0.059525  -0.003729   0.000024   0.000039  0.0000069  0.0000290    0.000100    0.000024
2003  10  21  52933   0.223938   0.247645  -0.3633838   0.0006986  -0.059307  -0.003444   0.000025   0.000038  0.0000067  0.0000188    0.000107    0.000026
2003  10  22  52934   0.221855   0.244982  -0.3642154   0.0009808  -0.059448  -0.003266   0.000025   0.000043  0.0000103  0.0000158    0.000149    0.000039
2003  10  23  52935   0.220200   0.242487  -0.3653161   0.0012272  -0.059760  -0.003138   0.000027   0.000052  0.0000167  0.0000197    0.000185    0.000054
2003  10  24  52936   0.219174   0.240181  -0.3666040   0.0013330  -0.060085  -0.003016   0.000032   0.000047  0.0000159  0.0000258    0.000165    0.000042
2003  10  25  52937   0.218533   0.238003  -0.3679069   0.0012628  -0.060352  -0.002975   0.000029   0.000044  0.0000233  0.0000236    0.000159    0.000037
2003  10  26  52938   0.218051   0.235973  -0.3690918   0.0010247  -0.060452  -0.003106   0.000023   0.000045  0.0000408  0.0000190    0.000143    0.000035
2003  10  27  52939   0.217069   0.234002  -0.3699638   0.0006609  -0.060274  -0.003268   0.000024   0.000044  0.0000168  0.0000155    0.000098    0.000027
2003  10  28  52940   0.215401   0.231849  -0.3704306   0.0002951  -0.059926  -0.003223   0.000026   0.000047  0.0000166  0.0000147    0.000106    0.000029
2003  10  29  52941   0.213719   0.229474  -0.3705446   0.0000366  -0.059634  -0.003013   0.000026   0.000050  0.0000283  0.0000152    0.000158    0.000043
2003  10  30  52942   0.212385   0.227180  -0.3705298  -0.0000820  -0.059628  -0.002948   0.000028   0.000049  0.0000449  0.0000184    0.000254    0.000074
2003  10  31  52943   0.210984   0.225291  -0.3704290  -0.0001048  -0.059714  -0.003151   0.000030   0.000055  0.0000244  0.0000184    0.000173    0.000055
2003  11   1  52944   0.209196   0.223600  -0.3703567  -0.0000463  -0.059666  -0.003347   0.000032   0.000059  0.0000285  0.0000182    0.000170    0.000054
2003  11   2  52945   0.207161   0.221833  -0.3704285   0.0001182  -0.059492  -0.003330   0.000029   0.000051  0.0000299  0.0000208    0.000153    0.000048
2003  11   3  52946   0.205000   0.219784  -0.3706674   0.0003213  -0.059280  -0.003142   0.000029   0.000050  0.0000124  0.0000181    0.000104    0.000032
2003  11   4  52947   0.202653   0.217245  -0.3710944   0.0004862  -0.059081  -0.002941   0.000030   0.000050  0.0000130  0.0000174    0.000113    0.000035
2003  11   5  52948   0.200263   0.214369  -0.3716594   0.0005508  -0.058930  -0.002823   0.000030   0.000050  0.0000177  0.0000181    0.000177    0.000054
2003  11   6  52949   0.198151   0.211412  -0.3722209   0.0005284  -0.058833  -0.002617   0.000033   0.000046  0.0000157  0.0000186    0.000233    0.000060
2003  11   7  52950   0.196257   0.208545  -0.3727457   0.0004561  -0.058736  -0.002298   0.000032   0.000043  0.0000117  0.0000184    0.000132    0.000031
2003  11   8  52951   0.194545   0.205955  -0.3731486   0.0003770  -0.058711  -0.002108   0.000034   0.000047  0.0000158  0.0000211    0.000110    0.000026
2003  11   9  52952   0.192675   0.203687  -0.3735344   0.0002666  -0.058760  -0.002205   0.000039   0.000054  0.0000260  0.0000235    0.000109    0.000025
2003  11  10  52953   0.190152   0.201456  -0.3737613   0.0001359  -0.058795  -0.002483   0.000041   0.000051  0.0000124  0.0000203    0.000122    0.000025
2003  11  11  52954   0.187135   0.198930  -0.3738063   0.0000325  -0.058719  -0.002728   0.000035   0.000047  0.0000127  0.0000192    0.000133    0.000027
2003  11  12  52955   0.184405   0.196396  -0.3737366  -0.0000367  -0.058400  -0.002821   0.000032   0.000046  0.0000202  0.0000191    0.000196    0.000041
2003  11  13  52956   0.182102   0.194047  -0.3736710  -0.0000280  -0.058089  -0.002823   0.000033   0.000048  0.0000328  0.0000190    0.000292    0.000083
2003  11  14  52957   0.179796   0.191701  -0.3736823   0.0000216  -0.057875  -0.002825   0.000033   0.000050  0.0000179  0.0000196    0.000187    0.000054
2003  11  15  52958   0.177359   0.189374  -0.3737452   0.0001072  -0.057651  -0.002802   0.000034   0.000048  0.0000225  0.0000211    0.000157    0.000044
2003  11  16  52959   0.175081   0.187339  -0.3739209   0.0002726  -0.057310  -0.002659   0.000032   0.000046  0.0000369  0.0000186    0.000135    0.000038
2003  11  17  52960   0.172797   0.185799  -0.3742854   0.0004935  -0.056951  -0.002423   0.000028   0.000044  0.0000165  0.0000151    0.000088    0.000025
2003  11  18  52961   0.170037   0.184077  -0.3748694   0.0007018  -0.056778  -0.002271   0.000028   0.000041  0.0000163  0.0000143    0.000096    0.000027
2003  11  19  52962   0.167180   0.182165  -0.3756603   0.0008923  -0.056757  -0.002297   0.000034   0.000040  0.0000259  0.0000147    0.000145    0.000039
2003  11  20  52963   0.164348   0.180695  -0.3766351   0.0010262  -0.056863  -0.002261   0.000035   0.000040  0.0000293  0.0000158    0.000264    0.000072
2003  11  21  52964   0.161766   0.179488  -0.3776623   0.0010935  -0.057047  -0.002004   0.000028   0.000042  0.0000161  0.0000199    0.000164    0.000057
2003  11  22  52965   0.159323   0.178695  -0.3787627   0.0010400  -0.057332  -0.001741   0.000030   0.000051  0.0000195  0.0000234    0.000134    0.000047
2003  11  23  52966   0.156593   0.178070  -0.3797146   0.0007966  -0.057615  -0.001738   0.000031   0.000060  0.0000232  0.0000196    0.000121    0.000039
2003  11  24  52967   0.153432   0.177094  -0.3803717   0.0004857  -0.057651  -0.001918   0.000028   0.000047  0.0000095  0.0000157    0.000089    0.000024
2003  11  25  52968   0.149558   0.175836  -0.3806970   0.0001992  -0.057445  -0.001959   0.000027   0.000040  0.0000092  0.0000145    0.000095    0.000025
2003  11  26  52969   0.145206   0.174468  -0.3807706  -0.0000039  -0.057336  -0.001738   0.000028   0.000041  0.0000135  0.0000146    0.000129    0.000031
2003  11  27  52970   0.141181   0.173190  -0.3807004  -0.0000525  -0.057392  -0.001596   0.000034   0.000052  0.0000241  0.0000143    0.000192    0.000038
2003  11  28  52971   0.137850   0.172090  -0.3806671   0.0000411  -0.057389  -0.001744   0.000034   0.000061  0.0000458  0.0000141    0.000218    0.000040
2003  11  29  52972   0.134341   0.170851  -0.3807754   0.0002012  -0.057181  -0.001970   0.000030   0.000053  0.0001604  0.0000156    0.000197    0.000040
2003  11  30  52973   0.130339   0.169353  -0.3810408   0.0003332  -0.056910  -0.001943   0.000032   0.000047  0.0000839  0.0000192    0.000093    0.000038
2003  12   1  52974   0.126377   0.168073  -0.3814395   0.0004399  -0.056780  -0.001642   0.000036   0.000042  0.0000120  0.0000230    0.000093    0.000038
2003  12   2  52975   0.123040   0.166883  -0.3819294   0.0005089  -0.056819  -0.001320   0.000031   0.000040  0.0000114  0.0000208    0.000099    0.000039
2003  12   3  52976   0.120088   0.165672  -0.3824529   0.0005075  -0.057001  -0.001156   0.000027   0.000039  0.0000146  0.0000162    0.000128    0.000042
2003  12   4  52977   0.116980   0.164707  -0.3829646   0.0004410  -0.057071  -0.001076   0.000027   0.000040  0.0000203  0.0000151    0.000201    0.000059
2003  12   5  52978   0.114054   0.164145  -0.3833459   0.0003225  -0.056996  -0.000967   0.000027   0.000043  0.0000219  0.0000151    0.000168    0.000052
2003  12   6  52979   0.111336   0.163797  -0.3836269   0.0002194  -0.056885  -0.000882   0.000032   0.000048  0.0000301  0.0000180    0.000141    0.000043
2003  12   7  52980   0.108424   0.163307  -0.3837895   0.0000705  -0.056772  -0.000960   0.000044   0.000050  0.0000500  0.0000213    0.000136    0.000042
2003  12   8  52981   0.105370   0.162724  -0.3837863  -0.0001252  -0.056661  -0.001214   0.000046   0.000045  0.0000337  0.0000199    0.000075    0.000019
2003  12   9  52982   0.102459   0.162243  -0.3835672  -0.0003209  -0.056566  -0.001499   0.000033   0.000042  0.0000130  0.0000163    0.000074    0.000018
2003  12  10  52983   0.099687   0.161815  -0.3831912  -0.0004248  -0.056395  -0.001669   0.000030   0.000040  0.0000077  0.0000138    0.000081    0.000020
2003  12  11  52984   0.096716   0.161280  -0.3828389  -0.0004040  -0.056004  -0.001734   0.000030   0.000041  0.0000097  0.0000140    0.000123    0.000030
2003  12  12  52985   0.093291   0.160613  -0.3824390  -0.0003241  -0.055513  -0.001767   0.000035   0.000053  0.0000130  0.0000149    0.000191    0.000040
2003  12  13  52986   0.089614   0.159771  -0.3821531  -0.0002129  -0.055097  -0.001778   0.000039   0.000076  0.0000188  0.0000172    0.000173    0.000035
2003  12  14  52987   0.086314   0.159017  -0.3819300  -0.0000582  -0.054832  -0.001710   0.000038   0.000055  0.0000305  0.0000180    0.000164    0.000032
2003  12  15  52988   0.083402   0.158783  -0.3819555   0.0001570  -0.054724  -0.001561   0.000033   0.000044  0.0000094  0.0000148    0.000143    0.000025
2003  12  16  52989   0.080504   0.158715  -0.3822453   0.0003886  -0.054775  -0.001429   0.000027   0.000046  0.0000089  0.0000139    0.000150    0.000027
2003  12  17  52990   0.077520   0.158389  -0.3827506   0.0006299  -0.054906  -0.001391   0.000030   0.000045  0.0000098  0.0000150    0.000108    0.000029
2003  12  18  52991   0.074375   0.157939  -0.3834474   0.0007699  -0.055040  -0.001317   0.000026   0.000040  0.0000063  0.0000152    0.000056    0.000018
2003  12  19  52992   0.071413   0.157533  -0.3842259   0.0007981  -0.055214  -0.001072   0.000022   0.000040  0.0000074  0.0000151    0.000059    0.000019
2003  12  20  52993   0.068805   0.157189  -0.3849971   0.0007465  -0.055591  -0.000775   0.000029   0.000044  0.0000140  0.0000175    0.000078    0.000024
2003  12  21  52994   0.066239   0.156724  -0.3856933   0.0005617  -0.056122  -0.000693   0.000035   0.000046  0.0000273  0.0000198    0.000087    0.000026
2003  12  22  52995   0.063438   0.156162  -0.3861641   0.0002783  -0.056469  -0.000880   0.000029   0.000042  0.0000101  0.0000167    0.000105    0.000028
2003  12  23  52996   0.060261   0.155688  -0.3863102   0.0000811  -0.056415  -0.001091   0.000025   0.000040  0.0000104  0.0000146    0.000105    0.000028
2003  12  24  52997   0.056562   0.155355  -0.3862251   0.0000502  -0.056107  -0.001110   0.000029   0.000041  0.0000140  0.0000137    0.000105    0.000028
2003  12  25  52998   0.052527   0.155026  -0.3861429   0.0001219  -0.055814  -0.001065   0.000033   0.000041  0.0000219  0.0000129    0.000105    0.000028
2003  12  26  52999   0.048834   0.154742  -0.3862451   0.0002601  -0.055573  -0.001146   0.000028   0.000040  0.0000374  0.0000129    0.000105    0.000028
2003  12  27  53000   0.045769   0.154737  -0.3866008   0.0003909  -0.055342  -0.001258   0.000030   0.000049  0.0000162  0.0000158    0.000111    0.000021
2003  12  28  53001   0.042848   0.154966  -0.3871694   0.0005028  -0.055246  -0.001151   0.000033   0.000052  0.0000117  0.0000238    0.000111    0.000021
2003  12  29  53002   0.039839   0.155024  -0.3878438   0.0005698  -0.055411  -0.000801   0.000038   0.000043  0.0000124  0.0000227    0.000111    0.000021
2003  12  30  53003   0.036902   0.154735  -0.3885096   0.0005713  -0.055735  -0.000473   0.000043   0.000041  0.0000145  0.0000179    0.000111    0.000021
2003  12  31  53004   0.033986   0.154396  -0.3890928   0.0005297  -0.056001  -0.000387   0.000044   0.000042  0.0000222  0.0000165    0.000111    0.000021
