

                   INTERNATIONAL EARTH ROTATION SERVICE
                        EARTH ROTATION PARAMETERS
                          EOP (IERS) C04

  
             FORMAT(3(I4),I7,2(F11.6),2(F12.7),2(F12.6),2(F11.6),2(F12.7),2F12.6)
**********************************************************************************
  
      Date      MJD      x          y        UT1-UTC       LOD         dPsi    dEpsilon     x Err     y Err   UT1-UTC Err  Lod Err    dPsi Err   dEpsilon Err
                         "          "           s           s            "         "        "          "          s           s            "         "
     (0h UTC)

1994   1   1  49353   0.010094   0.476426   0.1994989   0.0026532  -0.016555  -0.003581   0.000333   0.000467  0.0000106  0.0000107    0.000141    0.000048
1994   1   2  49354   0.012562   0.476799   0.1967725   0.0027852  -0.016577  -0.003334   0.000303   0.000245  0.0000106  0.0000146    0.000142    0.000048
1994   1   3  49355   0.015198   0.477174   0.1939671   0.0027709  -0.016801  -0.003065   0.000248   0.000171  0.0000130  0.0000282    0.000181    0.000048
1994   1   4  49356   0.017715   0.477884   0.1911824   0.0026868  -0.017090  -0.002835   0.000214   0.000189  0.0000131  0.0000342    0.000182    0.000048
1994   1   5  49357   0.020764   0.478656   0.1884993   0.0026033  -0.017411  -0.002644   0.000152   0.000160  0.0000140  0.0000255    0.000195    0.000052
1994   1   6  49358   0.023622   0.479315   0.1859625   0.0024648  -0.017837  -0.002521   0.000157   0.000138  0.0000199  0.0000131    0.000296    0.000075
1994   1   7  49359   0.026261   0.479784   0.1835637   0.0022821  -0.018374  -0.002513   0.000212   0.000186  0.0000237  0.0000102    0.000749    0.000158
1994   1   8  49360   0.029241   0.480083   0.1813297   0.0021323  -0.018861  -0.002678   0.000228   0.000352  0.0000253  0.0000104    0.000952    0.000201
1994   1   9  49361   0.031844   0.480307   0.1792479   0.0020355  -0.019089  -0.002955   0.000214   0.000388  0.0000763  0.0000104    0.000733    0.000179
1994   1  10  49362   0.033937   0.480369   0.1772469   0.0019868  -0.018987  -0.003162   0.000224   0.000338  0.0000461  0.0000099    0.000337    0.000100
1994   1  11  49363   0.035994   0.479959   0.1752695   0.0020070  -0.018624  -0.003140   0.000184   0.000348  0.0000215  0.0000097    0.000314    0.000087
1994   1  12  49364   0.038139   0.479770   0.1732331   0.0021091  -0.018194  -0.002901   0.000122   0.000230  0.0000158  0.0000101    0.000225    0.000058
1994   1  13  49365   0.040644   0.479625   0.1710535   0.0022563  -0.017870  -0.002658   0.000082   0.000152  0.0000099  0.0000128    0.000142    0.000039
1994   1  14  49366   0.043373   0.479079   0.1687402   0.0023722  -0.017636  -0.002546   0.000070   0.000125  0.0000084  0.0000129    0.000116    0.000035
1994   1  15  49367   0.046051   0.478893   0.1663676   0.0023959  -0.017523  -0.002640   0.000057   0.000111  0.0000064  0.0000129    0.000091    0.000028
1994   1  16  49368   0.048433   0.479062   0.1640211   0.0023489  -0.017651  -0.002819   0.000056   0.000108  0.0000064  0.0000122    0.000094    0.000027
1994   1  17  49369   0.050450   0.479215   0.1617321   0.0022912  -0.017914  -0.002966   0.000059   0.000112  0.0000080  0.0000092    0.000098    0.000030
1994   1  18  49370   0.052353   0.479198   0.1594780   0.0022296  -0.018189  -0.002995   0.000060   0.000107  0.0000088  0.0000090    0.000094    0.000031
1994   1  19  49371   0.054094   0.478739   0.1572866   0.0021260  -0.018404  -0.002952   0.000065   0.000101  0.0000095  0.0000116    0.000105    0.000031
1994   1  20  49372   0.055644   0.478193   0.1552179   0.0020270  -0.018470  -0.003014   0.000062   0.000099  0.0000081  0.0000128    0.000089    0.000032
1994   1  21  49373   0.057461   0.477728   0.1532322   0.0019716  -0.018405  -0.003219   0.000055   0.000099  0.0000065  0.0000104    0.000079    0.000031
1994   1  22  49374   0.059523   0.476926   0.1512767   0.0019284  -0.018313  -0.003434   0.000053   0.000108  0.0000060  0.0000099    0.000072    0.000028
1994   1  23  49375   0.062018   0.476079   0.1493518   0.0019207  -0.018202  -0.003485   0.000059   0.000110  0.0000066  0.0000099    0.000079    0.000028
1994   1  24  49376   0.064782   0.475985   0.1474200   0.0019438  -0.018163  -0.003490   0.000065   0.000114  0.0000079  0.0000099    0.000096    0.000031
1994   1  25  49377   0.067661   0.476296   0.1454460   0.0020091  -0.018150  -0.003546   0.000062   0.000101  0.0000076  0.0000096    0.000100    0.000031
1994   1  26  49378   0.070410   0.476267   0.1433656   0.0021669  -0.018069  -0.003718   0.000077   0.000124  0.0000088  0.0000093    0.000122    0.000038
1994   1  27  49379   0.073200   0.475423   0.1410863   0.0023853  -0.017878  -0.003940   0.000139   0.000181  0.0000139  0.0000093    0.000173    0.000055
1994   1  28  49380   0.076089   0.474606   0.1385922   0.0025973  -0.017621  -0.003972   0.000245   0.000221  0.0000275  0.0000093    0.000196    0.000064
1994   1  29  49381   0.078766   0.474022   0.1359131   0.0027428  -0.017409  -0.003681   0.000340   0.000420  0.0000690  0.0000098    0.000197    0.000065
1994   1  30  49382   0.081038   0.472940   0.1331112   0.0028014  -0.017494  -0.003277   0.000202   0.000534  0.0002153  0.0000110    0.000197    0.000065
1994   1  31  49383   0.083310   0.471966   0.1303409   0.0027803  -0.017866  -0.003018   0.000155   0.000431  0.0001612  0.0000120    0.000175    0.000050
1994   2   1  49384   0.085867   0.471201   0.1275842   0.0026647  -0.018329  -0.003007   0.000145   0.000265  0.0000210  0.0000130    0.000177    0.000051
1994   2   2  49385   0.089214   0.470289   0.1249625   0.0024764  -0.018721  -0.003153   0.000133   0.000133  0.0000162  0.0000134    0.000191    0.000056
1994   2   3  49386   0.092086   0.469541   0.1225650   0.0022832  -0.019076  -0.003339   0.000151   0.000137  0.0000213  0.0000134    0.000260    0.000072
1994   2   4  49387   0.094756   0.469123   0.1203302   0.0021122  -0.019422  -0.003433   0.000155   0.000230  0.0000477  0.0000132    0.000402    0.000098
1994   2   5  49388   0.096979   0.468638   0.1182794   0.0019817  -0.019770  -0.003504   0.000150   0.000173  0.0001833  0.0000129    0.000482    0.000113
1994   2   6  49389   0.099193   0.467597   0.1163443   0.0019076  -0.019968  -0.003629   0.000188   0.000171  0.0002061  0.0000132    0.000254    0.000086
1994   2   7  49390   0.101546   0.466400   0.1144617   0.0019173  -0.019805  -0.003789   0.000273   0.000293  0.0000622  0.0000161    0.000249    0.000084
1994   2   8  49391   0.103454   0.465566   0.1125060   0.0020207  -0.019251  -0.003914   0.000200   0.000260  0.0000253  0.0000156    0.000240    0.000077
1994   2   9  49392   0.105377   0.464719   0.1104163   0.0021447  -0.018523  -0.004004   0.000137   0.000183  0.0000183  0.0000130    0.000217    0.000063
1994   2  10  49393   0.107619   0.463719   0.1082173   0.0022506  -0.017960  -0.003958   0.000172   0.000226  0.0000253  0.0000156    0.000227    0.000063
1994   2  11  49394   0.109644   0.462674   0.1059501   0.0023384  -0.017678  -0.003897   0.000295   0.000329  0.0000435  0.0000151    0.000666    0.000188
1994   2  12  49395   0.111242   0.461516   0.1035860   0.0023742  -0.017544  -0.003931   0.000274   0.000357  0.0000462  0.0000120    0.000971    0.000282
1994   2  13  49396   0.112718   0.460286   0.1012792   0.0023709  -0.017547  -0.004069   0.000299   0.000583  0.0001203  0.0000114    0.000997    0.000268
1994   2  14  49397   0.114523   0.459306   0.0989968   0.0023562  -0.017807  -0.004241   0.000255   0.000398  0.0000586  0.0000114    0.000971    0.000192
1994   2  15  49398   0.116621   0.458395   0.0966033   0.0023079  -0.018302  -0.004379   0.000145   0.000307  0.0000238  0.0000114    0.000528    0.000133
1994   2  16  49399   0.118608   0.457001   0.0943730   0.0022285  -0.018932  -0.004579   0.000112   0.000275  0.0000161  0.0000117    0.000315    0.000088
1994   2  17  49400   0.120840   0.455828   0.0922407   0.0021415  -0.019210  -0.004456   0.000131   0.000273  0.0000212  0.0000123    0.000376    0.000105
1994   2  18  49401   0.122778   0.454568   0.0901435   0.0020657  -0.018783  -0.004301   0.000144   0.000310  0.0000475  0.0000162    0.000583    0.000159
1994   2  19  49402   0.124342   0.452792   0.0880798   0.0019952  -0.017960  -0.004189   0.000128   0.000355  0.0001748  0.0000275    0.000764    0.000202
1994   2  20  49403   0.126046   0.450974   0.0860678   0.0019836  -0.017163  -0.004076   0.000125   0.000397  0.0002753  0.0000184    0.001140    0.000284
1994   2  21  49404   0.128357   0.449704   0.0840016   0.0020710  -0.016717  -0.004033   0.000148   0.000299  0.0000901  0.0000142    0.001139    0.000281
1994   2  22  49405   0.131133   0.449180   0.0818660   0.0022131  -0.016925  -0.004278   0.000146   0.000144  0.0000388  0.0000138    0.001069    0.000247
1994   2  23  49406   0.134012   0.448883   0.0795319   0.0024273  -0.018082  -0.004984   0.000118   0.000112  0.0000254  0.0000135    0.000980    0.000203
1994   2  24  49407   0.136568   0.448695   0.0769651   0.0027104  -0.019435  -0.005862   0.000150   0.000145  0.0000273  0.0000133    0.001319    0.000268
1994   2  25  49408   0.138446   0.448565   0.0740935   0.0029981  -0.020435  -0.006442   0.000281   0.000292  0.0000514  0.0000135    0.002412    0.000504
1994   2  26  49409   0.139964   0.447979   0.0709562   0.0032220  -0.020910  -0.006451   0.000289   0.000404  0.0002793  0.0000137    0.004440    0.001061
1994   2  27  49410   0.141057   0.446760   0.0676453   0.0033513  -0.020935  -0.006030   0.000165   0.000546  0.0003289  0.0000131    0.000974    0.000188
1994   2  28  49411   0.141910   0.446203   0.0642711   0.0033718  -0.020587  -0.005534   0.000128   0.001020  0.0002339  0.0000123    0.000330    0.000063
1994   3   1  49412   0.142947   0.445371   0.0609085   0.0032718  -0.019860  -0.005173   0.000144   0.000660  0.0000700  0.0000118    0.000330    0.000063
1994   3   2  49413   0.144095   0.443317   0.0577480   0.0030884  -0.018811  -0.004911   0.000135   0.000362  0.0000365  0.0000117    0.000330    0.000063
1994   3   3  49414   0.145336   0.441494   0.0548185   0.0028957  -0.017918  -0.004757   0.000118   0.000387  0.0000345  0.0000119    0.000330    0.000063
1994   3   4  49415   0.146485   0.439876   0.0519878   0.0027122  -0.017285  -0.004676   0.000123   0.000647  0.0000732  0.0000117    0.000330    0.000063
1994   3   5  49416   0.147290   0.438073   0.0493412   0.0025684  -0.017024  -0.004713   0.000155   0.000724  0.0001189  0.0000115    0.000343    0.000066
1994   3   6  49417   0.147984   0.436117   0.0468304   0.0025114  -0.017153  -0.004881   0.000299   0.001047  0.0001412  0.0000120    0.001553    0.000287
1994   3   7  49418   0.148947   0.434457   0.0443713   0.0025019  -0.017506  -0.005124   0.000385   0.001126  0.0000739  0.0000161    0.001227    0.000218
1994   3   8  49419   0.149885   0.432886   0.0418766   0.0025250  -0.017864  -0.005365   0.000298   0.000516  0.0000378  0.0000305    0.000635    0.000108
1994   3   9  49420   0.150793   0.431055   0.0393445   0.0025707  -0.018118  -0.005540   0.000179   0.000273  0.0000208  0.0000309    0.000351    0.000059
1994   3  10  49421   0.151896   0.429515   0.0367213   0.0026327  -0.018328  -0.005613   0.000192   0.000304  0.0000220  0.0000163    0.000324    0.000055
1994   3  11  49422   0.153090   0.427789   0.0339974   0.0026549  -0.018495  -0.005596   0.000395   0.000619  0.0000766  0.0000126    0.000946    0.000162
1994   3  12  49423   0.154270   0.425735   0.0313442   0.0025990  -0.018561  -0.005568   0.000555   0.000826  0.0001815  0.0000123    0.001403    0.000244
1994   3  13  49424   0.155719   0.423934   0.0287941   0.0025286  -0.018474  -0.005622   0.000464   0.000844  0.0000492  0.0000120    0.000641    0.000169
1994   3  14  49425   0.157397   0.422589   0.0263150   0.0024552  -0.018258  -0.005784   0.000285   0.000429  0.0000132  0.0000119    0.000226    0.000070
1994   3  15  49426   0.158969   0.421461   0.0238848   0.0023645  -0.017952  -0.005998   0.000170   0.000237  0.0000150  0.0000114    0.000229    0.000069
1994   3  16  49427   0.160020   0.420338   0.0215615   0.0022813  -0.017493  -0.006207   0.000161   0.000221  0.0000174  0.0000114    0.000243    0.000068
1994   3  17  49428   0.161476   0.418541   0.0193208   0.0022141  -0.017312  -0.006416   0.000205   0.000233  0.0000203  0.0000117    0.000257    0.000071
1994   3  18  49429   0.162968   0.416720   0.0171524   0.0021550  -0.017618  -0.006633   0.000278   0.000297  0.0000342  0.0000123    0.000298    0.000077
1994   3  19  49430   0.163607   0.415148   0.0150953   0.0021076  -0.018070  -0.006843   0.000397   0.000576  0.0000731  0.0000162    0.000347    0.000079
1994   3  20  49431   0.163752   0.413836   0.0130186   0.0021025  -0.018198  -0.006934   0.000461   0.000506  0.0001230  0.0000180    0.000360    0.000079
1994   3  21  49432   0.164080   0.412387   0.0108364   0.0021856  -0.017963  -0.006797   0.000290   0.000362  0.0001197  0.0000148    0.000298    0.000065
1994   3  22  49433   0.164314   0.410393   0.0085013   0.0023631  -0.017454  -0.006559   0.000203   0.000249  0.0000486  0.0000146    0.000286    0.000062
1994   3  23  49434   0.164492   0.408257   0.0060166   0.0025874  -0.017043  -0.006473   0.000161   0.000126  0.0000240  0.0000148    0.000264    0.000061
1994   3  24  49435   0.165116   0.406073   0.0033418   0.0028398  -0.017101  -0.006604   0.000122   0.000091  0.0000167  0.0000189    0.000220    0.000059
1994   3  25  49436   0.166270   0.404421   0.0004071   0.0031092  -0.017225  -0.006732   0.000141   0.000086  0.0000171  0.0000362    0.000252    0.000073
1994   3  26  49437   0.167611   0.402967  -0.0027423   0.0032766  -0.017256  -0.006616   0.000205   0.000094  0.0000190  0.0000344    0.000351    0.000107
1994   3  27  49438   0.168646   0.401075  -0.0060104   0.0032565  -0.017281  -0.006346   0.000256   0.000135  0.0000261  0.0000176    0.000390    0.000121
1994   3  28  49439   0.169499   0.399243  -0.0092568   0.0031059  -0.017356  -0.006232   0.000413   0.000337  0.0001226  0.0000128    0.000276    0.000050
1994   3  29  49440   0.170266   0.397325  -0.0123429   0.0029067  -0.017420  -0.006417   0.000325   0.000474  0.0000397  0.0000118    0.000262    0.000047
1994   3  30  49441   0.170768   0.395064  -0.0151493   0.0027110  -0.017396  -0.006731   0.000196   0.000276  0.0000205  0.0000114    0.000262    0.000047
1994   3  31  49442   0.171464   0.392936  -0.0177517   0.0025470  -0.017341  -0.006939   0.000220   0.000282  0.0000217  0.0000114    0.000262    0.000047
1994   4   1  49443   0.173212   0.391209  -0.0202430   0.0024352  -0.017228  -0.007055   0.000428   0.000589  0.0000614  0.0000117    0.000262    0.000047
1994   4   2  49444   0.175071   0.389987  -0.0226118   0.0023865  -0.017057  -0.007174   0.000302   0.000732  0.0002795  0.0000126    0.000262    0.000047
1994   4   3  49445   0.176516   0.388435  -0.0249732   0.0024150  -0.016942  -0.007285   0.000135   0.000441  0.0003684  0.0000163    0.000240    0.000058
1994   4   4  49446   0.177894   0.386576  -0.0274176   0.0024905  -0.016999  -0.007331   0.000129   0.000333  0.0002195  0.0000177    0.000239    0.000059
1994   4   5  49447   0.178895   0.384663  -0.0299032   0.0025386  -0.017142  -0.007339   0.000172   0.000310  0.0000528  0.0000189    0.000239    0.000059
1994   4   6  49448   0.179857   0.382912  -0.0324037   0.0025439  -0.017165  -0.007379   0.000103   0.000266  0.0000293  0.0000314    0.000239    0.000059
1994   4   7  49449   0.180867   0.381294  -0.0349698   0.0025637  -0.016969  -0.007479   0.000105   0.000265  0.0000407  0.0000208    0.000239    0.000059
1994   4   8  49450   0.181567   0.379470  -0.0376135   0.0026019  -0.016726  -0.007535   0.000195   0.000249  0.0001107  0.0000158    0.000239    0.000059
1994   4   9  49451   0.182047   0.377348  -0.0402664   0.0026071  -0.016619  -0.007505   0.000270   0.000143  0.0001960  0.0000156    0.000239    0.000059
1994   4  10  49452   0.182633   0.375526  -0.0428748   0.0025709  -0.016688  -0.007475   0.000318   0.000148  0.0002139  0.0000163    0.000395    0.000060
1994   4  11  49453   0.183194   0.374160  -0.0454206   0.0024948  -0.016862  -0.007543   0.000417   0.000275  0.0001570  0.0000200    0.000406    0.000060
1994   4  12  49454   0.183394   0.372765  -0.0478682   0.0023880  -0.017026  -0.007685   0.000297   0.000189  0.0000431  0.0000191    0.000410    0.000061
1994   4  13  49455   0.183062   0.371020  -0.0502105   0.0022947  -0.017080  -0.007773   0.000175   0.000148  0.0000225  0.0000144    0.000440    0.000065
1994   4  14  49456   0.182782   0.368852  -0.0526641   0.0021865  -0.017030  -0.007730   0.000191   0.000189  0.0000329  0.0000136    0.000648    0.000096
1994   4  15  49457   0.182833   0.366729  -0.0546765   0.0021115  -0.016956  -0.007676   0.000370   0.000379  0.0000902  0.0000134    0.001504    0.000222
1994   4  16  49458   0.183073   0.364635  -0.0567735   0.0021286  -0.016974  -0.007706   0.000290   0.000482  0.0002025  0.0000129    0.003478    0.000514
1994   4  17  49459   0.183283   0.362134  -0.0588698   0.0021773  -0.017014  -0.007765   0.000220   0.000469  0.0002745  0.0000126    0.004232    0.001028
1994   4  18  49460   0.183236   0.359953  -0.0610165   0.0022480  -0.016808  -0.007736   0.000200   0.000394  0.0000757  0.0000123    0.001388    0.000366
1994   4  19  49461   0.183131   0.358370  -0.0633154   0.0023800  -0.016241  -0.007613   0.000182   0.000250  0.0000279  0.0000120    0.000475    0.000126
1994   4  20  49462   0.183631   0.356894  -0.0658341   0.0025656  -0.015569  -0.007553   0.000141   0.000122  0.0000165  0.0000120    0.000240    0.000064
1994   4  21  49463   0.183914   0.355534  -0.0685092   0.0027554  -0.015224  -0.007631   0.000144   0.000098  0.0000233  0.0000148    0.000203    0.000054
1994   4  22  49464   0.183547   0.354235  -0.0713510   0.0029728  -0.015320  -0.007714   0.000186   0.000131  0.0000711  0.0000149    0.000199    0.000053
1994   4  23  49465   0.182992   0.352843  -0.0743687   0.0031481  -0.015687  -0.007605   0.000210   0.000271  0.0001784  0.0000124    0.000206    0.000055
1994   4  24  49466   0.182915   0.350747  -0.0775133   0.0031781  -0.016152  -0.007338   0.000264   0.000375  0.0001610  0.0000132    0.000551    0.000177
1994   4  25  49467   0.182888   0.348585  -0.0806484   0.0030635  -0.016583  -0.007202   0.000371   0.000408  0.0000367  0.0000178    0.000511    0.000160
1994   4  26  49468   0.182680   0.346568  -0.0836340   0.0028478  -0.016849  -0.007362   0.000275   0.000350  0.0000234  0.0000344    0.000363    0.000105
1994   4  27  49469   0.182665   0.344041  -0.0863989   0.0026487  -0.016885  -0.007694   0.000188   0.000262  0.0000208  0.0000344    0.000239    0.000066
1994   4  28  49470   0.182829   0.341123  -0.0890101   0.0025234  -0.016826  -0.007843   0.000230   0.000313  0.0000241  0.0000179    0.000241    0.000067
1994   4  29  49471   0.182862   0.338497  -0.0914706   0.0024626  -0.016670  -0.007831   0.000171   0.000289  0.0000152  0.0000135    0.000143    0.000041
1994   4  30  49472   0.183253   0.335991  -0.0939029   0.0024638  -0.016366  -0.007867   0.000166   0.000284  0.0000138  0.0000128    0.000111    0.000032
1994   5   1  49473   0.183692   0.334106  -0.0963690   0.0024949  -0.016083  -0.007993   0.000337   0.000420  0.0000352  0.0000119    0.000107    0.000031
1994   5   2  49474   0.184059   0.332333  -0.0989344   0.0025515  -0.016131  -0.008065   0.000403   0.000467  0.0001038  0.0000111    0.000163    0.000047
1994   5   3  49475   0.184522   0.330297  -0.1015315   0.0026053  -0.016524  -0.008047   0.000229   0.000358  0.0000301  0.0000109    0.000190    0.000054
1994   5   4  49476   0.185185   0.328102  -0.1041335   0.0026427  -0.016888  -0.008020   0.000144   0.000241  0.0000171  0.0000111    0.000190    0.000054
1994   5   5  49477   0.185322   0.326056  -0.1067746   0.0026495  -0.016899  -0.008000   0.000160   0.000265  0.0000241  0.0000118    0.000190    0.000054
1994   5   6  49478   0.185205   0.324000  -0.1094323   0.0025871  -0.016697  -0.007935   0.000261   0.000432  0.0000744  0.0000123    0.000190    0.000054
1994   5   7  49479   0.185471   0.321494  -0.1119990   0.0025043  -0.016628  -0.007797   0.000282   0.000471  0.0002554  0.0000149    0.000189    0.000055
1994   5   8  49480   0.185853   0.318767  -0.1144583   0.0024338  -0.016830  -0.007686   0.000361   0.000516  0.0002289  0.0000149    0.000182    0.000076
1994   5   9  49481   0.186403   0.316268  -0.1168605   0.0023645  -0.017140  -0.007755   0.000224   0.000263  0.0000378  0.0000123    0.000183    0.000076
1994   5  10  49482   0.186983   0.314166  -0.1191887   0.0022893  -0.017315  -0.008021   0.000127   0.000152  0.0000269  0.0000125    0.000188    0.000072
1994   5  11  49483   0.187984   0.312194  -0.1214217   0.0022281  -0.017243  -0.008320   0.000119   0.000182  0.0000205  0.0000123    0.000190    0.000057
1994   5  12  49484   0.188456   0.310309  -0.1236162   0.0021830  -0.016932  -0.008493   0.000122   0.000162  0.0000123  0.0000120    0.000152    0.000040
1994   5  13  49485   0.188929   0.308542  -0.1257660   0.0021594  -0.016552  -0.008585   0.000155   0.000198  0.0000116  0.0000118    0.000184    0.000048
1994   5  14  49486   0.189143   0.306378  -0.1279318   0.0021645  -0.016306  -0.008610   0.000313   0.000474  0.0000226  0.0000124    0.000353    0.000095
1994   5  15  49487   0.188771   0.304024  -0.1301165   0.0022011  -0.016288  -0.008557   0.000473   0.001178  0.0000658  0.0000126    0.000566    0.000160
1994   5  16  49488   0.188061   0.301966  -0.1323502   0.0023039  -0.016400  -0.008461   0.000465   0.001601  0.0000900  0.0000117    0.001222    0.000372
1994   5  17  49489   0.187574   0.299934  -0.1347045   0.0024538  -0.016455  -0.008322   0.000313   0.000609  0.0000262  0.0000111    0.000437    0.000128
1994   5  18  49490   0.187334   0.297870  -0.1372477   0.0025826  -0.016479  -0.008225   0.000175   0.000306  0.0000139  0.0000108    0.000233    0.000068
1994   5  19  49491   0.187064   0.296000  -0.1399515   0.0026833  -0.016647  -0.008264   0.000194   0.000330  0.0000174  0.0000111    0.000286    0.000082
1994   5  20  49492   0.187108   0.293694  -0.1427842   0.0027692  -0.016894  -0.008234   0.000382   0.000586  0.0000393  0.0000140    0.000555    0.000154
1994   5  21  49493   0.186671   0.291693  -0.1456403   0.0027898  -0.017115  -0.007966   0.000470   0.000584  0.0000849  0.0000152    0.000810    0.000212
1994   5  22  49494   0.186303   0.290093  -0.1483587   0.0027220  -0.017323  -0.007595   0.000366   0.000285  0.0001783  0.0000154    0.000389    0.000126
1994   5  23  49495   0.185932   0.288661  -0.1508538   0.0025437  -0.017460  -0.007380   0.000284   0.000209  0.0001104  0.0000155    0.000374    0.000119
1994   5  24  49496   0.184353   0.287278  -0.1531608   0.0022969  -0.017540  -0.007469   0.000226   0.000186  0.0000394  0.0000132    0.000314    0.000092
1994   5  25  49497   0.182854   0.285532  -0.1553433   0.0020822  -0.017745  -0.007744   0.000155   0.000165  0.0000235  0.0000134    0.000232    0.000062
1994   5  26  49498   0.181648   0.283443  -0.1573466   0.0019440  -0.017928  -0.007958   0.000161   0.000206  0.0000300  0.0000136    0.000300    0.000079
1994   5  27  49499   0.180362   0.281169  -0.1593283   0.0018812  -0.017938  -0.008000   0.000238   0.000406  0.0000502  0.0000178    0.000555    0.000150
1994   5  28  49500   0.179004   0.278992  -0.1612089   0.0018663  -0.017632  -0.007976   0.000268   0.000508  0.0001625  0.0000336    0.000749    0.000207
1994   5  29  49501   0.178461   0.276690  -0.1631038   0.0019088  -0.017217  -0.008011   0.000293   0.000472  0.0003170  0.0000421    0.000601    0.000179
1994   5  30  49502   0.177442   0.274360  -0.1650346   0.0019656  -0.017093  -0.008047   0.000389   0.000533  0.0000787  0.0000405    0.000159    0.000052
1994   5  31  49503   0.175473   0.272079  -0.1670139   0.0020005  -0.017421  -0.008033   0.000323   0.000472  0.0000243  0.0000392    0.000159    0.000052
1994   6   1  49504   0.174254   0.269573  -0.1690326   0.0020139  -0.017897  -0.008021   0.000171   0.000239  0.0000177  0.0000396    0.000160    0.000053
1994   6   2  49505   0.173795   0.267347  -0.1710441   0.0019957  -0.018208  -0.008111   0.000174   0.000213  0.0000176  0.0000387    0.000200    0.000065
1994   6   3  49506   0.173245   0.265501  -0.1730025   0.0019254  -0.018304  -0.008176   0.000452   0.000283  0.0000518  0.0000368    0.000511    0.000150
1994   6   4  49507   0.172033   0.263689  -0.1748923   0.0018209  -0.018501  -0.008072   0.000699   0.000359  0.0001299  0.0000284    0.000673    0.000184
1994   6   5  49508   0.170682   0.261717  -0.1766700   0.0017079  -0.018964  -0.007917   0.000450   0.000448  0.0002169  0.0000146    0.000679    0.000185
1994   6   6  49509   0.169151   0.260078  -0.1783221   0.0015755  -0.019501  -0.007858   0.000375   0.000597  0.0001571  0.0000114    0.000293    0.000069
1994   6   7  49510   0.167260   0.258413  -0.1798638   0.0014635  -0.019810  -0.007966   0.000453   0.000556  0.0000454  0.0000141    0.000292    0.000068
1994   6   8  49511   0.165996   0.256492  -0.1813048   0.0014284  -0.019762  -0.008167   0.000359   0.000361  0.0000242  0.0000158    0.000303    0.000070
1994   6   9  49512   0.165683   0.254467  -0.1827008   0.0014441  -0.019417  -0.008349   0.000336   0.000351  0.0000264  0.0000136    0.000353    0.000076
1994   6  10  49513   0.164632   0.252309  -0.1840943   0.0014452  -0.019105  -0.008503   0.000435   0.000498  0.0000638  0.0000166    0.000409    0.000081
1994   6  11  49514   0.163575   0.250251  -0.1855320   0.0014903  -0.019045  -0.008689   0.000380   0.000684  0.0001847  0.0000149    0.000423    0.000082
1994   6  12  49515   0.162683   0.248194  -0.1870938   0.0015943  -0.019264  -0.008882   0.000349   0.000638  0.0002627  0.0000114    0.000426    0.000083
1994   6  13  49516   0.161631   0.245911  -0.1887986   0.0017298  -0.019666  -0.008987   0.000320   0.000433  0.0001596  0.0000108    0.000454    0.000091
1994   6  14  49517   0.160845   0.243461  -0.1906507   0.0019020  -0.019971  -0.008874   0.000250   0.000208  0.0000406  0.0000108    0.000457    0.000092
1994   6  15  49518   0.160056   0.241318  -0.1926381   0.0020502  -0.019899  -0.008475   0.000194   0.000157  0.0000204  0.0000108    0.000481    0.000097
1994   6  16  49519   0.159405   0.239616  -0.1947253   0.0021301  -0.019390  -0.007771   0.000197   0.000159  0.0000264  0.0000108    0.000614    0.000124
1994   6  17  49520   0.158734   0.237999  -0.1968409   0.0021502  -0.019000  -0.007121   0.000235   0.000213  0.0000586  0.0000114    0.000820    0.000166
1994   6  18  49521   0.157679   0.236260  -0.1989527   0.0020816  -0.019093  -0.006704   0.000247   0.000420  0.0001969  0.0000146    0.000881    0.000180
1994   6  19  49522   0.156315   0.234595  -0.2009897   0.0019264  -0.019637  -0.006560   0.000230   0.000471  0.0001139  0.0000147    0.000196    0.000073
1994   6  20  49523   0.154593   0.232725  -0.2028171   0.0017193  -0.020372  -0.006749   0.000158   0.000273  0.0000165  0.0000117    0.000189    0.000071
1994   6  21  49524   0.152771   0.230381  -0.2044160   0.0015068  -0.021005  -0.007175   0.000106   0.000138  0.0000152  0.0000114    0.000197    0.000071
1994   6  22  49525   0.151171   0.227957  -0.2058236   0.0013401  -0.021373  -0.007504   0.000107   0.000118  0.0000178  0.0000117    0.000228    0.000071
1994   6  23  49526   0.149913   0.225723  -0.2071175   0.0012492  -0.021577  -0.007586   0.000148   0.000163  0.0000234  0.0000120    0.000256    0.000071
1994   6  24  49527   0.148526   0.223801  -0.2083613   0.0012094  -0.021616  -0.007408   0.000184   0.000292  0.0000654  0.0000123    0.000329    0.000091
1994   6  25  49528   0.146868   0.222050  -0.2095669   0.0012167  -0.021457  -0.007175   0.000175   0.000204  0.0000288  0.0000131    0.000511    0.000153
1994   6  26  49529   0.145260   0.220135  -0.2107957   0.0012792  -0.021221  -0.007123   0.000177   0.000168  0.0000186  0.0000134    0.000515    0.000152
1994   6  27  49530   0.143586   0.218174  -0.2121115   0.0013371  -0.021196  -0.007313   0.000203   0.000211  0.0000216  0.0000132    0.000633    0.000132
1994   6  28  49531   0.141830   0.216443  -0.2134708   0.0013510  -0.021636  -0.007537   0.000200   0.000261  0.0000250  0.0000132    0.000457    0.000107
1994   6  29  49532   0.139889   0.214912  -0.2147944   0.0013116  -0.022345  -0.007640   0.000171   0.000152  0.0000199  0.0000132    0.000270    0.000081
1994   6  30  49533   0.138098   0.213572  -0.2160455   0.0012130  -0.022708  -0.007733   0.000153   0.000149  0.0000173  0.0000136    0.000273    0.000085
1994   7   1  49534   0.136414   0.212201   0.7828073   0.0011067  -0.022582  -0.007837   0.000107   0.000138  0.0000098  0.0000167    0.000158    0.000050
1994   7   2  49535   0.135002   0.210838   0.7817891   0.0010422  -0.022426  -0.007872   0.000113   0.000125  0.0000075  0.0000151    0.000124    0.000039
1994   7   3  49536   0.133213   0.209467   0.7808612   0.0009873  -0.022650  -0.007809   0.000217   0.000190  0.0000072  0.0000120    0.000119    0.000038
1994   7   4  49537   0.131204   0.208390   0.7799310   0.0009366  -0.023122  -0.007754   0.000411   0.000516  0.0000103  0.0000117    0.000160    0.000050
1994   7   5  49538   0.129321   0.207093   0.7789406   0.0009099  -0.023598  -0.007737   0.000284   0.000463  0.0000123  0.0000114    0.000176    0.000054
1994   7   6  49539   0.127536   0.205506   0.7779288   0.0008896  -0.023894  -0.007740   0.000157   0.000233  0.0000142  0.0000117    0.000176    0.000055
1994   7   7  49540   0.125813   0.204023   0.7769828   0.0008912  -0.023921  -0.007753   0.000137   0.000194  0.0000196  0.0000153    0.000188    0.000063
1994   7   8  49541   0.123911   0.202293   0.7761272   0.0009725  -0.023689  -0.007777   0.000132   0.000230  0.0000312  0.0000243    0.000192    0.000076
1994   7   9  49542   0.122210   0.200795   0.7750576   0.0011359  -0.023297  -0.007833   0.000132   0.000305  0.0000374  0.0000146    0.000174    0.000065
1994   7  10  49543   0.120585   0.199731   0.7737901   0.0013208  -0.023235  -0.007849   0.000203   0.000474  0.0000700  0.0000114    0.000166    0.000060
1994   7  11  49544   0.118795   0.198530   0.7723435   0.0015132  -0.023555  -0.007791   0.000214   0.000296  0.0000376  0.0000140    0.000221    0.000053
1994   7  12  49545   0.117000   0.197376   0.7707317   0.0016987  -0.024126  -0.007643   0.000171   0.000161  0.0000240  0.0000146    0.000220    0.000053
1994   7  13  49546   0.115468   0.196350   0.7689495   0.0018458  -0.024583  -0.007393   0.000125   0.000125  0.0000164  0.0000121    0.000190    0.000049
1994   7  14  49547   0.113698   0.195150   0.7671105   0.0019437  -0.024744  -0.007394   0.000101   0.000116  0.0000108  0.0000155    0.000142    0.000041
1994   7  15  49548   0.111742   0.193873   0.7651271   0.0019519  -0.024710  -0.007501   0.000122   0.000133  0.0000108  0.0000303    0.000176    0.000051
1994   7  16  49549   0.109655   0.192634   0.7632722   0.0018676  -0.024705  -0.007426   0.000207   0.000211  0.0000246  0.0000392    0.000402    0.000105
1994   7  17  49550   0.107764   0.191307   0.7615095   0.0017647  -0.024907  -0.007147   0.000297   0.000441  0.0000838  0.0000307    0.000519    0.000138
1994   7  18  49551   0.106027   0.189863   0.7597898   0.0016459  -0.025338  -0.006975   0.000343   0.000444  0.0000226  0.0000155    0.000186    0.000066
1994   7  19  49552   0.103965   0.187667   0.7581932   0.0014788  -0.025862  -0.007118   0.000202   0.000246  0.0000171  0.0000117    0.000189    0.000065
1994   7  20  49553   0.102013   0.185707   0.7567758   0.0013373  -0.026314  -0.007652   0.000156   0.000236  0.0000215  0.0000114    0.000214    0.000066
1994   7  21  49554   0.100259   0.184126   0.7555091   0.0012863  -0.026365  -0.008019   0.000196   0.000344  0.0000340  0.0000114    0.000336    0.000097
1994   7  22  49555   0.098466   0.182971   0.7541763   0.0013239  -0.026004  -0.008004   0.000329   0.000487  0.0000620  0.0000117    0.000651    0.000206
1994   7  23  49556   0.096570   0.181752   0.7528192   0.0014109  -0.025524  -0.007737   0.000378   0.000547  0.0001913  0.0000117    0.000652    0.000221
1994   7  24  49557   0.094610   0.179930   0.7513910   0.0014826  -0.025245  -0.007470   0.000363   0.000383  0.0005652  0.0000114    0.000671    0.000228
1994   7  25  49558   0.092864   0.178415   0.7498535   0.0015129  -0.025313  -0.007361   0.000368   0.000284  0.0001434  0.0000114    0.001755    0.000410
1994   7  26  49559   0.090977   0.177475   0.7482977   0.0015232  -0.025760  -0.007434   0.000251   0.000242  0.0000377  0.0000116    0.000659    0.000154
1994   7  27  49560   0.088638   0.176859   0.7468086   0.0014982  -0.026398  -0.007594   0.000131   0.000183  0.0000189  0.0000113    0.000336    0.000079
1994   7  28  49561   0.086099   0.176418   0.7453637   0.0014495  -0.026850  -0.007719   0.000115   0.000190  0.0000182  0.0000109    0.000202    0.000051
1994   7  29  49562   0.084146   0.175822   0.7439360   0.0014058  -0.026975  -0.007743   0.000122   0.000219  0.0000299  0.0000114    0.000146    0.000038
1994   7  30  49563   0.082314   0.175692   0.7425393   0.0013631  -0.026918  -0.007559   0.000151   0.000317  0.0000516  0.0000152    0.000143    0.000038
1994   7  31  49564   0.080693   0.174912   0.7412197   0.0012891  -0.026861  -0.007362   0.000151   0.000365  0.0001401  0.0000285    0.000166    0.000044
1994   8   1  49565   0.078622   0.174401   0.7399705   0.0011876  -0.026961  -0.007274   0.000159   0.000254  0.0000437  0.0000356    0.000936    0.000336
1994   8   2  49566   0.076620   0.173863   0.7388153   0.0011024  -0.027270  -0.007330   0.000152   0.000232  0.0000251  0.0000349    0.000537    0.000228
1994   8   3  49567   0.074778   0.173489   0.7377363   0.0010981  -0.027740  -0.007542   0.000114   0.000201  0.0000171  0.0000281    0.000319    0.000145
1994   8   4  49568   0.073257   0.173245   0.7366103   0.0011804  -0.028211  -0.007855   0.000108   0.000200  0.0000181  0.0000153    0.000389    0.000182
1994   8   5  49569   0.071720   0.173051   0.7353675   0.0012977  -0.028513  -0.008216   0.000120   0.000241  0.0000271  0.0000117    0.000782    0.000333
1994   8   6  49570   0.070113   0.172838   0.7340058   0.0014287  -0.028532  -0.008479   0.000144   0.000317  0.0000497  0.0000114    0.001036    0.000345
1994   8   7  49571   0.068325   0.172463   0.7325175   0.0015543  -0.028332  -0.008483   0.000103   0.000341  0.0001109  0.0000111    0.000633    0.000178
1994   8   8  49572   0.066673   0.171901   0.7308915   0.0016533  -0.028144  -0.008189   0.000094   0.000257  0.0000289  0.0000109    0.000276    0.000074
1994   8   9  49573   0.065434   0.171701   0.7291931   0.0017158  -0.028156  -0.007686   0.000077   0.000169  0.0000260  0.0000113    0.000254    0.000066
1994   8  10  49574   0.064152   0.171766   0.7274651   0.0017475  -0.028361  -0.007206   0.000059   0.000088  0.0000270  0.0000116    0.000218    0.000054
1994   8  11  49575   0.062692   0.171709   0.7256986   0.0017490  -0.028815  -0.006983   0.000062   0.000094  0.0000328  0.0000114    0.000296    0.000075
1994   8  12  49576   0.061118   0.171713   0.7239838   0.0016785  -0.029193  -0.007028   0.000073   0.000203  0.0000768  0.0000110    0.000679    0.000170
1994   8  13  49577   0.059205   0.171675   0.7223777   0.0015208  -0.029262  -0.007169   0.000086   0.000304  0.0000955  0.0000106    0.001128    0.000176
1994   8  14  49578   0.057204   0.171407   0.7209332   0.0013510  -0.029085  -0.007261   0.000122   0.000372  0.0001804  0.0000105    0.000470    0.000124
1994   8  15  49579   0.054792   0.170860   0.7196703   0.0012391  -0.028933  -0.007352   0.000134   0.000273  0.0000504  0.0000107    0.000192    0.000061
1994   8  16  49580   0.051754   0.169884   0.7184790   0.0012145  -0.028951  -0.007526   0.000098   0.000143  0.0000299  0.0000105    0.000197    0.000058
1994   8  17  49581   0.049412   0.169090   0.7172487   0.0012535  -0.029087  -0.007806   0.000084   0.000116  0.0000183  0.0000105    0.000223    0.000050
1994   8  18  49582   0.047653   0.168744   0.7159577   0.0013209  -0.029059  -0.008054   0.000108   0.000155  0.0000189  0.0000108    0.000240    0.000047
1994   8  19  49583   0.045743   0.168701   0.7145958   0.0014110  -0.028780  -0.008129   0.000233   0.000325  0.0000691  0.0000108    0.000242    0.000047
1994   8  20  49584   0.043237   0.168840   0.7131362   0.0015161  -0.028405  -0.007991   0.000298   0.000398  0.0003599  0.0000111    0.000243    0.000047
1994   8  21  49585   0.040162   0.169038   0.7115766   0.0016243  -0.028171  -0.007733   0.000243   0.000403  0.0004733  0.0000114    0.000165    0.000058
1994   8  22  49586   0.036806   0.169108   0.7098904   0.0017283  -0.028239  -0.007507   0.000241   0.000239  0.0001477  0.0000117    0.000164    0.000058
1994   8  23  49587   0.033459   0.169027   0.7081051   0.0017797  -0.028627  -0.007404   0.000204   0.000207  0.0000382  0.0000154    0.000163    0.000057
1994   8  24  49588   0.030617   0.168721   0.7063251   0.0017706  -0.029262  -0.007404   0.000134   0.000156  0.0000186  0.0000245    0.000156    0.000053
1994   8  25  49589   0.028304   0.168153   0.7045942   0.0017059  -0.030080  -0.007418   0.000102   0.000120  0.0000134  0.0000146    0.000144    0.000045
1994   8  26  49590   0.026426   0.168009   0.7029393   0.0016040  -0.030359  -0.007442   0.000108   0.000145  0.0000126  0.0000111    0.000179    0.000056
1994   8  27  49591   0.024881   0.168207   0.7013329   0.0015334  -0.030116  -0.007496   0.000148   0.000186  0.0000165  0.0000108    0.000289    0.000102
1994   8  28  49592   0.023111   0.168797   0.6997644   0.0015008  -0.029698  -0.007616   0.000203   0.000136  0.0000408  0.0000138    0.000330    0.000121
1994   8  29  49593   0.020936   0.169345   0.6982852   0.0014567  -0.029382  -0.007792   0.000138   0.000138  0.0000211  0.0000219    0.000232    0.000066
1994   8  30  49594   0.018547   0.169688   0.6968707   0.0014291  -0.029434  -0.007929   0.000090   0.000122  0.0000163  0.0000131    0.000222    0.000061
1994   8  31  49595   0.016039   0.170169   0.6954544   0.0014689  -0.029905  -0.007936   0.000078   0.000092  0.0000164  0.0000101    0.000207    0.000053
1994   9   1  49596   0.013298   0.170603   0.6939639   0.0015580  -0.030163  -0.007834   0.000088   0.000108  0.0000235  0.0000099    0.000294    0.000074
1994   9   2  49597   0.010666   0.170905   0.6923583   0.0017105  -0.029979  -0.007757   0.000107   0.000118  0.0000308  0.0000096    0.000485    0.000139
1994   9   3  49598   0.008422   0.171027   0.6905698   0.0019254  -0.029547  -0.007820   0.000145   0.000127  0.0000326  0.0000096    0.000426    0.000129
1994   9   4  49599   0.006439   0.171205   0.6885391   0.0021619  -0.029186  -0.007944   0.000253   0.000266  0.0000765  0.0000096    0.000412    0.000124
1994   9   5  49600   0.004430   0.171632   0.6862900   0.0023506  -0.029076  -0.007906   0.000196   0.000282  0.0000880  0.0000099    0.000196    0.000042
1994   9   6  49601   0.002094   0.172457   0.6838936   0.0024564  -0.029307  -0.007617   0.000133   0.000131  0.0000309  0.0000099    0.000183    0.000039
1994   9   7  49602  -0.000667   0.173508   0.6814042   0.0025158  -0.029878  -0.007214   0.000098   0.000095  0.0000189  0.0000099    0.000189    0.000040
1994   9   8  49603  -0.003568   0.174362   0.6788768   0.0025307  -0.030775  -0.006886   0.000083   0.000102  0.0000125  0.0000102    0.000225    0.000047
1994   9   9  49604  -0.006326   0.175005   0.6763424   0.0025010  -0.031154  -0.006817   0.000100   0.000111  0.0000143  0.0000105    0.000307    0.000069
1994   9  10  49605  -0.008825   0.175922   0.6738378   0.0024142  -0.031052  -0.006948   0.000177   0.000137  0.0000285  0.0000110    0.000387    0.000108
1994   9  11  49606  -0.010828   0.177159   0.6714587   0.0022840  -0.030779  -0.007147   0.000377   0.000307  0.0000802  0.0000113    0.000361    0.000102
1994   9  12  49607  -0.012823   0.178212   0.6692445   0.0021974  -0.030404  -0.007341   0.000292   0.000387  0.0000540  0.0000111    0.000242    0.000061
1994   9  13  49608  -0.015488   0.179285   0.6670706   0.0021827  -0.030104  -0.007514   0.000162   0.000217  0.0000416  0.0000110    0.000225    0.000057
1994   9  14  49609  -0.018578   0.179956   0.6648467   0.0022261  -0.029972  -0.007609   0.000162   0.000169  0.0000289  0.0000108    0.000186    0.000047
1994   9  15  49610  -0.021816   0.180745   0.6625908   0.0023284  -0.029992  -0.007667   0.000218   0.000219  0.0000301  0.0000106    0.000189    0.000048
1994   9  16  49611  -0.025073   0.181483   0.6602106   0.0024623  -0.030022  -0.007638   0.000375   0.000635  0.0000386  0.0000111    0.000449    0.000143
1994   9  17  49612  -0.027865   0.182331   0.6576782   0.0025696  -0.029808  -0.007488   0.000457   0.000545  0.0000404  0.0000146    0.000545    0.000209
1994   9  18  49613  -0.030147   0.183141   0.6550690   0.0025954  -0.029476  -0.007254   0.000616   0.000235  0.0000827  0.0000232    0.000479    0.000164
1994   9  19  49614  -0.032534   0.183627   0.6524523   0.0025888  -0.029342  -0.007031   0.000514   0.000175  0.0000289  0.0000132    0.000302    0.000086
1994   9  20  49615  -0.035619   0.184697   0.6498620   0.0025721  -0.029512  -0.006912   0.000240   0.000150  0.0000267  0.0000102    0.000260    0.000070
1994   9  21  49616  -0.038159   0.186088   0.6473453   0.0024905  -0.030129  -0.006957   0.000153   0.000118  0.0000239  0.0000102    0.000192    0.000049
1994   9  22  49617  -0.041593   0.187243   0.6449427   0.0023872  -0.030579  -0.007069   0.000194   0.000123  0.0000215  0.0000102    0.000199    0.000051
1994   9  23  49618  -0.043865   0.188130   0.6425988   0.0022611  -0.030717  -0.007183   0.000223   0.000138  0.0000309  0.0000100    0.000325    0.000089
1994   9  24  49619  -0.046903   0.188910   0.6403729   0.0021131  -0.030545  -0.007290   0.000224   0.000151  0.0000506  0.0000102    0.000347    0.000097
1994   9  25  49620  -0.049321   0.190361   0.6383388   0.0020086  -0.030087  -0.007407   0.000254   0.000196  0.0001430  0.0000107    0.000405    0.000098
1994   9  26  49621  -0.051968   0.192148   0.6363359   0.0019533  -0.029636  -0.007566   0.000244   0.000221  0.0001077  0.0000139    0.000550    0.000096
1994   9  27  49622  -0.054830   0.193461   0.6343834   0.0019438  -0.029509  -0.007728   0.000186   0.000193  0.0000343  0.0000238    0.000303    0.000075
1994   9  28  49623  -0.057617   0.194501   0.6324627   0.0019661  -0.029719  -0.007800   0.000120   0.000136  0.0000175  0.0000153    0.000165    0.000049
1994   9  29  49624  -0.060328   0.195873   0.6304706   0.0020284  -0.029924  -0.007746   0.000130   0.000149  0.0000186  0.0000117    0.000142    0.000043
1994   9  30  49625  -0.063015   0.197523   0.6283941   0.0021419  -0.029914  -0.007664   0.000220   0.000288  0.0000665  0.0000117    0.000140    0.000043
1994  10   1  49626  -0.065418   0.199112   0.6261394   0.0023036  -0.029791  -0.007678   0.000220   0.000528  0.0003277  0.0000148    0.000148    0.000045
1994  10   2  49627  -0.067148   0.200962   0.6236743   0.0024848  -0.029755  -0.007766   0.000156   0.000437  0.0002400  0.0000154    0.000429    0.000101
1994  10   3  49628  -0.068882   0.202810   0.6211380   0.0026553  -0.029796  -0.007730   0.000153   0.000263  0.0000338  0.0000124    0.000401    0.000097
1994  10   4  49629  -0.070894   0.204693   0.6184621   0.0028249  -0.029727  -0.007433   0.000125   0.000131  0.0000156  0.0000126    0.000279    0.000074
1994  10   5  49630  -0.073588   0.206628   0.6156096   0.0029087  -0.029396  -0.006950   0.000098   0.000095  0.0000105  0.0000130    0.000178    0.000051
1994  10   6  49631  -0.076362   0.208078   0.6127099   0.0028311  -0.029063  -0.006750   0.000093   0.000093  0.0000140  0.0000122    0.000232    0.000066
1994  10   7  49632  -0.079658   0.209287   0.6100107   0.0026749  -0.028964  -0.006854   0.000096   0.000105  0.0000190  0.0000112    0.000434    0.000121
1994  10   8  49633  -0.083471   0.210509   0.6074171   0.0025081  -0.029148  -0.007002   0.000109   0.000145  0.0000183  0.0000108    0.000435    0.000120
1994  10   9  49634  -0.086664   0.211761   0.6049839   0.0023581  -0.029448  -0.007040   0.000155   0.000335  0.0000181  0.0000105    0.000425    0.000117
1994  10  10  49635  -0.089470   0.213349   0.6026634   0.0022783  -0.029588  -0.007075   0.000339   0.000804  0.0000179  0.0000102    0.000176    0.000047
1994  10  11  49636  -0.091795   0.214874   0.6003846   0.0022912  -0.029324  -0.007163   0.000238   0.000414  0.0000189  0.0000102    0.000163    0.000043
1994  10  12  49637  -0.093397   0.216062   0.5980844   0.0023486  -0.028749  -0.007216   0.000135   0.000240  0.0000217  0.0000102    0.000163    0.000043
1994  10  13  49638  -0.094609   0.217648   0.5957204   0.0024179  -0.028178  -0.007159   0.000140   0.000280  0.0000281  0.0000102    0.000159    0.000043
1994  10  14  49639  -0.095935   0.219734   0.5932383   0.0024970  -0.027839  -0.006976   0.000102   0.000249  0.0000289  0.0000102    0.000152    0.000043
1994  10  15  49640  -0.097199   0.221861   0.5907015   0.0025426  -0.027865  -0.006742   0.000119   0.000286  0.0000272  0.0000099    0.000152    0.000043
1994  10  16  49641  -0.098289   0.224088   0.5881549   0.0025207  -0.028054  -0.006547   0.000301   0.000707  0.0000241  0.0000099    0.000159    0.000045
1994  10  17  49642  -0.099527   0.226608   0.5856503   0.0024394  -0.028229  -0.006403   0.000164   0.000456  0.0000203  0.0000099    0.000176    0.000050
1994  10  18  49643  -0.101497   0.228894   0.5832503   0.0023159  -0.028253  -0.006317   0.000122   0.000268  0.0000180  0.0000096    0.000174    0.000050
1994  10  19  49644  -0.104179   0.231286   0.5809868   0.0021808  -0.027943  -0.006360   0.000133   0.000203  0.0000160  0.0000095    0.000176    0.000051
1994  10  20  49645  -0.107023   0.233487   0.5788809   0.0020865  -0.027949  -0.006463   0.000154   0.000247  0.0000244  0.0000090    0.000239    0.000070
1994  10  21  49646  -0.109886   0.235470   0.5768265   0.0020173  -0.028260  -0.006602   0.000193   0.000278  0.0000485  0.0000088    0.000276    0.000081
1994  10  22  49647  -0.113231   0.237727   0.5748255   0.0019554  -0.028333  -0.006688   0.000289   0.000427  0.0000894  0.0000092    0.000251    0.000074
1994  10  23  49648  -0.114958   0.239641   0.5729254   0.0019380  -0.028029  -0.006701   0.000481   0.000734  0.0001523  0.0000095    0.000224    0.000068
1994  10  24  49649  -0.117047   0.241804   0.5710079   0.0019595  -0.027531  -0.006718   0.000250   0.000434  0.0000200  0.0000093    0.000175    0.000058
1994  10  25  49650  -0.119228   0.244175   0.5690237   0.0020123  -0.027096  -0.006799   0.000122   0.000207  0.0000131  0.0000090    0.000173    0.000058
1994  10  26  49651  -0.121431   0.246284   0.5669505   0.0021171  -0.026730  -0.006915   0.000102   0.000163  0.0000128  0.0000090    0.000174    0.000058
1994  10  27  49652  -0.123448   0.248382   0.5647592   0.0022432  -0.026622  -0.006842   0.000124   0.000193  0.0000133  0.0000093    0.000206    0.000067
1994  10  28  49653  -0.126016   0.250337   0.5624601   0.0023711  -0.026667  -0.006568   0.000098   0.000193  0.0000073  0.0000122    0.000130    0.000043
1994  10  29  49654  -0.128240   0.252375   0.5599766   0.0025432  -0.026665  -0.006299   0.000106   0.000205  0.0000074  0.0000242    0.000102    0.000034
1994  10  30  49655  -0.130208   0.254318   0.5572907   0.0027247  -0.026657  -0.006191   0.000219   0.000333  0.0000190  0.0000262    0.000109    0.000036
1994  10  31  49656  -0.131932   0.256069   0.5544813   0.0028758  -0.026784  -0.006173   0.000228   0.000314  0.0000304  0.0000138    0.000640    0.000119
1994  11   1  49657  -0.133074   0.258488   0.5515570   0.0029723  -0.026839  -0.006111   0.000187   0.000291  0.0000233  0.0000105    0.000327    0.000088
1994  11   2  49658  -0.134463   0.261055   0.5485840   0.0029564  -0.026668  -0.006035   0.000133   0.000177  0.0000169  0.0000105    0.000178    0.000056
1994  11   3  49659  -0.136021   0.262896   0.5456907   0.0028567  -0.026072  -0.006132   0.000142   0.000180  0.0000180  0.0000131    0.000225    0.000072
1994  11   4  49660  -0.137235   0.264576   0.5428760   0.0026932  -0.025338  -0.006301   0.000229   0.000262  0.0000418  0.0000137    0.000469    0.000148
1994  11   5  49661  -0.138450   0.266462   0.5403248   0.0024971  -0.024945  -0.006298   0.000250   0.000306  0.0001883  0.0000138    0.000780    0.000240
1994  11   6  49662  -0.139878   0.269371   0.5380344   0.0023838  -0.025157  -0.006095   0.000258   0.000336  0.0002384  0.0000137    0.000350    0.000144
1994  11   7  49663  -0.141361   0.272339   0.5356828   0.0023564  -0.025670  -0.005912   0.000295   0.000335  0.0000363  0.0000107    0.000336    0.000137
1994  11   8  49664  -0.142841   0.274505   0.5333014   0.0023292  -0.025934  -0.005928   0.000225   0.000263  0.0000326  0.0000096    0.000305    0.000110
1994  11   9  49665  -0.144391   0.276677   0.5309837   0.0023061  -0.025862  -0.006009   0.000182   0.000241  0.0000331  0.0000090    0.000243    0.000074
1994  11  10  49666  -0.145247   0.279362   0.5286276   0.0023490  -0.025554  -0.006041   0.000212   0.000284  0.0000366  0.0000087    0.000242    0.000071
1994  11  11  49667  -0.145440   0.282203   0.5261541   0.0024476  -0.025394  -0.005970   0.000255   0.000298  0.0000425  0.0000087    0.000561    0.000174
1994  11  12  49668  -0.145690   0.284898   0.5236015   0.0025249  -0.025480  -0.005846   0.000281   0.000295  0.0000432  0.0000087    0.000676    0.000216
1994  11  13  49669  -0.146112   0.287610   0.5210556   0.0025345  -0.025596  -0.005759   0.000346   0.000388  0.0001043  0.0000087    0.000677    0.000216
1994  11  14  49670  -0.146701   0.290325   0.5186034   0.0024878  -0.025594  -0.005707   0.000349   0.000511  0.0001425  0.0000087    0.000179    0.000048
1994  11  15  49671  -0.147457   0.293058   0.5162165   0.0024198  -0.025538  -0.005602   0.000270   0.000351  0.0000367  0.0000087    0.000165    0.000044
1994  11  16  49672  -0.148080   0.295522   0.5138468   0.0023331  -0.025472  -0.005456   0.000170   0.000205  0.0000190  0.0000089    0.000165    0.000044
1994  11  17  49673  -0.148674   0.298015   0.5115221   0.0022400  -0.025360  -0.005396   0.000182   0.000230  0.0000202  0.0000115    0.000165    0.000044
1994  11  18  49674  -0.149456   0.300806   0.5092818   0.0021590  -0.025185  -0.005434   0.000328   0.000462  0.0000749  0.0000199    0.000165    0.000044
1994  11  19  49675  -0.150370   0.303800   0.5072058   0.0020654  -0.024947  -0.005485   0.000498   0.000505  0.0004429  0.0000128    0.000175    0.000046
1994  11  20  49676  -0.151227   0.306361   0.5052986   0.0020010  -0.024674  -0.005477   0.000416   0.000590  0.0003110  0.0000098    0.000683    0.000090
1994  11  21  49677  -0.152340   0.308831   0.5032971   0.0020203  -0.024455  -0.005454   0.000273   0.000477  0.0000505  0.0000116    0.000622    0.000089
1994  11  22  49678  -0.153368   0.311790   0.5011952   0.0020853  -0.024401  -0.005496   0.000176   0.000259  0.0000394  0.0000110    0.000395    0.000083
1994  11  23  49679  -0.153819   0.314806   0.4990471   0.0021962  -0.024513  -0.005581   0.000133   0.000180  0.0000291  0.0000089    0.000228    0.000070
1994  11  24  49680  -0.153487   0.317445   0.4967800   0.0023659  -0.024637  -0.005591   0.000168   0.000237  0.0000238  0.0000087    0.000196    0.000065
1994  11  25  49681  -0.152823   0.320375   0.4942896   0.0025357  -0.024580  -0.005450   0.000315   0.000621  0.0000753  0.0000087    0.000192    0.000065
1994  11  26  49682  -0.152097   0.323290   0.4916148   0.0026631  -0.024372  -0.005230   0.000353   0.000837  0.0004735  0.0000087    0.000183    0.000057
1994  11  27  49683  -0.151653   0.325920   0.4888845   0.0027287  -0.024229  -0.005052   0.000392   0.000730  0.0000267  0.0000087    0.000128    0.000030
1994  11  28  49684  -0.151543   0.328765   0.4861668   0.0027396  -0.024251  -0.004923   0.000171   0.000288  0.0000061  0.0000087    0.000128    0.000030
1994  11  29  49685  -0.151620   0.331280   0.4834655   0.0027192  -0.024286  -0.004775   0.000091   0.000150  0.0000064  0.0000089    0.000131    0.000031
1994  11  30  49686  -0.151348   0.334130   0.4807698   0.0026582  -0.024090  -0.004648   0.000091   0.000131  0.0000086  0.0000092    0.000141    0.000036
1994  12   1  49687  -0.151540   0.336812   0.4781597   0.0025748  -0.023791  -0.004663   0.000149   0.000196  0.0000164  0.0000091    0.000148    0.000041
1994  12   2  49688  -0.152167   0.339335   0.4755966   0.0024695  -0.023497  -0.004833   0.000257   0.000478  0.0000559  0.0000093    0.000172    0.000046
1994  12   3  49689  -0.152944   0.341722   0.4731692   0.0023574  -0.023401  -0.004950   0.000182   0.000344  0.0000384  0.0000095    0.000186    0.000048
1994  12   4  49690  -0.153162   0.343981   0.4709340   0.0023193  -0.023622  -0.004897   0.000190   0.000340  0.0000280  0.0000093    0.000187    0.000048
1994  12   5  49691  -0.152749   0.346269   0.4686366   0.0023692  -0.023942  -0.004810   0.000270   0.000429  0.0000350  0.0000093    0.000251    0.000071
1994  12   6  49692  -0.152381   0.348423   0.4662566   0.0024173  -0.023901  -0.004876   0.000194   0.000278  0.0000374  0.0000121    0.000270    0.000081
1994  12   7  49693  -0.152093   0.350377   0.4638406   0.0024490  -0.023266  -0.005040   0.000172   0.000217  0.0000278  0.0000219    0.000231    0.000068
1994  12   8  49694  -0.151806   0.352523   0.4613350   0.0024681  -0.022924  -0.005056   0.000202   0.000269  0.0000312  0.0000263    0.000294    0.000091
1994  12   9  49695  -0.151582   0.355167   0.4587862   0.0024713  -0.023087  -0.004839   0.000267   0.000409  0.0000920  0.0000214    0.000469    0.000207
1994  12  10  49696  -0.151598   0.358045   0.4563002   0.0024716  -0.023459  -0.004553   0.000260   0.000580  0.0002160  0.0000113    0.000554    0.000420
1994  12  11  49697  -0.151908   0.361033   0.4538574   0.0024677  -0.023680  -0.004390   0.000132   0.000480  0.0000556  0.0000087    0.000227    0.000058
1994  12  12  49698  -0.152773   0.364118   0.4513931   0.0024520  -0.023594  -0.004384   0.000095   0.000263  0.0000107  0.0000087    0.000215    0.000055
1994  12  13  49699  -0.153770   0.366849   0.4490052   0.0024074  -0.023341  -0.004449   0.000077   0.000131  0.0000073  0.0000087    0.000195    0.000053
1994  12  14  49700  -0.154087   0.369241   0.4466562   0.0023238  -0.022999  -0.004536   0.000064   0.000096  0.0000070  0.0000089    0.000156    0.000047
1994  12  15  49701  -0.154271   0.371819   0.4443796   0.0022294  -0.023078  -0.004548   0.000072   0.000106  0.0000097  0.0000093    0.000155    0.000048
1994  12  16  49702  -0.154492   0.374514   0.4421738   0.0021881  -0.023468  -0.004519   0.000088   0.000145  0.0000268  0.0000096    0.000198    0.000060
1994  12  17  49703  -0.154903   0.377112   0.4399531   0.0022167  -0.023610  -0.004564   0.000096   0.000223  0.0000502  0.0000101    0.000203    0.000061
1994  12  18  49704  -0.155298   0.380060   0.4376543   0.0023069  -0.023597  -0.004585   0.000138   0.000255  0.0000991  0.0000101    0.000184    0.000057
1994  12  19  49705  -0.156011   0.382773   0.4352915   0.0024246  -0.023406  -0.004587   0.000176   0.000265  0.0000241  0.0000095    0.000150    0.000050
1994  12  20  49706  -0.157118   0.385368   0.4328810   0.0025567  -0.023032  -0.004627   0.000107   0.000248  0.0000159  0.0000090    0.000150    0.000049
1994  12  21  49707  -0.158012   0.387663   0.4302641   0.0027004  -0.022584  -0.004683   0.000100   0.000184  0.0000142  0.0000087    0.000151    0.000047
1994  12  22  49708  -0.158289   0.390015   0.4274682   0.0028170  -0.022134  -0.004694   0.000160   0.000242  0.0000213  0.0000085    0.000152    0.000046
1994  12  23  49709  -0.158567   0.392235   0.4245825   0.0029098  -0.021731  -0.004564   0.000393   0.000598  0.0000827  0.0000087    0.000152    0.000045
1994  12  24  49710  -0.158937   0.394480   0.4216317   0.0029883  -0.021436  -0.004298   0.000514   0.000769  0.0005258  0.0000095    0.000152    0.000045
1994  12  25  49711  -0.159096   0.396977   0.4186113   0.0030415  -0.021369  -0.003990   0.000328   0.000385  0.0007193  0.0000098    0.000170    0.000048
1994  12  26  49712  -0.158819   0.399739   0.4155451   0.0030552  -0.021644  -0.003719   0.000152   0.000150  0.0000167  0.0000096    0.000168    0.000048
1994  12  27  49713  -0.158434   0.402872   0.4124883   0.0030079  -0.022242  -0.003526   0.000099   0.000099  0.0000138  0.0000121    0.000156    0.000049
1994  12  28  49714  -0.158192   0.406312   0.4095109   0.0029069  -0.022998  -0.003490   0.000072   0.000084  0.0000143  0.0000187    0.000129    0.000053
1994  12  29  49715  -0.158129   0.409465   0.4066643   0.0027811  -0.023718  -0.003722   0.000071   0.000087  0.0000155  0.0000115    0.000102    0.000054
1994  12  30  49716  -0.156813   0.412671   0.4039408   0.0026782  -0.023523  -0.004185   0.000083   0.000085  0.0000116  0.0000092    0.000090    0.000031
1994  12  31  49717  -0.155401   0.415782   0.4013273   0.0026338  -0.023039  -0.004602   0.000088   0.000086  0.0000114  0.0000095    0.000089    0.000026
