

                   INTERNATIONAL EARTH ROTATION SERVICE
                        EARTH ROTATION PARAMETERS
                          EOP (IERS) C04

  
             FORMAT(3(I4),I7,2(F11.6),2(F12.7),2(F11.6),2(F11.6),2(F11.7),2F12.6)
**********************************************************************************
  
      Date      MJD      x          y        UT1-UTC       LOD         dPsi    dEpsilon     x Err     y Err   UT1-UTC Err  Lod Err    dPsi Err   dEpsilon Err
                         "          "           s           s            "         "        "          "          s           s            "         "
     (0h UTC)

2006   1   1  53736   0.052611   0.383708   0.3387836   0.0001443  -0.056026  -0.002117   0.000026   0.000019  0.0000218  0.0000024    0.000210    0.000188
2006   1   2  53737   0.051675   0.383346   0.3385443   0.0003787  -0.055784  -0.001863   0.000017   0.000018  0.0000238  0.0000025    0.000219    0.000129
2006   1   3  53738   0.050858   0.383109   0.3380866   0.0006181  -0.055821  -0.001609   0.000016   0.000017  0.0000260  0.0000022    0.000220    0.000127
2006   1   4  53739   0.050068   0.382799   0.3373980   0.0008011  -0.056016  -0.001549   0.000015   0.000021  0.0000265  0.0000021    0.000227    0.000130
2006   1   5  53740   0.049471   0.382424   0.3365232   0.0009245  -0.056173  -0.001625   0.000012   0.000020  0.0000301  0.0000018    0.000252    0.000140
2006   1   6  53741   0.049358   0.382147   0.3355688   0.0009451  -0.056301  -0.001651   0.000013   0.000016  0.0000310  0.0000015    0.000274    0.000147
2006   1   7  53742   0.049499   0.382031   0.3346624   0.0008400  -0.056503  -0.001562   0.000014   0.000019  0.0000157  0.0000016    0.000279    0.000149
2006   1   8  53743   0.049409   0.381946   0.3339415   0.0005852  -0.056792  -0.001435   0.000016   0.000022  0.0000141  0.0000021    0.000227    0.000150
2006   1   9  53744   0.049364   0.381706   0.3334800   0.0003245  -0.057049  -0.001355   0.000021   0.000020  0.0000203  0.0000023    0.000225    0.000150
2006   1  10  53745   0.049450   0.381519   0.3332784   0.0000796  -0.057096  -0.001355   0.000019   0.000019  0.0000234  0.0000024    0.000225    0.000150
2006   1  11  53746   0.049146   0.381395   0.3332982  -0.0001326  -0.056854  -0.001466   0.000018   0.000018  0.0000276  0.0000024    0.000224    0.000150
2006   1  12  53747   0.048643   0.381069   0.3334910  -0.0002479  -0.056471  -0.001706   0.000018   0.000019  0.0000300  0.0000025    0.000209    0.000151
2006   1  13  53748   0.048417   0.380702   0.3337689  -0.0002682  -0.056239  -0.002001   0.000018   0.000024  0.0000248  0.0000025    0.000206    0.000151
2006   1  14  53749   0.048576   0.380378   0.3339950  -0.0001443  -0.056307  -0.002184   0.000019   0.000028  0.0000249  0.0000028    0.000206    0.000151
2006   1  15  53750   0.049116   0.380121   0.3340826  -0.0000172  -0.056490  -0.002131   0.000015   0.000025  0.0000228  0.0000027    0.000223    0.000163
2006   1  16  53751   0.049864   0.380044   0.3340667   0.0000669  -0.056459  -0.001889   0.000013   0.000020  0.0000244  0.0000024    0.000826    0.000597
2006   1  17  53752   0.050329   0.380310   0.3339361   0.0002053  -0.056083  -0.001637   0.000015   0.000020  0.0000334  0.0000022    0.000331    0.000242
2006   1  18  53753   0.050528   0.380733   0.3336408   0.0004315  -0.055544  -0.001481   0.000023   0.000018  0.0000224  0.0000020    0.000191    0.000140
2006   1  19  53754   0.050621   0.381060   0.3331155   0.0005758  -0.055213  -0.001364   0.000015   0.000014  0.0000270  0.0000020    0.000234    0.000176
2006   1  20  53755   0.050381   0.381279   0.3325420   0.0006024  -0.055286  -0.001199   0.000012   0.000016  0.0000263  0.0000022    0.000260    0.000204
2006   1  21  53756   0.050142   0.381535   0.3318517   0.0006571  -0.055407  -0.001091   0.000015   0.000019  0.0000311  0.0000023    0.000224    0.000174
2006   1  22  53757   0.050083   0.381658   0.3311582   0.0006683  -0.055503  -0.001231   0.000018   0.000016  0.0000412  0.0000025    0.000213    0.000171
2006   1  23  53758   0.050151   0.381120   0.3305310   0.0006198  -0.055781  -0.001633   0.000019   0.000015  0.0000272  0.0000024    0.000188    0.000190
2006   1  24  53759   0.050229   0.380553   0.3299775   0.0005106  -0.056305  -0.002050   0.000030   0.000015  0.0000293  0.0000023    0.000205    0.000206
2006   1  25  53760   0.050101   0.380692   0.3295024   0.0004064  -0.056972  -0.002229   0.000033   0.000018  0.0000311  0.0000022    0.000290    0.000260
2006   1  26  53761   0.050019   0.380981   0.3291151   0.0003884  -0.057264  -0.002235   0.000031   0.000028  0.0000223  0.0000022    0.000269    0.000182
2006   1  27  53762   0.050233   0.381062   0.3287098   0.0004119  -0.056906  -0.002335   0.000027   0.000034  0.0000204  0.0000022    0.000211    0.000132
2006   1  28  53763   0.050624   0.381338   0.3282607   0.0004980  -0.056318  -0.002586   0.000017   0.000033  0.0000232  0.0000023    0.000198    0.000120
2006   1  29  53764   0.051044   0.381756   0.3277013   0.0006876  -0.055795  -0.002707   0.000014   0.000022  0.0000255  0.0000024    0.000176    0.000117
2006   1  30  53765   0.051386   0.382075   0.3268785   0.0009984  -0.055559  -0.002499   0.000013   0.000017  0.0000213  0.0000023    0.000118    0.000110
2006   1  31  53766   0.051486   0.382619   0.3257233   0.0013203  -0.055756  -0.002165   0.000015   0.000020  0.0000164  0.0000023    0.000128    0.000119
2006   2   1  53767   0.051238   0.383400   0.3242744   0.0015261  -0.056152  -0.002031   0.000015   0.000020  0.0000181  0.0000022    0.000163    0.000147
2006   2   2  53768   0.050615   0.384072   0.3227205   0.0015730  -0.056543  -0.002132   0.000016   0.000014  0.0000161  0.0000020    0.000127    0.000108
2006   2   3  53769   0.050115   0.384517   0.3211776   0.0014896  -0.056754  -0.002215   0.000026   0.000013  0.0000198  0.0000019    0.000134    0.000114
2006   2   4  53770   0.050017   0.384871   0.3197355   0.0012835  -0.056797  -0.002191   0.000018   0.000014  0.0000278  0.0000018    0.000169    0.000147
2006   2   5  53771   0.050268   0.384940   0.3186186   0.0009796  -0.056797  -0.002212   0.000018   0.000016  0.0000330  0.0000018    0.000168    0.000142
2006   2   6  53772   0.050846   0.384804   0.3177920   0.0006948  -0.056825  -0.002378   0.000030   0.000015  0.0000233  0.0000023    0.000121    0.000094
2006   2   7  53773   0.051083   0.384797   0.3172109   0.0004535  -0.056894  -0.002604   0.000027   0.000014  0.0000172  0.0000022    0.000128    0.000102
2006   2   8  53774   0.051423   0.384668   0.3168299   0.0003556  -0.056914  -0.002788   0.000028   0.000014  0.0000232  0.0000022    0.000169    0.000154
2006   2   9  53775   0.052522   0.384605   0.3164676   0.0003712  -0.056636  -0.002948   0.000033   0.000014  0.0000361  0.0000023    0.000288    0.000300
2006   2  10  53776   0.053743   0.384787   0.3160782   0.0004213  -0.056036  -0.003146   0.000027   0.000014  0.0000320  0.0000022    0.000323    0.000191
2006   2  11  53777   0.054971   0.384905   0.3155811   0.0005632  -0.055500  -0.003286   0.000016   0.000014  0.0000359  0.0000022    0.000286    0.000155
2006   2  12  53778   0.056270   0.384798   0.3150003   0.0007086  -0.055311  -0.003193   0.000015   0.000015  0.0000379  0.0000022    0.000232    0.000137
2006   2  13  53779   0.057272   0.384463   0.3142142   0.0008334  -0.055412  -0.002850   0.000013   0.000017  0.0000267  0.0000021    0.000132    0.000094
2006   2  14  53780   0.058027   0.384168   0.3133367   0.0009173  -0.055563  -0.002452   0.000013   0.000016  0.0000210  0.0000019    0.000132    0.000094
2006   2  15  53781   0.058950   0.383971   0.3123492   0.0009885  -0.055566  -0.002234   0.000019   0.000016  0.0000303  0.0000019    0.000132    0.000095
2006   2  16  53782   0.060228   0.383957   0.3113498   0.0010648  -0.055395  -0.002252   0.000012   0.000023  0.0000453  0.0000020    0.000239    0.000166
2006   2  17  53783   0.061971   0.384324   0.3102609   0.0011137  -0.055156  -0.002405   0.000010   0.000016  0.0000306  0.0000021    0.000327    0.000218
2006   2  18  53784   0.064101   0.384912   0.3091206   0.0011083  -0.055014  -0.002629   0.000013   0.000013  0.0000255  0.0000022    0.000327    0.000218
2006   2  19  53785   0.065765   0.385276   0.3080871   0.0010145  -0.055100  -0.002956   0.000022   0.000014  0.0000224  0.0000023    0.000271    0.000200
2006   2  20  53786   0.066779   0.385153   0.3071290   0.0008498  -0.055372  -0.003364   0.000014   0.000018  0.0000211  0.0000023    0.000155    0.000140
2006   2  21  53787   0.067315   0.384912   0.3063694   0.0006399  -0.055607  -0.003665   0.000011   0.000018  0.0000183  0.0000022    0.000155    0.000141
2006   2  22  53788   0.067407   0.384566   0.3058039   0.0004571  -0.055677  -0.003675   0.000014   0.000019  0.0000239  0.0000022    0.000181    0.000165
2006   2  23  53789   0.067592   0.384158   0.3054082   0.0003664  -0.055712  -0.003521   0.000022   0.000027  0.0000332  0.0000021    0.000383    0.000317
2006   2  24  53790   0.068002   0.383839   0.3050441   0.0004323  -0.055844  -0.003559   0.000014   0.000024  0.0000265  0.0000021    0.000267    0.000189
2006   2  25  53791   0.068841   0.383409   0.3044978   0.0006599  -0.055958  -0.003873   0.000012   0.000019  0.0000298  0.0000021    0.000225    0.000156
2006   2  26  53792   0.070100   0.383061   0.3037108   0.0010144  -0.055764  -0.004124   0.000015   0.000018  0.0000362  0.0000017    0.000194    0.000132
2006   2  27  53793   0.071296   0.383079   0.3025040   0.0014240  -0.055325  -0.003974   0.000016   0.000020  0.0000280  0.0000017    0.000123    0.000081
2006   2  28  53794   0.071886   0.383253   0.3008919   0.0017737  -0.055039  -0.003550   0.000013   0.000017  0.0000195  0.0000021    0.000122    0.000081
2006   3   1  53795   0.072378   0.383266   0.2989967   0.0019741  -0.055084  -0.003273   0.000016   0.000015  0.0000253  0.0000022    0.000123    0.000081
2006   3   2  53796   0.073477   0.383446   0.2969957   0.0019293  -0.055308  -0.003303   0.000030   0.000016  0.0000317  0.0000023    0.000174    0.000116
2006   3   3  53797   0.074896   0.383524   0.2951774   0.0017016  -0.055605  -0.003440   0.000031   0.000015  0.0000272  0.0000024    0.000197    0.000132
2006   3   4  53798   0.076814   0.383363   0.2935886   0.0014101  -0.056003  -0.003542   0.000019   0.000016  0.0000263  0.0000026    0.000197    0.000132
2006   3   5  53799   0.078672   0.383591   0.2923188   0.0010661  -0.056389  -0.003722   0.000018   0.000017  0.0000252  0.0000026    0.000170    0.000118
2006   3   6  53800   0.079853   0.383790   0.2913939   0.0007614  -0.056514  -0.004078   0.000015   0.000014  0.0000211  0.0000023    0.000103    0.000079
2006   3   7  53801   0.080679   0.383579   0.2907595   0.0005564  -0.056294  -0.004468   0.000012   0.000013  0.0000168  0.0000021    0.000103    0.000079
2006   3   8  53802   0.081158   0.383111   0.2902956   0.0004310  -0.055869  -0.004681   0.000011   0.000014  0.0000225  0.0000022    0.000103    0.000079
2006   3   9  53803   0.081026   0.382725   0.2899118   0.0003399  -0.055387  -0.004700   0.000014   0.000015  0.0000309  0.0000021    0.000161    0.000117
2006   3  10  53804   0.080488   0.382575   0.2895619   0.0003543  -0.054929  -0.004658   0.000015   0.000020  0.0000250  0.0000019    0.000191    0.000134
2006   3  11  53805   0.080327   0.382655   0.2891596   0.0004551  -0.054606  -0.004613   0.000012   0.000035  0.0000240  0.0000020    0.000191    0.000135
2006   3  12  53806   0.080582   0.382608   0.2886648   0.0005963  -0.054532  -0.004474   0.000014   0.000024  0.0000195  0.0000021    0.000188    0.000138
2006   3  13  53807   0.081200   0.381870   0.2879808   0.0007780  -0.054675  -0.004187   0.000019   0.000017  0.0000175  0.0000022    0.000169    0.000165
2006   3  14  53808   0.082229   0.381040   0.2871079   0.0009313  -0.054844  -0.003880   0.000030   0.000015  0.0000189  0.0000023    0.000169    0.000165
2006   3  15  53809   0.083500   0.380453   0.2861037   0.0010401  -0.054874  -0.003769   0.000028   0.000015  0.0000275  0.0000021    0.000170    0.000165
2006   3  16  53810   0.085455   0.379823   0.2850536   0.0010551  -0.054763  -0.003917   0.000017   0.000014  0.0000461  0.0000021    0.000260    0.000187
2006   3  17  53811   0.087880   0.379416   0.2840236   0.0010037  -0.054617  -0.004185   0.000017   0.000015  0.0000416  0.0000023    0.000305    0.000193
2006   3  18  53812   0.089778   0.379234   0.2831029   0.0009291  -0.054522  -0.004409   0.000027   0.000017  0.0000362  0.0000024    0.000305    0.000193
2006   3  19  53813   0.091256   0.378898   0.2821968   0.0008210  -0.054507  -0.004571   0.000017   0.000018  0.0000301  0.0000023    0.000287    0.000179
2006   3  20  53814   0.092626   0.378482   0.2814714   0.0006565  -0.054546  -0.004742   0.000016   0.000020  0.0000246  0.0000020    0.000220    0.000131
2006   3  21  53815   0.093825   0.378177   0.2808807   0.0005137  -0.054545  -0.004920   0.000021   0.000030  0.0000223  0.0000017    0.000240    0.000143
2006   3  22  53816   0.095018   0.378071   0.2803601   0.0004699  -0.054406  -0.005027   0.000013   0.000033  0.0000373  0.0000016    0.000357    0.000213
2006   3  23  53817   0.096165   0.377858   0.2798935   0.0005108  -0.054129  -0.005058   0.000013   0.000028  0.0000329  0.0000017    0.000355    0.000224
2006   3  24  53818   0.097216   0.377404   0.2793244   0.0006670  -0.053875  -0.005186   0.000023   0.000017  0.0000215  0.0000018    0.000198    0.000126
2006   3  25  53819   0.097966   0.377127   0.2785189   0.0009848  -0.053732  -0.005510   0.000025   0.000014  0.0000242  0.0000020    0.000194    0.000123
2006   3  26  53820   0.098558   0.376999   0.2773214   0.0013861  -0.053625  -0.005801   0.000016   0.000014  0.0000211  0.0000020    0.000169    0.000115
2006   3  27  53821   0.099196   0.376738   0.2757952   0.0016960  -0.053581  -0.005722   0.000015   0.000013  0.0000171  0.0000021    0.000106    0.000085
2006   3  28  53822   0.099926   0.376271   0.2739636   0.0019675  -0.053769  -0.005264   0.000012   0.000012  0.0000159  0.0000020    0.000106    0.000085
2006   3  29  53823   0.100772   0.375814   0.2719086   0.0021133  -0.054208  -0.004788   0.000009   0.000012  0.0000184  0.0000019    0.000120    0.000097
2006   3  30  53824   0.101388   0.375389   0.2698509   0.0019745  -0.054659  -0.004641   0.000009   0.000016  0.0000159  0.0000019    0.000217    0.000189
2006   3  31  53825   0.101907   0.374914   0.2680176   0.0016790  -0.054940  -0.004827   0.000012   0.000022  0.0000204  0.0000018    0.000245    0.000207
2006   4   1  53826   0.102633   0.374420   0.2664725   0.0013053  -0.055138  -0.005092   0.000020   0.000017  0.0000276  0.0000019    0.000257    0.000210
2006   4   2  53827   0.103262   0.373838   0.2653561   0.0009363  -0.055261  -0.005351   0.000027   0.000018  0.0000332  0.0000020    0.000233    0.000174
2006   4   3  53828   0.103589   0.373317   0.2645309   0.0006779  -0.055169  -0.005650   0.000029   0.000025  0.0000291  0.0000020    0.000154    0.000100
2006   4   4  53829   0.103983   0.373036   0.2639566   0.0005597  -0.054856  -0.005928   0.000026   0.000016  0.0000210  0.0000020    0.000154    0.000100
2006   4   5  53830   0.104396   0.372688   0.2634007   0.0005506  -0.054485  -0.006071   0.000027   0.000013  0.0000229  0.0000020    0.000155    0.000100
2006   4   6  53831   0.104426   0.372229   0.2628379   0.0006022  -0.054158  -0.006073   0.000031   0.000013  0.0000240  0.0000019    0.000206    0.000132
2006   4   7  53832   0.104188   0.372035   0.2621939   0.0006988  -0.053809  -0.006039   0.000033   0.000016  0.0000218  0.0000020    0.000225    0.000143
2006   4   8  53833   0.103994   0.371756   0.2614096   0.0008757  -0.053421  -0.006000   0.000032   0.000026  0.0000210  0.0000021    0.000225    0.000143
2006   4   9  53834   0.104220   0.371200   0.2604284   0.0011041  -0.053147  -0.005861   0.000030   0.000018  0.0000170  0.0000019    0.000225    0.000143
2006   4  10  53835   0.104385   0.370673   0.2592604   0.0012372  -0.053128  -0.005540   0.000023   0.000017  0.0000142  0.0000018    0.000224    0.000146
2006   4  11  53836   0.103930   0.369840   0.2580330   0.0012548  -0.053308  -0.005147   0.000012   0.000014  0.0000135  0.0000018    0.000244    0.000159
2006   4  12  53837   0.103482   0.368915   0.2567257   0.0012547  -0.053507  -0.004934   0.000012   0.000014  0.0000206  0.0000017    0.000374    0.000238
2006   4  13  53838   0.103371   0.368340   0.2555258   0.0012389  -0.053619  -0.005048   0.000018   0.000026  0.0000246  0.0000016    0.000531    0.000277
2006   4  14  53839   0.103158   0.367834   0.2543392   0.0011164  -0.053712  -0.005385   0.000022   0.000027  0.0000244  0.0000016    0.000466    0.000235
2006   4  15  53840   0.102458   0.367277   0.2532737   0.0009063  -0.053848  -0.005709   0.000024   0.000017  0.0000261  0.0000016    0.000451    0.000227
2006   4  16  53841   0.101839   0.366654   0.2524241   0.0007124  -0.053989  -0.005878   0.000027   0.000017  0.0000268  0.0000016    0.000397    0.000224
2006   4  17  53842   0.101859   0.366299   0.2517923   0.0005821  -0.054080  -0.005918   0.000021   0.000022  0.0000141  0.0000016    0.000182    0.000197
2006   4  18  53843   0.101991   0.366136   0.2512973   0.0005114  -0.054088  -0.005944   0.000012   0.000014  0.0000147  0.0000017    0.000182    0.000197
2006   4  19  53844   0.102123   0.365615   0.2508275   0.0005001  -0.053955  -0.006036   0.000012   0.000011  0.0000165  0.0000017    0.000183    0.000197
2006   4  20  53845   0.102804   0.364910   0.2502988   0.0005617  -0.053612  -0.006201   0.000020   0.000014  0.0000205  0.0000017    0.000200    0.000200
2006   4  21  53846   0.103658   0.364443   0.2496552   0.0007320  -0.053073  -0.006413   0.000021   0.000025  0.0000239  0.0000018    0.000296    0.000210
2006   4  22  53847   0.104291   0.364146   0.2487672   0.0010348  -0.052503  -0.006607   0.000013   0.000027  0.0000290  0.0000019    0.000307    0.000210
2006   4  23  53848   0.104978   0.363774   0.2475569   0.0013891  -0.052166  -0.006665   0.000011   0.000018  0.0000365  0.0000019    0.000252    0.000194
2006   4  24  53849   0.105566   0.363212   0.2460017   0.0016781  -0.052266  -0.006487   0.000014   0.000013  0.0000427  0.0000020    0.000140    0.000137
2006   4  25  53850   0.105911   0.362617   0.2442487   0.0018212  -0.052807  -0.006116   0.000024   0.000012  0.0000269  0.0000019    0.000136    0.000139
2006   4  26  53851   0.106151   0.362227   0.2424194   0.0018316  -0.053534  -0.005740   0.000027   0.000016  0.0000190  0.0000018    0.000130    0.000147
2006   4  27  53852   0.106442   0.362031   0.2406477   0.0017252  -0.054004  -0.005492   0.000026   0.000024  0.0000186  0.0000017    0.000148    0.000172
2006   4  28  53853   0.107215   0.361851   0.2390357   0.0014805  -0.054169  -0.005473   0.000023   0.000016  0.0000210  0.0000018    0.000195    0.000208
2006   4  29  53854   0.108442   0.361574   0.2377033   0.0011425  -0.054186  -0.005652   0.000014   0.000013  0.0000241  0.0000020    0.000233    0.000228
2006   4  30  53855   0.109376   0.361104   0.2366932   0.0008413  -0.054115  -0.005972   0.000014   0.000017  0.0000231  0.0000020    0.000242    0.000232
2006   5   1  53856   0.109714   0.360492   0.2359591   0.0006893  -0.053929  -0.006358   0.000020   0.000031  0.0000234  0.0000019    0.000134    0.000090
2006   5   2  53857   0.109812   0.359961   0.2352512   0.0007252  -0.053664  -0.006648   0.000012   0.000038  0.0000168  0.0000019    0.000131    0.000087
2006   5   3  53858   0.109846   0.359301   0.2344817   0.0008146  -0.053454  -0.006697   0.000010   0.000026  0.0000182  0.0000019    0.000131    0.000087
2006   5   4  53859   0.109626   0.358344   0.2336098   0.0009207  -0.053350  -0.006530   0.000012   0.000016  0.0000228  0.0000018    0.000145    0.000099
2006   5   5  53860   0.109120   0.357247   0.2326181   0.0010607  -0.053250  -0.006325   0.000023   0.000013  0.0000239  0.0000017    0.000220    0.000202
2006   5   6  53861   0.108682   0.355967   0.2315185   0.0012042  -0.053077  -0.006219   0.000027   0.000015  0.0000251  0.0000017    0.000229    0.000224
2006   5   7  53862   0.108534   0.354713   0.2302033   0.0013335  -0.052919  -0.006173   0.000029   0.000016  0.0000295  0.0000018    0.000217    0.000199
2006   5   8  53863   0.108269   0.353862   0.2288676   0.0014207  -0.052948  -0.006065   0.000025   0.000013  0.0000358  0.0000018    0.000167    0.000130
2006   5   9  53864   0.107893   0.353168   0.2273901   0.0014918  -0.053194  -0.005875   0.000013   0.000012  0.0000278  0.0000018    0.000166    0.000130
2006   5  10  53865   0.107649   0.352521   0.2258944   0.0015058  -0.053513  -0.005738   0.000013   0.000012  0.0000400  0.0000015    0.000167    0.000131
2006   5  11  53866   0.107450   0.352169   0.2243733   0.0014898  -0.053757  -0.005799   0.000019   0.000015  0.0000466  0.0000015    0.000228    0.000182
2006   5  12  53867   0.107449   0.351850   0.2229434   0.0014059  -0.053899  -0.006054   0.000013   0.000015  0.0000337  0.0000017    0.000251    0.000203
2006   5  13  53868   0.107765   0.351141   0.2216404   0.0012318  -0.053991  -0.006349   0.000011   0.000013  0.0000367  0.0000015    0.000251    0.000203
2006   5  14  53869   0.108476   0.350245   0.2204700   0.0010356  -0.054076  -0.006521   0.000014   0.000017  0.0000342  0.0000014    0.000255    0.000200
2006   5  15  53870   0.109627   0.349530   0.2195484   0.0008720  -0.054161  -0.006528   0.000024   0.000025  0.0000328  0.0000016    0.000282    0.000183
2006   5  16  53871   0.110646   0.348974   0.2187284   0.0007686  -0.054225  -0.006452   0.000029   0.000016  0.0000334  0.0000018    0.000282    0.000183
2006   5  17  53872   0.111009   0.348290   0.2179726   0.0007515  -0.054203  -0.006405   0.000030   0.000015  0.0000326  0.0000019    0.000278    0.000182
2006   5  18  53873   0.111121   0.347450   0.2171984   0.0008306  -0.053992  -0.006454   0.000024   0.000015  0.0000284  0.0000019    0.000152    0.000156
2006   5  19  53874   0.111299   0.346581   0.2162857   0.0010075  -0.053571  -0.006587   0.000013   0.000012  0.0000266  0.0000019    0.000142    0.000152
2006   5  20  53875   0.111530   0.345848   0.2151386   0.0012400  -0.053104  -0.006729   0.000011   0.000012  0.0000386  0.0000019    0.000142    0.000152
2006   5  21  53876   0.111846   0.345414   0.2137855   0.0014388  -0.052904  -0.006761   0.000013   0.000017  0.0000423  0.0000017    0.000134    0.000129
2006   5  22  53877   0.112244   0.345001   0.2122812   0.0015739  -0.053190  -0.006589   0.000012   0.000017  0.0000236  0.0000017    0.000103    0.000077
2006   5  23  53878   0.112806   0.344461   0.2107031   0.0015818  -0.053888  -0.006223   0.000010   0.000014  0.0000158  0.0000018    0.000111    0.000083
2006   5  24  53879   0.113547   0.343666   0.2091657   0.0014714  -0.054653  -0.005806   0.000010   0.000017  0.0000187  0.0000019    0.000149    0.000111
2006   5  25  53880   0.114386   0.342577   0.2077971   0.0012651  -0.054990  -0.005564   0.000010   0.000016  0.0000234  0.0000019    0.000219    0.000170
2006   5  26  53881   0.115125   0.341521   0.2066848   0.0009514  -0.054977  -0.005652   0.000010   0.000013  0.0000267  0.0000019    0.000235    0.000208
2006   5  27  53882   0.115916   0.340459   0.2059214   0.0005887  -0.055043  -0.006053   0.000010   0.000017  0.0000354  0.0000019    0.000235    0.000210
2006   5  28  53883   0.117096   0.339327   0.2054700   0.0002974  -0.055265  -0.006560   0.000014   0.000028  0.0000479  0.0000018    0.000271    0.000244
2006   5  29  53884   0.118337   0.338278   0.2052640   0.0001588  -0.055392  -0.006884   0.000019   0.000031  0.0000602  0.0000017    0.000722    0.000517
2006   5  30  53885   0.119297   0.337360   0.2051171   0.0001633  -0.055200  -0.006835   0.000012   0.000026  0.0000296  0.0000016    0.000362    0.000182
2006   5  31  53886   0.119958   0.336561   0.2049106   0.0002501  -0.054778  -0.006485   0.000012   0.000014  0.0000181  0.0000016    0.000196    0.000094
2006   6   1  53887   0.120511   0.335757   0.2046061   0.0003825  -0.054595  -0.006184   0.000021   0.000011  0.0000219  0.0000015    0.000164    0.000091
2006   6   2  53888   0.121068   0.334993   0.2041272   0.0005552  -0.054671  -0.006132   0.000024   0.000012  0.0000248  0.0000016    0.000150    0.000149
2006   6   3  53889   0.121591   0.334062   0.2034874   0.0007057  -0.054696  -0.006235   0.000024   0.000013  0.0000265  0.0000017    0.000149    0.000158
2006   6   4  53890   0.122187   0.332811   0.2027408   0.0007802  -0.054568  -0.006265   0.000027   0.000014  0.0000290  0.0000016    0.000160    0.000169
2006   6   5  53891   0.122535   0.331499   0.2019531   0.0007782  -0.054492  -0.006068   0.000027   0.000018  0.0000475  0.0000017    0.000664    0.000513
2006   6   6  53892   0.122504   0.330165   0.2011833   0.0007371  -0.054745  -0.005719   0.000027   0.000029  0.0000227  0.0000018    0.000341    0.000293
2006   6   7  53893   0.122645   0.328773   0.2004810   0.0006592  -0.055384  -0.005471   0.000023   0.000035  0.0000148  0.0000018    0.000195    0.000173
2006   6   8  53894   0.123094   0.327393   0.1999011   0.0004819  -0.056106  -0.005552   0.000013   0.000030  0.0000155  0.0000019    0.000157    0.000151
2006   6   9  53895   0.123347   0.326142   0.1995585   0.0002150  -0.056564  -0.005867   0.000013   0.000016  0.0000201  0.0000019    0.000142    0.000168
2006   6  10  53896   0.123361   0.324904   0.1994652  -0.0000394  -0.056643  -0.006130   0.000023   0.000013  0.0000303  0.0000019    0.000142    0.000170
2006   6  11  53897   0.123530   0.323395   0.1996228  -0.0002505  -0.056495  -0.006198   0.000029   0.000014  0.0000365  0.0000019    0.000145    0.000162
2006   6  12  53898   0.123873   0.321657   0.1999632  -0.0003881  -0.056377  -0.006152   0.000027   0.000012  0.0000196  0.0000019    0.000179    0.000127
2006   6  13  53899   0.124361   0.319897   0.2003667  -0.0003628  -0.056457  -0.006153   0.000025   0.000011  0.0000133  0.0000018    0.000178    0.000131
2006   6  14  53900   0.125064   0.318434   0.2006630  -0.0001973  -0.056761  -0.006271   0.000025   0.000012  0.0000183  0.0000017    0.000174    0.000146
2006   6  15  53901   0.125658   0.317385   0.2007706   0.0000104  -0.057205  -0.006393   0.000025   0.000015  0.0000295  0.0000017    0.000172    0.000158
2006   6  16  53902   0.125942   0.316540   0.2006651   0.0002877  -0.057678  -0.006403   0.000025   0.000017  0.0000520  0.0000017    0.000171    0.000161
2006   6  17  53903   0.126105   0.315708   0.2001482   0.0005884  -0.058048  -0.006276   0.000023   0.000017  0.0000571  0.0000017    0.000172    0.000162
2006   6  18  53904   0.126283   0.314630   0.1993618   0.0008146  -0.058173  -0.006052   0.000014   0.000019  0.0000575  0.0000018    0.000188    0.000172
2006   6  19  53905   0.126346   0.313447   0.1985222   0.0008957  -0.058013  -0.005800   0.000011   0.000020  0.0000283  0.0000017    0.000188    0.000172
2006   6  20  53906   0.126197   0.312331   0.1976935   0.0007993  -0.057701  -0.005584   0.000012   0.000029  0.0000187  0.0000018    0.000188    0.000172
2006   6  21  53907   0.125941   0.311278   0.1970042   0.0006144  -0.057494  -0.005442   0.000011   0.000030  0.0000256  0.0000019    0.000220    0.000202
2006   6  22  53908   0.125474   0.310446   0.1964705   0.0003916  -0.057588  -0.005374   0.000009   0.000017  0.0000305  0.0000019    0.000363    0.000364
2006   6  23  53909   0.124907   0.309613   0.1962054   0.0001867  -0.057964  -0.005399   0.000010   0.000016  0.0000231  0.0000019    0.000212    0.000214
2006   6  24  53910   0.124776   0.308529   0.1961078   0.0000176  -0.058391  -0.005583   0.000012   0.000017  0.0000293  0.0000019    0.000175    0.000176
2006   6  25  53911   0.125150   0.307331   0.1961786  -0.0000998  -0.058628  -0.005896   0.000014   0.000015  0.0000323  0.0000017    0.000172    0.000168
2006   6  26  53912   0.125608   0.306126   0.1963261  -0.0000878  -0.058589  -0.006171   0.000011   0.000019  0.0000241  0.0000016    0.000195    0.000158
2006   6  27  53913   0.125980   0.304983   0.1963133   0.0000570  -0.058360  -0.006231   0.000010   0.000018  0.0000173  0.0000017    0.000201    0.000167
2006   6  28  53914   0.126244   0.303900   0.1961582   0.0002372  -0.058123  -0.006039   0.000009   0.000019  0.0000212  0.0000019    0.000224    0.000201
2006   6  29  53915   0.126672   0.302680   0.1958317   0.0004406  -0.058066  -0.005735   0.000009   0.000027  0.0000225  0.0000019    0.000234    0.000178
2006   6  30  53916   0.127518   0.301311   0.1952631   0.0006322  -0.058368  -0.005606   0.000010   0.000026  0.0000257  0.0000018    0.000199    0.000141
2006   7   1  53917   0.128351   0.299999   0.1945193   0.0008225  -0.058648  -0.005634   0.000010   0.000017  0.0000339  0.0000017    0.000181    0.000130
2006   7   2  53918   0.128777   0.298878   0.1935934   0.0009566  -0.058645  -0.005620   0.000010   0.000018  0.0000354  0.0000017    0.000207    0.000149
2006   7   3  53919   0.128868   0.297776   0.1926215   0.0009818  -0.058568  -0.005461   0.000010   0.000029  0.0000360  0.0000018    0.000840    0.000822
2006   7   4  53920   0.128810   0.296558   0.1916622   0.0009592  -0.058827  -0.005257   0.000009   0.000026  0.0000381  0.0000017    0.000786    0.000692
2006   7   5  53921   0.128807   0.295417   0.1907234   0.0008991  -0.059596  -0.005226   0.000009   0.000016  0.0000245  0.0000017    0.000264    0.000164
2006   7   6  53922   0.128677   0.294579   0.1899019   0.0007562  -0.060458  -0.005467   0.000012   0.000012  0.0000209  0.0000018    0.000176    0.000111
2006   7   7  53923   0.128389   0.293695   0.1892920   0.0005153  -0.060826  -0.005845   0.000021   0.000012  0.0000257  0.0000018    0.000191    0.000140
2006   7   8  53924   0.128072   0.292484   0.1888795   0.0002530  -0.060661  -0.006102   0.000014   0.000013  0.0000367  0.0000018    0.000203    0.000179
2006   7   9  53925   0.127559   0.291138   0.1887463   0.0000548  -0.060389  -0.006139   0.000011   0.000019  0.0000370  0.0000018    0.000197    0.000169
2006   7  10  53926   0.126836   0.289769   0.1887760  -0.0000099  -0.060414  -0.006051   0.000009   0.000031  0.0000250  0.0000017    0.000157    0.000110
2006   7  11  53927   0.126205   0.288368   0.1887559   0.0000413  -0.060753  -0.005931   0.000009   0.000027  0.0000182  0.0000016    0.000155    0.000112
2006   7  12  53928   0.125931   0.286967   0.1886568   0.0001594  -0.061099  -0.005788   0.000009   0.000017  0.0000225  0.0000015    0.000158    0.000130
2006   7  13  53929   0.125523   0.285767   0.1884038   0.0004122  -0.061133  -0.005605   0.000009   0.000013  0.0000253  0.0000013    0.000224    0.000183
2006   7  14  53930   0.124565   0.284929   0.1878048   0.0007525  -0.060970  -0.005492   0.000009   0.000015  0.0000271  0.0000014    0.000247    0.000147
2006   7  15  53931   0.123440   0.284217   0.1869009   0.0010196  -0.061029  -0.005588   0.000009   0.000026  0.0000344  0.0000018    0.000211    0.000125
2006   7  16  53932   0.122671   0.283270   0.1857821   0.0011185  -0.061434  -0.005814   0.000010   0.000033  0.0000314  0.0000020    0.000195    0.000114
2006   7  17  53933   0.122109   0.282163   0.1847065   0.0010342  -0.061984  -0.005938   0.000009   0.000028  0.0000190  0.0000019    0.000152    0.000086
2006   7  18  53934   0.121607   0.281148   0.1837839   0.0008299  -0.062431  -0.005825   0.000009   0.000017  0.0000136  0.0000017    0.000152    0.000086
2006   7  19  53935   0.121189   0.280287   0.1830863   0.0005631  -0.062660  -0.005553   0.000009   0.000017  0.0000151  0.0000017    0.000178    0.000098
2006   7  20  53936   0.120690   0.279515   0.1826597   0.0002946  -0.062735  -0.005386   0.000011   0.000026  0.0000193  0.0000018    0.000417    0.000189
2006   7  21  53937   0.120052   0.278748   0.1825087   0.0000383  -0.062736  -0.005542   0.000011   0.000016  0.0000227  0.0000019    0.000309    0.000182
2006   7  22  53938   0.119394   0.277855   0.1825738  -0.0001617  -0.062656  -0.005918   0.000010   0.000014  0.0000305  0.0000019    0.000262    0.000171
2006   7  23  53939   0.118744   0.276944   0.1827916  -0.0002538  -0.062485  -0.006297   0.000010   0.000018  0.0000354  0.0000019    0.000223    0.000153
2006   7  24  53940   0.117960   0.275952   0.1830398  -0.0002307  -0.062307  -0.006480   0.000010   0.000016  0.0000211  0.0000018    0.000140    0.000103
2006   7  25  53941   0.117339   0.274746   0.1832261  -0.0000961  -0.062243  -0.006337   0.000009   0.000016  0.0000221  0.0000017    0.000140    0.000103
2006   7  26  53942   0.116935   0.273647   0.1832677   0.0000586  -0.062344  -0.005918   0.000009   0.000015  0.0000282  0.0000019    0.000163    0.000120
2006   7  27  53943   0.116484   0.272905   0.1831239   0.0001659  -0.062624  -0.005442   0.000009   0.000012  0.0000313  0.0000019    0.000452    0.000374
2006   7  28  53944   0.116252   0.272528   0.1828829   0.0002736  -0.063058  -0.005154   0.000009   0.000012  0.0000315  0.0000019    0.000314    0.000276
2006   7  29  53945   0.116020   0.272549   0.1825347   0.0003912  -0.063478  -0.005130   0.000010   0.000013  0.0000418  0.0000019    0.000257    0.000225
2006   7  30  53946   0.115095   0.272495   0.1821068   0.0004744  -0.063701  -0.005227   0.000011   0.000014  0.0000488  0.0000019    0.000243    0.000210
2006   7  31  53947   0.113768   0.271877   0.1816350   0.0004782  -0.063709  -0.005272   0.000010   0.000019  0.0000317  0.0000019    0.000218    0.000177
2006   8   1  53948   0.112504   0.271184   0.1811849   0.0004143  -0.063724  -0.005282   0.000013   0.000031  0.0000275  0.0000020    0.000219    0.000178
2006   8   2  53949   0.111323   0.270659   0.1807675   0.0003074  -0.064028  -0.005425   0.000020   0.000031  0.0000382  0.0000020    0.000252    0.000207
2006   8   3  53950   0.110255   0.269987   0.1805768   0.0001652  -0.064623  -0.005785   0.000012   0.000017  0.0000324  0.0000020    0.000398    0.000300
2006   8   4  53951   0.109349   0.269044   0.1804962   0.0000020  -0.065151  -0.006198   0.000010   0.000013  0.0000316  0.0000019    0.000256    0.000169
2006   8   5  53952   0.108806   0.267900   0.1805554  -0.0001196  -0.065287  -0.006365   0.000010   0.000014  0.0000436  0.0000020    0.000215    0.000139
2006   8   6  53953   0.108525   0.266560   0.1806776  -0.0001683  -0.065076  -0.006229   0.000013   0.000018  0.0000547  0.0000022    0.000194    0.000131
2006   8   7  53954   0.108344   0.265247   0.1809006  -0.0001467  -0.064788  -0.005994   0.000012   0.000016  0.0000370  0.0000021    0.000140    0.000115
2006   8   8  53955   0.108431   0.264228   0.1809885   0.0000362  -0.064573  -0.005824   0.000009   0.000013  0.0000277  0.0000021    0.000140    0.000115
2006   8   9  53956   0.108406   0.263534   0.1808337   0.0003312  -0.064463  -0.005702   0.000009   0.000012  0.0000387  0.0000021    0.000140    0.000116
2006   8  10  53957   0.107810   0.262818   0.1803273   0.0006531  -0.064553  -0.005590   0.000012   0.000011  0.0000418  0.0000020    0.000162    0.000127
2006   8  11  53958   0.106912   0.261855   0.1794843   0.0009454  -0.064919  -0.005583   0.000012   0.000012  0.0000296  0.0000018    0.000168    0.000130
2006   8  12  53959   0.105979   0.260893   0.1784421   0.0010941  -0.065419  -0.005736   0.000010   0.000015  0.0000403  0.0000016    0.000168    0.000130
2006   8  13  53960   0.105135   0.260099   0.1772985   0.0010759  -0.065814  -0.005889   0.000010   0.000025  0.0000490  0.0000017    0.000168    0.000130
2006   8  14  53961   0.104385   0.259460   0.1763520   0.0008638  -0.066022  -0.005847   0.000012   0.000016  0.0000453  0.0000020    0.000163    0.000122
2006   8  15  53962   0.103434   0.259006   0.1756443   0.0005789  -0.066131  -0.005654   0.000011   0.000012  0.0000441  0.0000020    0.000116    0.000071
2006   8  16  53963   0.102085   0.258692   0.1752148   0.0002961  -0.066222  -0.005547   0.000009   0.000015  0.0000219  0.0000020    0.000117    0.000072
2006   8  17  53964   0.100623   0.258168   0.1750482   0.0000471  -0.066331  -0.005660   0.000012   0.000016  0.0000183  0.0000019    0.000124    0.000076
2006   8  18  53965   0.099388   0.257430   0.1750855  -0.0000978  -0.066477  -0.005907   0.000021   0.000012  0.0000246  0.0000019    0.000155    0.000099
2006   8  19  53966   0.098077   0.256638   0.1752403  -0.0001687  -0.066617  -0.006119   0.000026   0.000013  0.0000374  0.0000021    0.000194    0.000133
2006   8  20  53967   0.096575   0.255924   0.1754345  -0.0001407  -0.066627  -0.006238   0.000028   0.000018  0.0000442  0.0000021    0.000193    0.000138
2006   8  21  53968   0.095102   0.255510   0.1754681   0.0000230  -0.066426  -0.006262   0.000021   0.000031  0.0000276  0.0000019    0.000141    0.000109
2006   8  22  53969   0.093975   0.255310   0.1753333   0.0002353  -0.066078  -0.006134   0.000012   0.000025  0.0000190  0.0000015    0.000141    0.000109
2006   8  23  53970   0.092932   0.254989   0.1750313   0.0003979  -0.065725  -0.005791   0.000009   0.000015  0.0000229  0.0000014    0.000162    0.000126
2006   8  24  53971   0.091601   0.254472   0.1745168   0.0005647  -0.065537  -0.005290   0.000009   0.000015  0.0000231  0.0000018    0.000300    0.000273
2006   8  25  53972   0.090508   0.254093   0.1738799   0.0006946  -0.065606  -0.004852   0.000009   0.000016  0.0000255  0.0000019    0.000231    0.000230
2006   8  26  53973   0.089651   0.254058   0.1731588   0.0007256  -0.065772  -0.004731   0.000012   0.000013  0.0000378  0.0000021    0.000200    0.000201
2006   8  27  53974   0.088501   0.254240   0.1724548   0.0007033  -0.065906  -0.004913   0.000024   0.000015  0.0000370  0.0000021    0.000168    0.000146
2006   8  28  53975   0.087075   0.254288   0.1717201   0.0006563  -0.066009  -0.005170   0.000027   0.000015  0.0000232  0.0000021    0.000102    0.000073
2006   8  29  53976   0.085772   0.254190   0.1711175   0.0005757  -0.066182  -0.005366   0.000025   0.000014  0.0000157  0.0000022    0.000102    0.000074
2006   8  30  53977   0.084533   0.254198   0.1706229   0.0004189  -0.066520  -0.005563   0.000024   0.000013  0.0000158  0.0000022    0.000106    0.000079
2006   8  31  53978   0.083387   0.254202   0.1702974   0.0002248  -0.066840  -0.005874   0.000015   0.000013  0.0000183  0.0000022    0.000126    0.000101
2006   9   1  53979   0.082449   0.254229   0.1701833   0.0000735  -0.066781  -0.006220   0.000012   0.000014  0.0000245  0.0000022    0.000153    0.000118
2006   9   2  53980   0.081279   0.254332   0.1701332  -0.0000044  -0.066366  -0.006331   0.000015   0.000018  0.0000356  0.0000023    0.000183    0.000135
2006   9   3  53981   0.079745   0.254404   0.1701535   0.0000277  -0.065897  -0.006159   0.000022   0.000021  0.0000395  0.0000023    0.000221    0.000161
2006   9   4  53982   0.078238   0.254439   0.1700541   0.0002165  -0.065655  -0.005930   0.000014   0.000015  0.0000672  0.0000021    0.000602    0.000420
2006   9   5  53983   0.077237   0.254446   0.1696798   0.0005469  -0.065655  -0.005786   0.000013   0.000014  0.0000348  0.0000020    0.000276    0.000198
2006   9   6  53984   0.076766   0.254534   0.1689483   0.0009271  -0.065740  -0.005594   0.000013   0.000014  0.0000219  0.0000018    0.000147    0.000106
2006   9   7  53985   0.076156   0.254841   0.1678672   0.0012585  -0.065874  -0.005190   0.000014   0.000013  0.0000251  0.0000015    0.000147    0.000104
2006   9   8  53986   0.075048   0.255102   0.1664655   0.0014871  -0.066171  -0.004859   0.000021   0.000013  0.0000274  0.0000015    0.000421    0.000215
2006   9   9  53987   0.073762   0.254951   0.1648937   0.0015645  -0.066566  -0.004970   0.000014   0.000014  0.0000380  0.0000017    0.000563    0.000240
2006   9  10  53988   0.072384   0.254583   0.1633577   0.0014316  -0.066846  -0.005381   0.000013   0.000020  0.0000360  0.0000018    0.000409    0.000181
2006   9  11  53989   0.070796   0.254203   0.1620785   0.0011606  -0.067013  -0.005631   0.000012   0.000031  0.0000194  0.0000020    0.000197    0.000093
2006   9  12  53990   0.069077   0.253875   0.1610749   0.0008605  -0.067201  -0.005542   0.000012   0.000028  0.0000140  0.0000020    0.000184    0.000097
2006   9  13  53991   0.067346   0.253381   0.1603696   0.0006235  -0.067335  -0.005378   0.000012   0.000023  0.0000179  0.0000019    0.000147    0.000113
2006   9  14  53992   0.065842   0.252680   0.1598241   0.0004375  -0.067348  -0.005465   0.000010   0.000016  0.0000189  0.0000019    0.000122    0.000130
2006   9  15  53993   0.064581   0.252240   0.1594757   0.0003036  -0.067165  -0.005747   0.000010   0.000013  0.0000248  0.0000019    0.000157    0.000171
2006   9  16  53994   0.063309   0.252186   0.1591675   0.0003103  -0.066770  -0.006023   0.000010   0.000013  0.0000339  0.0000019    0.000270    0.000247
2006   9  17  53995   0.061822   0.252251   0.1588397   0.0003862  -0.066342  -0.006116   0.000010   0.000014  0.0000335  0.0000018    0.000273    0.000228
2006   9  18  53996   0.060233   0.252354   0.1583742   0.0005515  -0.066072  -0.005920   0.000009   0.000014  0.0000262  0.0000017    0.000145    0.000128
2006   9  19  53997   0.058503   0.252716   0.1577234   0.0007559  -0.066052  -0.005398   0.000011   0.000017  0.0000180  0.0000017    0.000154    0.000133
2006   9  20  53998   0.056449   0.253057   0.1568825   0.0009266  -0.066192  -0.004649   0.000011   0.000017  0.0000207  0.0000017    0.000189    0.000151
2006   9  21  53999   0.054197   0.253220   0.1559038   0.0010842  -0.066023  -0.004132   0.000011   0.000016  0.0000270  0.0000017    0.000228    0.000175
2006   9  22  54000   0.051705   0.253324   0.1547784   0.0011451  -0.065488  -0.004087   0.000011   0.000015  0.0000288  0.0000018    0.000225    0.000207
2006   9  23  54001   0.049212   0.253148   0.1535586   0.0011476  -0.064984  -0.004398   0.000010   0.000012  0.0000340  0.0000019    0.000224    0.000209
2006   9  24  54002   0.047080   0.252931   0.1523952   0.0011221  -0.064806  -0.004825   0.000013   0.000013  0.0000382  0.0000020    0.000193    0.000180
2006   9  25  54003   0.045055   0.252729   0.1513473   0.0010355  -0.064952  -0.005124   0.000020   0.000016  0.0000144  0.0000019    0.000117    0.000110
2006   9  26  54004   0.043217   0.252363   0.1503992   0.0009030  -0.065208  -0.005229   0.000012   0.000015  0.0000144  0.0000019    0.000117    0.000110
2006   9  27  54005   0.041638   0.252145   0.1495391   0.0007754  -0.065379  -0.005297   0.000012   0.000012  0.0000198  0.0000018    0.000117    0.000110
2006   9  28  54006   0.039770   0.252244   0.1488117   0.0006748  -0.065451  -0.005454   0.000018   0.000015  0.0000390  0.0000018    0.000172    0.000155
2006   9  29  54007   0.037452   0.252350   0.1482145   0.0006177  -0.065473  -0.005628   0.000011   0.000015  0.0000337  0.0000018    0.000196    0.000173
2006   9  30  54008   0.035023   0.252423   0.1475943   0.0006535  -0.065445  -0.005632   0.000010   0.000012  0.0000338  0.0000018    0.000196    0.000173
2006  10   1  54009   0.032613   0.252668   0.1468436   0.0007806  -0.065354  -0.005454   0.000013   0.000013  0.0000258  0.0000020    0.000176    0.000143
2006  10   2  54010   0.030348   0.252895   0.1460031   0.0009941  -0.065219  -0.005286   0.000019   0.000013  0.0000188  0.0000019    0.000117    0.000082
2006  10   3  54011   0.028383   0.253093   0.1448844   0.0012888  -0.065051  -0.005257   0.000012   0.000012  0.0000164  0.0000019    0.000117    0.000082
2006  10   4  54012   0.026987   0.253468   0.1433922   0.0016348  -0.064898  -0.005231   0.000011   0.000012  0.0000210  0.0000019    0.000131    0.000092
2006  10   5  54013   0.026102   0.253942   0.1415852   0.0019939  -0.064921  -0.004978   0.000011   0.000011  0.0000202  0.0000018    0.000213    0.000162
2006  10   6  54014   0.025208   0.254309   0.1394423   0.0022270  -0.065163  -0.004588   0.000009   0.000012  0.0000239  0.0000017    0.000221    0.000191
2006  10   7  54015   0.024294   0.254691   0.1371869   0.0022165  -0.065298  -0.004505   0.000009   0.000015  0.0000277  0.0000019    0.000221    0.000210
2006  10   8  54016   0.023492   0.255284   0.1349927   0.0020385  -0.065076  -0.004763   0.000013   0.000017  0.0000253  0.0000020    0.000207    0.000208
2006  10   9  54017   0.022269   0.256231   0.1331236   0.0017303  -0.064770  -0.004946   0.000011   0.000017  0.0000220  0.0000019    0.000151    0.000178
2006  10  10  54018   0.020400   0.257280   0.1315872   0.0013758  -0.064856  -0.004828   0.000008   0.000014  0.0000202  0.0000018    0.000155    0.000182
2006  10  11  54019   0.018237   0.257980   0.1303500   0.0011270  -0.065311  -0.004637   0.000008   0.000011  0.0000300  0.0000018    0.000169    0.000197
2006  10  12  54020   0.015667   0.258268   0.1293125   0.0009729  -0.065555  -0.004743   0.000011   0.000013  0.0000389  0.0000017    0.000188    0.000210
2006  10  13  54021   0.013053   0.258081   0.1283896   0.0008641  -0.065280  -0.005059   0.000021   0.000013  0.0000276  0.0000017    0.000214    0.000214
2006  10  14  54022   0.011221   0.257781   0.1275696   0.0008520  -0.064758  -0.005206   0.000021   0.000012  0.0000318  0.0000019    0.000216    0.000214
2006  10  15  54023   0.009838   0.258026   0.1266979   0.0009191  -0.064330  -0.005031   0.000013   0.000015  0.0000369  0.0000020    0.000184    0.000165
2006  10  16  54024   0.008442   0.258903   0.1256795   0.0010700  -0.064019  -0.004686   0.000012   0.000014  0.0000165  0.0000020    0.000110    0.000086
2006  10  17  54025   0.007189   0.259898   0.1245030   0.0012506  -0.063689  -0.004353   0.000011   0.000011  0.0000165  0.0000019    0.000109    0.000086
2006  10  18  54026   0.006163   0.260713   0.1231998   0.0013718  -0.063315  -0.004055   0.000011   0.000011  0.0000208  0.0000018    0.000110    0.000086
2006  10  19  54027   0.005199   0.261571   0.1217890   0.0014463  -0.063000  -0.003749   0.000020   0.000011  0.0000283  0.0000018    0.000175    0.000132
2006  10  20  54028   0.004185   0.262350   0.1203072   0.0014848  -0.062824  -0.003511   0.000024   0.000012  0.0000246  0.0000018    0.000211    0.000155
2006  10  21  54029   0.003446   0.263139   0.1188151   0.0014632  -0.062823  -0.003503   0.000026   0.000015  0.0000279  0.0000019    0.000211    0.000155
2006  10  22  54030   0.002920   0.264083   0.1173653   0.0013900  -0.062994  -0.003772   0.000027   0.000024  0.0000313  0.0000019    0.000213    0.000156
2006  10  23  54031   0.002168   0.265092   0.1160234   0.0013015  -0.063258  -0.004150   0.000026   0.000014  0.0000240  0.0000018    0.000223    0.000162
2006  10  24  54032   0.000987   0.266296   0.1147926   0.0011548  -0.063433  -0.004406   0.000021   0.000011  0.0000162  0.0000018    0.000223    0.000162
2006  10  25  54033  -0.000598   0.267373   0.1137427   0.0009578  -0.063357  -0.004460   0.000012   0.000011  0.0000214  0.0000018    0.000223    0.000162
2006  10  26  54034  -0.001911   0.268038   0.1128460   0.0008470  -0.063053  -0.004417   0.000012   0.000011  0.0000308  0.0000018    0.000238    0.000216
2006  10  27  54035  -0.002508   0.268614   0.1120522   0.0007698  -0.062699  -0.004406   0.000021   0.000014  0.0000231  0.0000018    0.000241    0.000236
2006  10  28  54036  -0.002954   0.269121   0.1113138   0.0007403  -0.062429  -0.004457   0.000024   0.000016  0.0000230  0.0000018    0.000241    0.000236
2006  10  29  54037  -0.003204   0.269736   0.1104760   0.0008906  -0.062223  -0.004514   0.000025   0.000013  0.0000220  0.0000018    0.000196    0.000159
2006  10  30  54038  -0.003369   0.270722   0.1094971   0.0011214  -0.061988  -0.004515   0.000020   0.000012  0.0000144  0.0000018    0.000109    0.000074
2006  10  31  54039  -0.003849   0.271794   0.1082743   0.0013787  -0.061699  -0.004399   0.000011   0.000011  0.0000152  0.0000018    0.000109    0.000074
2006  11   1  54040  -0.004202   0.272916   0.1067292   0.0016960  -0.061452  -0.004097   0.000011   0.000011  0.0000184  0.0000018    0.000109    0.000075
2006  11   2  54041  -0.004332   0.274206   0.1048855   0.0019498  -0.061396  -0.003650   0.000020   0.000015  0.0000132  0.0000018    0.000241    0.000159
2006  11   3  54042  -0.004630   0.275363   0.1028929   0.0020133  -0.061549  -0.003296   0.000022   0.000026  0.0000130  0.0000018    0.000519    0.000304
2006  11   4  54043  -0.005163   0.276149   0.1009094   0.0018961  -0.061695  -0.003296   0.000013   0.000030  0.0000186  0.0000018    0.000521    0.000305
2006  11   5  54044  -0.005853   0.276904   0.0991258   0.0015974  -0.061622  -0.003602   0.000010   0.000031  0.0000247  0.0000019    0.000232    0.000151
2006  11   6  54045  -0.006551   0.277859   0.0977186   0.0012330  -0.061449  -0.003871   0.000012   0.000027  0.0000152  0.0000018    0.000093    0.000062
2006  11   7  54046  -0.007387   0.279388   0.0966409   0.0009422  -0.061480  -0.003867   0.000011   0.000015  0.0000115  0.0000018    0.000093    0.000062
2006  11   8  54047  -0.008861   0.281193   0.0958167   0.0007356  -0.061711  -0.003717   0.000008   0.000015  0.0000149  0.0000017    0.000096    0.000069
2006  11   9  54048  -0.010690   0.282433   0.0951363   0.0006685  -0.061743  -0.003689   0.000009   0.000026  0.0000170  0.0000016    0.000108    0.000117
2006  11  10  54049  -0.012436   0.283337   0.0944675   0.0006879  -0.061308  -0.003806   0.000011   0.000025  0.0000174  0.0000017    0.000130    0.000142
2006  11  11  54050  -0.013904   0.284070   0.0937477   0.0008175  -0.060661  -0.003803   0.000011   0.000017  0.0000170  0.0000018    0.000154    0.000164
2006  11  12  54051  -0.014863   0.284863   0.0927983   0.0010120  -0.060240  -0.003559   0.000009   0.000016  0.0000182  0.0000019    0.000153    0.000133
2006  11  13  54052  -0.015769   0.285866   0.0917321   0.0011243  -0.060191  -0.003234   0.000009   0.000013  0.0000176  0.0000018    0.000123    0.000071
2006  11  14  54053  -0.016881   0.286823   0.0905591   0.0012303  -0.060353  -0.003029   0.000010   0.000011  0.0000161  0.0000018    0.000134    0.000078
2006  11  15  54054  -0.017797   0.287611   0.0892768   0.0012419  -0.060509  -0.002959   0.000015   0.000014  0.0000194  0.0000019    0.000197    0.000117
2006  11  16  54055  -0.018590   0.288377   0.0880862   0.0012283  -0.060470  -0.002876   0.000011   0.000022  0.0000169  0.0000018    0.000306    0.000232
2006  11  17  54056  -0.019750   0.289431   0.0868387   0.0012197  -0.060304  -0.002731   0.000010   0.000014  0.0000146  0.0000018    0.000213    0.000183
2006  11  18  54057  -0.021273   0.290416   0.0856492   0.0011222  -0.060226  -0.002642   0.000011   0.000012  0.0000174  0.0000019    0.000209    0.000179
2006  11  19  54058  -0.022712   0.291092   0.0845775   0.0010137  -0.060334  -0.002723   0.000009   0.000017  0.0000185  0.0000018    0.000167    0.000147
2006  11  20  54059  -0.024200   0.291656   0.0836093   0.0009041  -0.060547  -0.002934   0.000012   0.000027  0.0000152  0.0000014    0.000092    0.000083
2006  11  21  54060  -0.025740   0.292296   0.0827751   0.0007603  -0.060623  -0.003128   0.000018   0.000026  0.0000126  0.0000014    0.000098    0.000089
2006  11  22  54061  -0.026911   0.293267   0.0820694   0.0006612  -0.060322  -0.003204   0.000019   0.000027  0.0000167  0.0000017    0.000133    0.000121
2006  11  23  54062  -0.028119   0.294681   0.0814481   0.0005855  -0.059700  -0.003203   0.000018   0.000024  0.0000221  0.0000017    0.000197    0.000184
2006  11  24  54063  -0.029671   0.296190   0.0809030   0.0005514  -0.059041  -0.003228   0.000011   0.000014  0.0000204  0.0000016    0.000223    0.000212
2006  11  25  54064  -0.031276   0.297672   0.0803103   0.0006884  -0.058614  -0.003318   0.000009   0.000012  0.0000158  0.0000016    0.000220    0.000196
2006  11  26  54065  -0.032934   0.299171   0.0795054   0.0009511  -0.058471  -0.003412   0.000012   0.000012  0.0000131  0.0000017    0.000149    0.000095
2006  11  27  54066  -0.034541   0.300544   0.0784048   0.0012560  -0.058474  -0.003409   0.000019   0.000014  0.0000128  0.0000017    0.000149    0.000096
2006  11  28  54067  -0.035815   0.301516   0.0770164   0.0015239  -0.058499  -0.003243   0.000019   0.000013  0.0000178  0.0000017    0.000152    0.000098
2006  11  29  54068  -0.036691   0.302234   0.0753908   0.0017212  -0.058568  -0.002927   0.000010   0.000014  0.0000240  0.0000017    0.000163    0.000105
2006  11  30  54069  -0.037443   0.303245   0.0735975   0.0018109  -0.058794  -0.002580   0.000008   0.000021  0.0000272  0.0000016    0.000182    0.000120
2006  12   1  54070  -0.038211   0.304255   0.0718095   0.0017531  -0.059165  -0.002337   0.000010   0.000013  0.0000204  0.0000016    0.000232    0.000169
2006  12   2  54071  -0.038563   0.305240   0.0701106   0.0015329  -0.059493  -0.002292   0.000012   0.000013  0.0000205  0.0000019    0.000237    0.000174
2006  12   3  54072  -0.038608   0.306815   0.0687486   0.0012262  -0.059587  -0.002438   0.000010   0.000027  0.0000185  0.0000018    0.000204    0.000149
2006  12   4  54073  -0.038694   0.308719   0.0676440   0.0009884  -0.059453  -0.002641   0.000012   0.000027  0.0000179  0.0000017    0.000125    0.000089
2006  12   5  54074  -0.038827   0.310506   0.0667525   0.0008142  -0.059278  -0.002757   0.000011   0.000014  0.0000201  0.0000017    0.000125    0.000089
2006  12   6  54075  -0.039293   0.312341   0.0659883   0.0006941  -0.059190  -0.002756   0.000011   0.000011  0.0000217  0.0000016    0.000122    0.000088
2006  12   7  54076  -0.040282   0.314328   0.0653124   0.0007307  -0.059135  -0.002677   0.000015   0.000011  0.0000200  0.0000016    0.000126    0.000093
2006  12   8  54077  -0.041531   0.316256   0.0645074   0.0008622  -0.059020  -0.002524   0.000010   0.000014  0.0000275  0.0000015    0.000186    0.000137
2006  12   9  54078  -0.042575   0.317754   0.0635497   0.0010464  -0.058897  -0.002269   0.000009   0.000025  0.0000252  0.0000016    0.000426    0.000312
2006  12  10  54079  -0.043421   0.318917   0.0624520   0.0012241  -0.058802  -0.001997   0.000012   0.000018  0.0000204  0.0000019    0.000304    0.000200
2006  12  11  54080  -0.044228   0.319843   0.0611647   0.0013507  -0.058640  -0.001877   0.000012   0.000013  0.0000162  0.0000021    0.000112    0.000073
2006  12  12  54081  -0.044892   0.320841   0.0597491   0.0014384  -0.058308  -0.001984   0.000011   0.000013  0.0000158  0.0000021    0.000119    0.000079
2006  12  13  54082  -0.045621   0.322288   0.0583006   0.0014307  -0.057893  -0.002192   0.000009   0.000017  0.0000169  0.0000021    0.000160    0.000109
2006  12  14  54083  -0.046663   0.323858   0.0568935   0.0013311  -0.057724  -0.002236   0.000009   0.000028  0.0000198  0.0000021    0.000325    0.000240
2006  12  15  54084  -0.047921   0.325255   0.0556435   0.0012225  -0.057941  -0.002061   0.000009   0.000031  0.0000231  0.0000021    0.000592    0.000462
2006  12  16  54085  -0.048952   0.326597   0.0544172   0.0011107  -0.058335  -0.001896   0.000009   0.000028  0.0000271  0.0000020    0.000511    0.000401
2006  12  17  54086  -0.049615   0.328028   0.0533931   0.0009373  -0.058635  -0.001952   0.000009   0.000018  0.0000259  0.0000019    0.000288    0.000170
2006  12  18  54087  -0.050129   0.329545   0.0525559   0.0007644  -0.058735  -0.002202   0.000010   0.000017  0.0000196  0.0000017    0.000124    0.000067
2006  12  19  54088  -0.050527   0.331012   0.0518603   0.0006644  -0.058666  -0.002450   0.000012   0.000020  0.0000145  0.0000017    0.000124    0.000067
2006  12  20  54089  -0.051113   0.332262   0.0512503   0.0005744  -0.058511  -0.002518   0.000010   0.000014  0.0000187  0.0000017    0.000124    0.000067
2006  12  21  54090  -0.051993   0.333176   0.0507185   0.0005240  -0.058331  -0.002405   0.000008   0.000015  0.0000258  0.0000016    0.000153    0.000113
2006  12  22  54091  -0.052618   0.333649   0.0501849   0.0006242  -0.058182  -0.002260   0.000008   0.000015  0.0000226  0.0000017    0.000161    0.000143
2006  12  23  54092  -0.052619   0.334173   0.0494585   0.0008396  -0.058123  -0.002244   0.000010   0.000016  0.0000264  0.0000018    0.000161    0.000143
2006  12  24  54093  -0.052081   0.335271   0.0484411   0.0011276  -0.058172  -0.002401   0.000014   0.000030  0.0000309  0.0000018    0.000161    0.000143
2006  12  25  54094  -0.051329   0.336893   0.0471457   0.0013690  -0.058280  -0.002641   0.000011   0.000036  0.0000329  0.0000021    0.000164    0.000142
2006  12  26  54095  -0.050760   0.338681   0.0456688   0.0015397  -0.058374  -0.002791   0.000011   0.000020  0.0000267  0.0000026    0.000254    0.000127
2006  12  27  54096  -0.050458   0.340446   0.0441190   0.0016441  -0.058400  -0.002706   0.000011   0.000016  0.0000265  0.0000027    0.000254    0.000128
2006  12  28  54097  -0.050263   0.342192   0.0425641   0.0016074  -0.058355  -0.002358   0.000013   0.000020  0.0000255  0.0000027    0.000254    0.000135
2006  12  29  54098  -0.049885   0.343913   0.0410316   0.0014759  -0.058270  -0.001873   0.000013   0.000033  0.0000254  0.0000027    0.000253    0.000167
2006  12  30  54099  -0.049535   0.345459   0.0395648   0.0012800  -0.058182  -0.001496   0.000012   0.000034  0.0000315  0.0000028    0.000253    0.000206
2006  12  31  54100  -0.049428   0.346499   0.0383877   0.0010019  -0.058122  -0.001421   0.000011   0.000019  0.0000417  0.0000025    0.000253    0.000216
