

                   INTERNATIONAL EARTH ROTATION SERVICE
                        EARTH ROTATION PARAMETERS
                          EOP (IERS) C04

  
             FORMAT(3(I4),I7,2(F11.6),2(F12.7),2(F12.6),2(F11.6),2(F12.7),2F12.6)
**********************************************************************************
  
      Date      MJD      x          y        UT1-UTC       LOD         dPsi    dEpsilon     x Err     y Err   UT1-UTC Err  Lod Err    dPsi Err   dEpsilon Err
                         "          "           s           s            "         "        "          "          s           s            "         "
     (0h UTC)

1975   1   1  42413  -0.048700   0.268900   0.7078931   0.0030250   0.040565   0.001725   0.015000   0.015000  0.0019000  0.0007000    0.005000    0.002000
1975   1   2  42414  -0.049000   0.269600   0.7048071   0.0031300   0.040382   0.001891   0.015000   0.015000  0.0019000  0.0007000    0.005000    0.002000
1975   1   3  42415  -0.049200   0.270400   0.7016570   0.0031400   0.040258   0.001947   0.015000   0.015000  0.0019000  0.0007000    0.005000    0.002000
1975   1   4  42416  -0.049499   0.271101   0.6985700   0.0030400   0.040226   0.001974   0.015000   0.015000  0.0019000  0.0007000    0.005000    0.002000
1975   1   5  42417  -0.049699   0.271901   0.6956009   0.0028790   0.040208   0.002007   0.015000   0.015000  0.0019000  0.0007000    0.005000    0.002000
1975   1   6  42418  -0.049899   0.272601   0.6928118   0.0026900   0.040112   0.002003   0.015000   0.015000  0.0019000  0.0007000    0.005000    0.002000
1975   1   7  42419  -0.049999   0.273401   0.6902078   0.0025210   0.039905   0.001933   0.015000   0.015000  0.0019000  0.0007000    0.005000    0.002000
1975   1   8  42420  -0.050098   0.274202   0.6877557   0.0023910   0.039658   0.001827   0.015000   0.015000  0.0019000  0.0007000    0.005000    0.002000
1975   1   9  42421  -0.050198   0.275002   0.6854077   0.0023160   0.039525   0.001731   0.015000   0.015000  0.0019000  0.0007000    0.005000    0.002000
1975   1  10  42422  -0.050298   0.275802   0.6831036   0.0023020   0.039600   0.001674   0.015000   0.015000  0.0019000  0.0007000    0.005000    0.002000
1975   1  11  42423  -0.050297   0.276703   0.6807936   0.0023360   0.039817   0.001679   0.015000   0.015000  0.0019000  0.0007000    0.005000    0.002000
1975   1  12  42424  -0.050297   0.277503   0.6784155   0.0024260   0.040044   0.001765   0.015000   0.015000  0.0019000  0.0007000    0.005000    0.002000
1975   1  13  42425  -0.050197   0.278403   0.6759234   0.0025520   0.040230   0.001915   0.015000   0.015000  0.0019000  0.0007000    0.005000    0.002000
1975   1  14  42426  -0.050097   0.279203   0.6733104   0.0026650   0.040380   0.002044   0.015000   0.015000  0.0019000  0.0007000    0.005000    0.002000
1975   1  15  42427  -0.049996   0.280104   0.6705873   0.0027770   0.040447   0.002064   0.015000   0.015000  0.0019000  0.0007000    0.005000    0.002000
1975   1  16  42428  -0.049796   0.281004   0.6677733   0.0028560   0.040372   0.001976   0.015000   0.015000  0.0019000  0.0007000    0.005000    0.002000
1975   1  17  42429  -0.049596   0.281904   0.6648852   0.0029030   0.040218   0.001875   0.015000   0.015000  0.0019000  0.0007000    0.005000    0.002000
1975   1  18  42430  -0.049296   0.282704   0.6619791   0.0029130   0.040152   0.001827   0.015000   0.015000  0.0019000  0.0007000    0.005000    0.002000
1975   1  19  42431  -0.048995   0.283605   0.6590711   0.0028880   0.040219   0.001777   0.015000   0.015000  0.0019000  0.0007000    0.005000    0.002000
1975   1  20  42432  -0.048595   0.284505   0.6562140   0.0028330   0.040242   0.001639   0.015000   0.015000  0.0019000  0.0007000    0.005000    0.002000
1975   1  21  42433  -0.048195   0.285405   0.6534220   0.0027590   0.040040   0.001454   0.015000   0.015000  0.0019000  0.0007000    0.005000    0.002000
1975   1  22  42434  -0.047794   0.286306   0.6507059   0.0026750   0.039672   0.001390   0.015000   0.015000  0.0019000  0.0007000    0.005000    0.002000
1975   1  23  42435  -0.047294   0.287306   0.6480649   0.0026020   0.039356   0.001520   0.015000   0.015000  0.0019000  0.0007000    0.005000    0.002000
1975   1  24  42436  -0.046694   0.288206   0.6454728   0.0025910   0.039211   0.001649   0.015000   0.015000  0.0019000  0.0007000    0.005000    0.002000
1975   1  25  42437  -0.046094   0.289106   0.6428557   0.0026580   0.039258   0.001517   0.015000   0.015000  0.0019000  0.0007000    0.005000    0.002000
1975   1  26  42438  -0.045493   0.290107   0.6401287   0.0027990   0.039524   0.001157   0.015000   0.015000  0.0019000  0.0007000    0.005000    0.002000
1975   1  27  42439  -0.044893   0.291007   0.6372266   0.0030040   0.039956   0.000922   0.015000   0.015000  0.0019000  0.0007000    0.005000    0.002000
1975   1  28  42440  -0.044193   0.292007   0.6341176   0.0032190   0.040332   0.001050   0.015000   0.015000  0.0019000  0.0007000    0.005000    0.002000
1975   1  29  42441  -0.043393   0.293007   0.6308075   0.0033880   0.040472   0.001374   0.015000   0.015000  0.0019000  0.0007000    0.005000    0.002000
1975   1  30  42442  -0.042692   0.293908   0.6273794   0.0034570   0.040448   0.001579   0.015000   0.015000  0.0019000  0.0007000    0.005000    0.002000
1975   1  31  42443  -0.041892   0.294908   0.6239354   0.0034010   0.040410   0.001587   0.015000   0.015000  0.0019000  0.0007000    0.005000    0.002000
1975   2   1  42444  -0.040992   0.296008   0.6206013   0.0032620   0.040359   0.001533   0.015000   0.015000  0.0019000  0.0007000    0.005000    0.002000
1975   2   2  42445  -0.040191   0.297009   0.6174183   0.0030710   0.040239   0.001470   0.015000   0.015000  0.0019000  0.0007000    0.005000    0.002000
1975   2   3  42446  -0.039291   0.298009   0.6144482   0.0028720   0.040106   0.001315   0.015000   0.015000  0.0019000  0.0007000    0.005000    0.002000
1975   2   4  42447  -0.038391   0.299109   0.6116611   0.0027220   0.040020   0.001052   0.015000   0.015000  0.0019000  0.0007000    0.005000    0.002000
1975   2   5  42448  -0.037491   0.300209   0.6089931   0.0026230   0.039913   0.000803   0.015000   0.015000  0.0019000  0.0007000    0.005000    0.002000
1975   2   6  42449  -0.036590   0.301310   0.6063930   0.0025980   0.039726   0.000677   0.015000   0.015000  0.0019000  0.0007000    0.005000    0.002000
1975   2   7  42450  -0.035590   0.302410   0.6037769   0.0026320   0.039556   0.000654   0.015000   0.015000  0.0019000  0.0007000    0.005000    0.002000
1975   2   8  42451  -0.034590   0.303610   0.6011129   0.0027050   0.039549   0.000658   0.015000   0.015000  0.0019000  0.0007000    0.005000    0.002000
1975   2   9  42452  -0.033590   0.304710   0.5983668   0.0028010   0.039722   0.000681   0.015000   0.015000  0.0019000  0.0007000    0.005000    0.002000
1975   2  10  42453  -0.032589   0.305911   0.5955048   0.0029130   0.039977   0.000770   0.015000   0.015000  0.0019000  0.0007000    0.005000    0.002000
1975   2  11  42454  -0.031589   0.307111   0.5925307   0.0030210   0.040206   0.000906   0.015000   0.015000  0.0019000  0.0007000    0.005000    0.002000
1975   2  12  42455  -0.030589   0.308311   0.5894696   0.0031080   0.040337   0.000970   0.015000   0.015000  0.0019000  0.0007000    0.005000    0.002000
1975   2  13  42456  -0.029488   0.309612   0.5863366   0.0031530   0.040350   0.000870   0.015000   0.015000  0.0019000  0.0007000    0.005000    0.002000
1975   2  14  42457  -0.028488   0.310812   0.5831875   0.0031500   0.040315   0.000661   0.015000   0.015000  0.0019000  0.0007000    0.005000    0.002000
1975   2  15  42458  -0.027388   0.312112   0.5800485   0.0031100   0.040362   0.000476   0.015000   0.015000  0.0019000  0.0007000    0.005000    0.002000
1975   2  16  42459  -0.026288   0.313312   0.5769774   0.0030280   0.040527   0.000359   0.015000   0.015000  0.0019000  0.0007000    0.005000    0.002000
1975   2  17  42460  -0.025187   0.314613   0.5739993   0.0029250   0.040645   0.000239   0.015000   0.015000  0.0019000  0.0007000    0.005000    0.002000
1975   2  18  42461  -0.024087   0.315813   0.5711293   0.0028160   0.040509   0.000072   0.015000   0.015000  0.0019000  0.0007000    0.005000    0.002000
1975   2  19  42462  -0.022987   0.317113   0.5683632   0.0027120   0.040136  -0.000047   0.015000   0.015000  0.0019000  0.0007000    0.005000    0.002000
1975   2  20  42463  -0.021786   0.318314   0.5656821   0.0026480   0.039749  -0.000014   0.015000   0.015000  0.0019000  0.0007000    0.005000    0.002000
1975   2  21  42464  -0.020586   0.319514   0.5630341   0.0026500   0.039514   0.000082   0.015000   0.015000  0.0019000  0.0007000    0.005000    0.002000
1975   2  22  42465  -0.019386   0.320714   0.5603550   0.0027250   0.039449   0.000013   0.015000   0.015000  0.0019000  0.0007000    0.005000    0.002000
1975   2  23  42466  -0.018186   0.321914   0.5575489   0.0028880   0.039567  -0.000262   0.015000   0.015000  0.0019000  0.0007000    0.005000    0.002000
1975   2  24  42467  -0.016985   0.323115   0.5545629   0.0030960   0.039875  -0.000459   0.015000   0.015000  0.0019000  0.0007000    0.005000    0.002000
1975   2  25  42468  -0.015685   0.324215   0.5513728   0.0032890   0.040233  -0.000316   0.015000   0.015000  0.0019000  0.0007000    0.005000    0.002000
1975   2  26  42469  -0.014485   0.325315   0.5480238   0.0034010   0.040449   0.000036   0.015000   0.015000  0.0019000  0.0007000    0.005000    0.002000
1975   2  27  42470  -0.013185   0.326415   0.5446127   0.0033960   0.040521   0.000243   0.015000   0.015000  0.0019000  0.0007000    0.005000    0.002000
1975   2  28  42471  -0.011884   0.327516   0.5412646   0.0032710   0.040553   0.000175   0.015000   0.015000  0.0019000  0.0007000    0.005000    0.002000
1975   3   1  42472  -0.010484   0.328516   0.5381126   0.0030430   0.040532   0.000006   0.015000   0.015000  0.0019000  0.0007000    0.005000    0.002000
1975   3   2  42473  -0.009184   0.329516   0.5351785   0.0028030   0.040412  -0.000135   0.015000   0.015000  0.0019000  0.0007000    0.005000    0.002000
1975   3   3  42474  -0.007783   0.330517   0.5324964   0.0025880   0.040321  -0.000315   0.015000   0.015000  0.0019000  0.0007000    0.005000    0.002000
1975   3   4  42475  -0.006383   0.331417   0.5299814   0.0024440   0.040385  -0.000599   0.015000   0.015000  0.0019000  0.0007000    0.005000    0.002000
1975   3   5  42476  -0.004983   0.332217   0.5275853   0.0023700   0.040453  -0.000884   0.015000   0.015000  0.0019000  0.0007000    0.005000    0.002000
1975   3   6  42477  -0.003483   0.333117   0.5252212   0.0023700   0.040290  -0.001032   0.015000   0.015000  0.0019000  0.0007000    0.005000    0.002000
1975   3   7  42478  -0.002082   0.333918   0.5228372   0.0024120   0.039963  -0.001051   0.015000   0.015000  0.0019000  0.0007000    0.005000    0.002000
1975   3   8  42479  -0.000582   0.334618   0.5203731   0.0025120   0.039813  -0.001044   0.015000   0.015000  0.0019000  0.0007000    0.005000    0.002000
1975   3   9  42480   0.000918   0.335318   0.5178050   0.0026340   0.040034  -0.001044   0.015000   0.015000  0.0019000  0.0007000    0.005000    0.002000
1975   3  10  42481   0.002418   0.336018   0.5151120   0.0027610   0.040484  -0.000987   0.015000   0.015000  0.0019000  0.0007000    0.005000    0.002000
1975   3  11  42482   0.004019   0.336619   0.5122879   0.0028730   0.040893  -0.000850   0.015000   0.015000  0.0019000  0.0007000    0.005000    0.002000
1975   3  12  42483   0.005519   0.337119   0.5093759   0.0029580   0.041119  -0.000745   0.015000   0.015000  0.0019000  0.0007000    0.005000    0.002000
1975   3  13  42484   0.007119   0.337719   0.5063748   0.0030260   0.041187  -0.000817   0.015000   0.015000  0.0019000  0.0007000    0.005000    0.002000
1975   3  14  42485   0.008720   0.338120   0.5033357   0.0030460   0.041196  -0.001065   0.015000   0.015000  0.0019000  0.0007000    0.005000    0.002000
1975   3  15  42486   0.010320   0.338520   0.5003037   0.0030210   0.041243  -0.001339   0.015000   0.015000  0.0019000  0.0007000    0.005000    0.002000
1975   3  16  42487   0.011920   0.338920   0.4973026   0.0029700   0.041370  -0.001511   0.015000   0.015000  0.0019000  0.0007000    0.005000    0.002000
1975   3  17  42488   0.013520   0.339220   0.4943575   0.0029070   0.041512  -0.001596   0.015000   0.015000  0.0019000  0.0007000    0.005000    0.002000
1975   3  18  42489   0.015221   0.339521   0.4914845   0.0028520   0.041524  -0.001681   0.015000   0.015000  0.0019000  0.0007000    0.005000    0.002000
1975   3  19  42490   0.016921   0.339721   0.4886424   0.0028190   0.041353  -0.001783   0.015000   0.015000  0.0019000  0.0007000    0.005000    0.002000
1975   3  20  42491   0.018621   0.339921   0.4858193   0.0028400   0.041130  -0.001846   0.015000   0.015000  0.0019000  0.0007000    0.005000    0.002000
1975   3  21  42492   0.020321   0.340021   0.4829383   0.0029240   0.041039  -0.001869   0.015000   0.015000  0.0019000  0.0007000    0.005000    0.002000
1975   3  22  42493   0.022022   0.340122   0.4799352   0.0030840   0.041128  -0.001942   0.015000   0.015000  0.0019000  0.0007000    0.005000    0.002000
1975   3  23  42494   0.023722   0.340122   0.4767401   0.0032950   0.041319  -0.002091   0.015000   0.015000  0.0019000  0.0007000    0.005000    0.002000
1975   3  24  42495   0.025422   0.340022   0.4733281   0.0035260   0.041514  -0.002153   0.015000   0.015000  0.0019000  0.0007000    0.005000    0.002000
1975   3  25  42496   0.027223   0.340023   0.4697100   0.0037080   0.041619  -0.001964   0.015000   0.015000  0.0019000  0.0007000    0.005000    0.002000
1975   3  26  42497   0.028923   0.339823   0.4659439   0.0037950   0.041593  -0.001631   0.015000   0.015000  0.0019000  0.0007000    0.005000    0.002000
1975   3  27  42498   0.030723   0.339623   0.4621619   0.0037460   0.041507  -0.001461   0.015000   0.015000  0.0019000  0.0007000    0.005000    0.002000
1975   3  28  42499   0.032523   0.339423   0.4584918   0.0035780   0.041463  -0.001595   0.015000   0.015000  0.0019000  0.0007000    0.005000    0.002000
1975   3  29  42500   0.034224   0.339124   0.4550297   0.0033290   0.041442  -0.001861   0.015000   0.015000  0.0019000  0.0007000    0.005000    0.002000
1975   3  30  42501   0.036024   0.338724   0.4518277   0.0030790   0.041392  -0.002041   0.015000   0.015000  0.0019000  0.0007000    0.005000    0.002000
1975   3  31  42502   0.037824   0.338324   0.4488576   0.0028620   0.041400  -0.002123   0.015000   0.015000  0.0019000  0.0007000    0.005000    0.002000
1975   4   1  42503   0.039524   0.337924   0.4460695   0.0027260   0.041554  -0.002213   0.015000   0.015000  0.0019000  0.0007000    0.005000    0.002000
1975   4   2  42504   0.041225   0.337325   0.4433814   0.0026610   0.041691  -0.002336   0.015000   0.015000  0.0019000  0.0007000    0.005000    0.002000
1975   4   3  42505   0.043025   0.336825   0.4407284   0.0026540   0.041545  -0.002442   0.015000   0.015000  0.0019000  0.0007000    0.005000    0.002000
1975   4   4  42506   0.044725   0.336125   0.4380493   0.0026980   0.041176  -0.002516   0.015000   0.015000  0.0019000  0.0007000    0.005000    0.002000
1975   4   5  42507   0.046426   0.335426   0.4353232   0.0027670   0.040984  -0.002586   0.015000   0.015000  0.0019000  0.0007000    0.005000    0.002000
1975   4   6  42508   0.048126   0.334726   0.4325122   0.0028450   0.041241  -0.002642   0.015000   0.015000  0.0019000  0.0007000    0.005000    0.002000
1975   4   7  42509   0.049726   0.333926   0.4296341   0.0029080   0.041774  -0.002616   0.015000   0.015000  0.0019000  0.0007000    0.005000    0.002000
1975   4   8  42510   0.051326   0.333026   0.4267030   0.0029590   0.042200  -0.002486   0.015000   0.015000  0.0019000  0.0007000    0.005000    0.002000
1975   4   9  42511   0.052927   0.332127   0.4237270   0.0029870   0.042326  -0.002351   0.015000   0.015000  0.0019000  0.0007000    0.005000    0.002000
1975   4  10  42512   0.054527   0.331227   0.4207509   0.0029780   0.042238  -0.002352   0.015000   0.015000  0.0019000  0.0007000    0.005000    0.002000
1975   4  11  42513   0.056127   0.330227   0.4177818   0.0029440   0.042104  -0.002527   0.015000   0.015000  0.0019000  0.0007000    0.005000    0.002000
1975   4  12  42514   0.057627   0.329127   0.4148638   0.0029000   0.042020  -0.002766   0.015000   0.015000  0.0019000  0.0007000    0.005000    0.002000
1975   4  13  42515   0.059028   0.328128   0.4119867   0.0028400   0.042029  -0.002938   0.015000   0.015000  0.0019000  0.0007000    0.005000    0.002000
1975   4  14  42516   0.060528   0.326928   0.4091936   0.0027600   0.042140  -0.003015   0.015000   0.015000  0.0019000  0.0007000    0.005000    0.002000
1975   4  15  42517   0.061928   0.325728   0.4064586   0.0027140   0.042288  -0.003059   0.015000   0.015000  0.0019000  0.0007000    0.005000    0.002000
1975   4  16  42518   0.063329   0.324529   0.4037495   0.0027140   0.042352  -0.003126   0.015000   0.015000  0.0019000  0.0007000    0.005000    0.002000
1975   4  17  42519   0.064629   0.323329   0.4010094   0.0027780   0.042307  -0.003216   0.015000   0.015000  0.0019000  0.0007000    0.005000    0.002000
1975   4  18  42520   0.065929   0.322029   0.3981803   0.0029010   0.042281  -0.003308   0.015000   0.015000  0.0019000  0.0007000    0.005000    0.002000
1975   4  19  42521   0.067229   0.320729   0.3951873   0.0030930   0.042418  -0.003395   0.015000   0.015000  0.0019000  0.0007000    0.005000    0.002000
1975   4  20  42522   0.068430   0.319430   0.3919832   0.0033060   0.042701  -0.003447   0.015000   0.015000  0.0019000  0.0007000    0.005000    0.002000
1975   4  21  42523   0.069630   0.318030   0.3885781   0.0035080   0.042953  -0.003371   0.015000   0.015000  0.0019000  0.0007000    0.005000    0.002000
1975   4  22  42524   0.070830   0.316730   0.3849781   0.0036600   0.042998  -0.003109   0.015000   0.015000  0.0019000  0.0007000    0.005000    0.002000
1975   4  23  42525   0.072030   0.315330   0.3812920   0.0036940   0.042815  -0.002776   0.015000   0.015000  0.0019000  0.0007000    0.005000    0.002000
1975   4  24  42526   0.073131   0.313931   0.3776269   0.0036270   0.042545  -0.002610   0.015000   0.015000  0.0019000  0.0007000    0.005000    0.002000
1975   4  25  42527   0.074231   0.312531   0.3740778   0.0034600   0.042348  -0.002735   0.015000   0.015000  0.0019000  0.0007000    0.005000    0.002000
1975   4  26  42528   0.075231   0.311131   0.3707218   0.0032490   0.042268  -0.003016   0.015000   0.015000  0.0019000  0.0007000    0.005000    0.002000
1975   4  27  42529   0.076332   0.309732   0.3675657   0.0030510   0.042280  -0.003209   0.015000   0.015000  0.0019000  0.0007000    0.005000    0.002000
1975   4  28  42530   0.077332   0.308432   0.3645926   0.0029080   0.042395  -0.003201   0.015000   0.015000  0.0019000  0.0007000    0.005000    0.002000
1975   4  29  42531   0.078332   0.307032   0.3617346   0.0028280   0.042597  -0.003077   0.015000   0.015000  0.0019000  0.0007000    0.005000    0.002000
1975   4  30  42532   0.079332   0.305632   0.3589235   0.0028050   0.042724  -0.002988   0.015000   0.015000  0.0019000  0.0007000    0.005000    0.002000
1975   5   1  42533   0.080333   0.304233   0.3561094   0.0028280   0.042591  -0.003028   0.015000   0.015000  0.0019000  0.0007000    0.005000    0.002000
1975   5   2  42534   0.081233   0.302833   0.3532573   0.0028790   0.042262  -0.003197   0.015000   0.015000  0.0019000  0.0007000    0.005000    0.002000
1975   5   3  42535   0.082233   0.301533   0.3503573   0.0029320   0.042063  -0.003423   0.015000   0.015000  0.0019000  0.0007000    0.005000    0.002000
1975   5   4  42536   0.083133   0.300133   0.3473952   0.0029810   0.042223  -0.003591   0.015000   0.015000  0.0019000  0.0007000    0.005000    0.002000
1975   5   5  42537   0.084034   0.298834   0.3444001   0.0030040   0.042591  -0.003614   0.015000   0.015000  0.0019000  0.0007000    0.005000    0.002000
1975   5   6  42538   0.084934   0.297534   0.3413951   0.0030100   0.042811  -0.003499   0.015000   0.015000  0.0019000  0.0007000    0.005000    0.002000
1975   5   7  42539   0.085834   0.296234   0.3383920   0.0029810   0.042691  -0.003351   0.015000   0.015000  0.0019000  0.0007000    0.005000    0.002000
1975   5   8  42540   0.086635   0.294935   0.3354359   0.0029260   0.042339  -0.003282   0.015000   0.015000  0.0019000  0.0007000    0.005000    0.002000
1975   5   9  42541   0.087535   0.293635   0.3325488   0.0028420   0.041972  -0.003323   0.015000   0.015000  0.0019000  0.0007000    0.005000    0.002000
1975   5  10  42542   0.088435   0.292335   0.3297578   0.0027380   0.041720  -0.003418   0.015000   0.015000  0.0019000  0.0007000    0.005000    0.002000
1975   5  11  42543   0.089235   0.291135   0.3270837   0.0026300   0.041623  -0.003508   0.015000   0.015000  0.0019000  0.0007000    0.005000    0.002000
1975   5  12  42544   0.090136   0.289836   0.3245006   0.0025380   0.041701  -0.003589   0.015000   0.015000  0.0019000  0.0007000    0.005000    0.002000
1975   5  13  42545   0.090936   0.288636   0.3219935   0.0024850   0.041923  -0.003674   0.015000   0.015000  0.0019000  0.0007000    0.005000    0.002000
1975   5  14  42546   0.091836   0.287436   0.3195105   0.0025010   0.042157  -0.003751   0.015000   0.015000  0.0019000  0.0007000    0.005000    0.002000
1975   5  15  42547   0.092637   0.286237   0.3169784   0.0025740   0.042250  -0.003783   0.015000   0.015000  0.0019000  0.0007000    0.005000    0.002000
1975   5  16  42548   0.093437   0.285037   0.3143443   0.0027130   0.042184  -0.003759   0.015000   0.015000  0.0019000  0.0007000    0.005000    0.002000
1975   5  17  42549   0.094337   0.283837   0.3115423   0.0028830   0.042094  -0.003705   0.015000   0.015000  0.0019000  0.0007000    0.005000    0.002000
1975   5  18  42550   0.095237   0.282637   0.3085812   0.0030450   0.042124  -0.003637   0.015000   0.015000  0.0019000  0.0007000    0.005000    0.002000
1975   5  19  42551   0.096038   0.281438   0.3054681   0.0031710   0.042269  -0.003513   0.015000   0.015000  0.0019000  0.0007000    0.005000    0.002000
1975   5  20  42552   0.096938   0.280338   0.3022640   0.0032110   0.042386  -0.003286   0.015000   0.015000  0.0019000  0.0007000    0.005000    0.002000
1975   5  21  42553   0.097838   0.279138   0.2990760   0.0031610   0.042327  -0.003006   0.015000   0.015000  0.0019000  0.0007000    0.005000    0.002000
1975   5  22  42554   0.098738   0.278038   0.2959809   0.0030270   0.042076  -0.002822   0.015000   0.015000  0.0019000  0.0007000    0.005000    0.002000
1975   5  23  42555   0.099739   0.276839   0.2930398   0.0028390   0.041746  -0.002852   0.015000   0.015000  0.0019000  0.0007000    0.005000    0.002000
1975   5  24  42556   0.100639   0.275739   0.2902967   0.0026410   0.041495  -0.003052   0.015000   0.015000  0.0019000  0.0007000    0.005000    0.002000
1975   5  25  42557   0.101639   0.274539   0.2877467   0.0024770   0.041434  -0.003238   0.015000   0.015000  0.0019000  0.0007000    0.005000    0.002000
1975   5  26  42558   0.102640   0.273440   0.2853216   0.0023760   0.041572  -0.003246   0.015000   0.015000  0.0019000  0.0007000    0.005000    0.002000
1975   5  27  42559   0.103640   0.272340   0.2829715   0.0023340   0.041797  -0.003078   0.015000   0.015000  0.0019000  0.0007000    0.005000    0.002000
1975   5  28  42560   0.104740   0.271140   0.2806234   0.0023590   0.041926  -0.002894   0.015000   0.015000  0.0019000  0.0007000    0.005000    0.002000
1975   5  29  42561   0.105840   0.270040   0.2782514   0.0023990   0.041840  -0.002872   0.015000   0.015000  0.0019000  0.0007000    0.005000    0.002000
1975   5  30  42562   0.106941   0.268941   0.2758113   0.0024620   0.041597  -0.003068   0.015000   0.015000  0.0019000  0.0007000    0.005000    0.002000
1975   5  31  42563   0.108141   0.267841   0.2733182   0.0025220   0.041383  -0.003370   0.015000   0.015000  0.0019000  0.0007000    0.005000    0.002000
1975   6   1  42564   0.109241   0.266641   0.2707721   0.0025680   0.041332  -0.003598   0.015000   0.015000  0.0019000  0.0007000    0.005000    0.002000
1975   6   2  42565   0.110441   0.265541   0.2682001   0.0025890   0.041391  -0.003639   0.015000   0.015000  0.0019000  0.0007000    0.005000    0.002000
1975   6   3  42566   0.111642   0.264442   0.2656130   0.0025680   0.041363  -0.003525   0.015000   0.015000  0.0019000  0.0007000    0.005000    0.002000
1975   6   4  42567   0.112942   0.263342   0.2630649   0.0025230   0.041088  -0.003379   0.015000   0.015000  0.0019000  0.0007000    0.005000    0.002000
1975   6   5  42568   0.114242   0.262242   0.2605778   0.0024570   0.040586  -0.003292   0.015000   0.015000  0.0019000  0.0007000    0.005000    0.002000
1975   6   6  42569   0.115443   0.261043   0.2581698   0.0023600   0.040021  -0.003252   0.015000   0.015000  0.0019000  0.0007000    0.005000    0.002000
1975   6   7  42570   0.116843   0.259943   0.2558617   0.0022650   0.039575  -0.003209   0.015000   0.015000  0.0019000  0.0007000    0.005000    0.002000
1975   6   8  42571   0.118143   0.258843   0.2536456   0.0021700   0.039355  -0.003176   0.015000   0.015000  0.0019000  0.0007000    0.005000    0.002000
1975   6   9  42572   0.119443   0.257743   0.2515005   0.0021180   0.039386  -0.003225   0.015000   0.015000  0.0019000  0.0007000    0.005000    0.002000
1975   6  10  42573   0.120744   0.256544   0.2493825   0.0021300   0.039615  -0.003374   0.015000   0.015000  0.0019000  0.0007000    0.005000    0.002000
1975   6  11  42574   0.122044   0.255444   0.2472284   0.0022000   0.039914  -0.003516   0.015000   0.015000  0.0019000  0.0007000    0.005000    0.002000
1975   6  12  42575   0.123344   0.254344   0.2449613   0.0023430   0.040098  -0.003495   0.015000   0.015000  0.0019000  0.0007000    0.005000    0.002000
1975   6  13  42576   0.124644   0.253144   0.2425302   0.0025220   0.040013  -0.003271   0.015000   0.015000  0.0019000  0.0007000    0.005000    0.002000
1975   6  14  42577   0.125945   0.252045   0.2399191   0.0026950   0.039657  -0.002967   0.015000   0.015000  0.0019000  0.0007000    0.005000    0.002000
1975   6  15  42578   0.127245   0.250845   0.2371561   0.0028200   0.039218  -0.002745   0.015000   0.015000  0.0019000  0.0007000    0.005000    0.002000
1975   6  16  42579   0.128445   0.249745   0.2343150   0.0028670   0.038941  -0.002658   0.015000   0.015000  0.0019000  0.0007000    0.005000    0.002000
1975   6  17  42580   0.129746   0.248546   0.2314619   0.0028270   0.038916  -0.002627   0.015000   0.015000  0.0019000  0.0007000    0.005000    0.002000
1975   6  18  42581   0.130846   0.247346   0.2286868   0.0027010   0.038991  -0.002568   0.015000   0.015000  0.0019000  0.0007000    0.005000    0.002000
1975   6  19  42582   0.132046   0.246246   0.2260758   0.0025270   0.038912  -0.002493   0.015000   0.015000  0.0019000  0.0007000    0.005000    0.002000
1975   6  20  42583   0.133046   0.245046   0.2236377   0.0023390   0.038576  -0.002484   0.015000   0.015000  0.0019000  0.0007000    0.005000    0.002000
1975   6  21  42584   0.134147   0.243747   0.2213806   0.0021730   0.038134  -0.002587   0.015000   0.015000  0.0019000  0.0007000    0.005000    0.002000
1975   6  22  42585   0.135047   0.242547   0.2192645   0.0020580   0.037848  -0.002738   0.015000   0.015000  0.0019000  0.0007000    0.005000    0.002000
1975   6  23  42586   0.136047   0.241347   0.2172524   0.0019880   0.037839  -0.002816   0.015000   0.015000  0.0019000  0.0007000    0.005000    0.002000
1975   6  24  42587   0.136847   0.240047   0.2152684   0.0019800   0.037997  -0.002752   0.015000   0.015000  0.0019000  0.0007000    0.005000    0.002000
1975   6  25  42588   0.137648   0.238748   0.2132683   0.0020150   0.038121  -0.002607   0.015000   0.015000  0.0019000  0.0007000    0.005000    0.002000
1975   6  26  42589   0.138448   0.237448   0.2112302   0.0020720   0.038100  -0.002525   0.015000   0.015000  0.0019000  0.0007000    0.005000    0.002000
1975   6  27  42590   0.139048   0.236148   0.2091351   0.0021190   0.037946  -0.002607   0.015000   0.015000  0.0019000  0.0007000    0.005000    0.002000
1975   6  28  42591   0.139649   0.234849   0.2069981   0.0021510   0.037717  -0.002810   0.015000   0.015000  0.0019000  0.0007000    0.005000    0.002000
1975   6  29  42592   0.140249   0.233449   0.2048410   0.0021590   0.037478  -0.002990   0.015000   0.015000  0.0019000  0.0007000    0.005000    0.002000
1975   6  30  42593   0.140749   0.232149   0.2026909   0.0021350   0.037295  -0.003033   0.015000   0.015000  0.0019000  0.0007000    0.005000    0.002000
1975   7   1  42594   0.141149   0.230749   0.2005818   0.0020780   0.037174  -0.002953   0.015000   0.015000  0.0019000  0.0007000    0.005000    0.002000
1975   7   2  42595   0.141450   0.229250   0.1985457   0.0019990   0.036988  -0.002872   0.015000   0.015000  0.0019000  0.0007000    0.005000    0.002000
1975   7   3  42596   0.141750   0.227850   0.1965907   0.0018980   0.036571  -0.002867   0.015000   0.015000  0.0019000  0.0007000    0.005000    0.002000
1975   7   4  42597   0.141950   0.226450   0.1947436   0.0017860   0.035923  -0.002894   0.015000   0.015000  0.0019000  0.0007000    0.005000    0.002000
1975   7   5  42598   0.142150   0.224950   0.1930075   0.0016890   0.035275  -0.002853   0.015000   0.015000  0.0019000  0.0007000    0.005000    0.002000
1975   7   6  42599   0.142251   0.223451   0.1913674   0.0016180   0.034907  -0.002755   0.015000   0.015000  0.0019000  0.0007000    0.005000    0.002000
1975   7   7  42600   0.142251   0.222051   0.1897663   0.0015940   0.034913  -0.002736   0.015000   0.015000  0.0019000  0.0007000    0.005000    0.002000
1975   7   8  42601   0.142251   0.220551   0.1881473   0.0016360   0.035180  -0.002883   0.015000   0.015000  0.0019000  0.0007000    0.005000    0.002000
1975   7   9  42602   0.142252   0.218952   0.1864592   0.0017600   0.035520  -0.003074   0.015000   0.015000  0.0019000  0.0007000    0.005000    0.002000
1975   7  10  42603   0.142152   0.217452   0.1846181   0.0019270   0.035741  -0.003063   0.015000   0.015000  0.0019000  0.0007000    0.005000    0.002000
1975   7  11  42604   0.141952   0.215952   0.1825900   0.0021160   0.035668  -0.002751   0.015000   0.015000  0.0019000  0.0007000    0.005000    0.002000
1975   7  12  42605   0.141752   0.214452   0.1804119   0.0022510   0.035229  -0.002310   0.015000   0.015000  0.0019000  0.0007000    0.005000    0.002000
1975   7  13  42606   0.141553   0.212853   0.1781169   0.0023110   0.034554  -0.002009   0.015000   0.015000  0.0019000  0.0007000    0.005000    0.002000
1975   7  14  42607   0.141253   0.211353   0.1758128   0.0022780   0.033941  -0.001966   0.015000   0.015000  0.0019000  0.0007000    0.005000    0.002000
1975   7  15  42608   0.140953   0.209753   0.1736007   0.0021450   0.033640  -0.002099   0.015000   0.015000  0.0019000  0.0007000    0.005000    0.002000
1975   7  16  42609   0.140653   0.208253   0.1715406   0.0019680   0.033661  -0.002271   0.015000   0.015000  0.0019000  0.0007000    0.005000    0.002000
1975   7  17  42610   0.140254   0.206654   0.1696785   0.0017770   0.033768  -0.002403   0.015000   0.015000  0.0019000  0.0007000    0.005000    0.002000
1975   7  18  42611   0.139854   0.205054   0.1679885   0.0016110   0.033693  -0.002493   0.015000   0.015000  0.0019000  0.0007000    0.005000    0.002000
1975   7  19  42612   0.139454   0.203454   0.1664314   0.0015020   0.033385  -0.002567   0.015000   0.015000  0.0019000  0.0007000    0.005000    0.002000
1975   7  20  42613   0.139055   0.201955   0.1649633   0.0014450   0.033037  -0.002640   0.015000   0.015000  0.0019000  0.0007000    0.005000    0.002000
1975   7  21  42614   0.138555   0.200355   0.1635202   0.0014590   0.032859  -0.002693   0.015000   0.015000  0.0019000  0.0007000    0.005000    0.002000
1975   7  22  42615   0.138155   0.198755   0.1620271   0.0015330   0.032870  -0.002686   0.015000   0.015000  0.0019000  0.0007000    0.005000    0.002000
1975   7  23  42616   0.137655   0.197155   0.1604541   0.0016270   0.032945  -0.002595   0.015000   0.015000  0.0019000  0.0007000    0.005000    0.002000
1975   7  24  42617   0.137156   0.195556   0.1587700   0.0017290   0.032973  -0.002457   0.015000   0.015000  0.0019000  0.0007000    0.005000    0.002000
1975   7  25  42618   0.136756   0.193956   0.1569889   0.0018300   0.032901  -0.002361   0.015000   0.015000  0.0019000  0.0007000    0.005000    0.002000
1975   7  26  42619   0.136256   0.192456   0.1551188   0.0019070   0.032703  -0.002376   0.015000   0.015000  0.0019000  0.0007000    0.005000    0.002000
1975   7  27  42620   0.135756   0.190856   0.1531867   0.0019510   0.032411  -0.002476   0.015000   0.015000  0.0019000  0.0007000    0.005000    0.002000
1975   7  28  42621   0.135257   0.189257   0.1512366   0.0019620   0.032175  -0.002571   0.015000   0.015000  0.0019000  0.0007000    0.005000    0.002000
1975   7  29  42622   0.134757   0.187657   0.1492846   0.0019400   0.032135  -0.002613   0.015000   0.015000  0.0019000  0.0007000    0.005000    0.002000
1975   7  30  42623   0.134257   0.186057   0.1473745   0.0018940   0.032198  -0.002660   0.015000   0.015000  0.0019000  0.0007000    0.005000    0.002000
1975   7  31  42624   0.133858   0.184558   0.1455114   0.0018230   0.032043  -0.002784   0.015000   0.015000  0.0019000  0.0007000    0.005000    0.002000
1975   8   1  42625   0.133358   0.182958   0.1437173   0.0017640   0.031477  -0.002949   0.015000   0.015000  0.0019000  0.0007000    0.005000    0.002000
1975   8   2  42626   0.132858   0.181458   0.1419662   0.0017240   0.030738  -0.003022   0.015000   0.015000  0.0019000  0.0007000    0.005000    0.002000
1975   8   3  42627   0.132358   0.179858   0.1402571   0.0017220   0.030281  -0.002943   0.015000   0.015000  0.0019000  0.0007000    0.005000    0.002000
1975   8   4  42628   0.131859   0.178359   0.1385121   0.0017710   0.030329  -0.002838   0.015000   0.015000  0.0019000  0.0007000    0.005000    0.002000
1975   8   5  42629   0.131459   0.176759   0.1366810   0.0018920   0.030710  -0.002871   0.015000   0.015000  0.0019000  0.0007000    0.005000    0.002000
1975   8   6  42630   0.130959   0.175259   0.1347139   0.0020720   0.031106  -0.003004   0.015000   0.015000  0.0019000  0.0007000    0.005000    0.002000
1975   8   7  42631   0.130460   0.173760   0.1325248   0.0023100   0.031290  -0.003003   0.015000   0.015000  0.0019000  0.0007000    0.005000    0.002000
1975   8   8  42632   0.129960   0.172260   0.1300997   0.0025320   0.031170  -0.002738   0.015000   0.015000  0.0019000  0.0007000    0.005000    0.002000
1975   8   9  42633   0.129460   0.170760   0.1274856   0.0026810   0.030784  -0.002364   0.015000   0.015000  0.0019000  0.0007000    0.005000    0.002000
1975   8  10  42634   0.128960   0.169260   0.1247766   0.0027260   0.030277  -0.002124   0.015000   0.015000  0.0019000  0.0007000    0.005000    0.002000
1975   8  11  42635   0.128561   0.167861   0.1220715   0.0026560   0.029790  -0.002083   0.015000   0.015000  0.0019000  0.0007000    0.005000    0.002000
1975   8  12  42636   0.128061   0.166361   0.1194934   0.0024910   0.029404  -0.002149   0.015000   0.015000  0.0019000  0.0007000    0.005000    0.002000
1975   8  13  42637   0.127561   0.164861   0.1170993   0.0022960   0.029204  -0.002267   0.015000   0.015000  0.0019000  0.0007000    0.005000    0.002000
1975   8  14  42638   0.126961   0.163461   0.1148952   0.0021190   0.029261  -0.002453   0.015000   0.015000  0.0019000  0.0007000    0.005000    0.002000
1975   8  15  42639   0.126462   0.162062   0.1128431   0.0020050   0.029491  -0.002668   0.015000   0.015000  0.0019000  0.0007000    0.005000    0.002000
1975   8  16  42640   0.125962   0.160662   0.1108741   0.0019460   0.029658  -0.002806   0.015000   0.015000  0.0019000  0.0007000    0.005000    0.002000
1975   8  17  42641   0.125362   0.159262   0.1089310   0.0019400   0.029622  -0.002814   0.015000   0.015000  0.0019000  0.0007000    0.005000    0.002000
1975   8  18  42642   0.124763   0.157863   0.1069669   0.0019960   0.029472  -0.002744   0.015000   0.015000  0.0019000  0.0007000    0.005000    0.002000
1975   8  19  42643   0.124263   0.156463   0.1049258   0.0020790   0.029372  -0.002665   0.015000   0.015000  0.0019000  0.0007000    0.005000    0.002000
1975   8  20  42644   0.123563   0.155063   0.1028127   0.0021680   0.029372  -0.002571   0.015000   0.015000  0.0019000  0.0007000    0.005000    0.002000
1975   8  21  42645   0.122963   0.153663   0.1006016   0.0022530   0.029407  -0.002415   0.015000   0.015000  0.0019000  0.0007000    0.005000    0.002000
1975   8  22  42646   0.122264   0.152364   0.0983136   0.0023190   0.029380  -0.002226   0.015000   0.015000  0.0019000  0.0007000    0.005000    0.002000
1975   8  23  42647   0.121564   0.150964   0.0959745   0.0023530   0.029224  -0.002123   0.015000   0.015000  0.0019000  0.0007000    0.005000    0.002000
1975   8  24  42648   0.120764   0.149664   0.0936194   0.0023510   0.028966  -0.002191   0.015000   0.015000  0.0019000  0.0007000    0.005000    0.002000
1975   8  25  42649   0.120064   0.148364   0.0912833   0.0023170   0.028766  -0.002380   0.015000   0.015000  0.0019000  0.0007000    0.005000    0.002000
1975   8  26  42650   0.119265   0.147065   0.0890042   0.0022450   0.028804  -0.002569   0.015000   0.015000  0.0019000  0.0007000    0.005000    0.002000
1975   8  27  42651   0.118365   0.145665   0.0867981   0.0021560   0.029036  -0.002718   0.015000   0.015000  0.0019000  0.0007000    0.005000    0.002000
1975   8  28  42652   0.117465   0.144365   0.0846940   0.0020640   0.029131  -0.002883   0.015000   0.015000  0.0019000  0.0007000    0.005000    0.002000
1975   8  29  42653   0.116566   0.143066   0.0826660   0.0019850   0.028804  -0.003089   0.015000   0.015000  0.0019000  0.0007000    0.005000    0.002000
1975   8  30  42654   0.115566   0.141766   0.0807039   0.0019370   0.028197  -0.003238   0.015000   0.015000  0.0019000  0.0007000    0.005000    0.002000
1975   8  31  42655   0.114566   0.140566   0.0787648   0.0019490   0.027793  -0.003219   0.015000   0.015000  0.0019000  0.0007000    0.005000    0.002000
1975   9   1  42656   0.113466   0.139266   0.0767817   0.0020290   0.027901  -0.003076   0.015000   0.015000  0.0019000  0.0007000    0.005000    0.002000
1975   9   2  42657   0.112367   0.137967   0.0746836   0.0021800   0.028357  -0.002977   0.015000   0.015000  0.0019000  0.0007000    0.005000    0.002000
1975   9   3  42658   0.111267   0.136667   0.0723925   0.0023990   0.028758  -0.002979   0.015000   0.015000  0.0019000  0.0007000    0.005000    0.002000
1975   9   4  42659   0.110067   0.135467   0.0698794   0.0026370   0.028838  -0.002943   0.015000   0.015000  0.0019000  0.0007000    0.005000    0.002000
1975   9   5  42660   0.108767   0.134167   0.0671334   0.0028360   0.028606  -0.002762   0.015000   0.015000  0.0019000  0.0007000    0.005000    0.002000
1975   9   6  42661   0.107468   0.132968   0.0642403   0.0029400   0.028298  -0.002550   0.015000   0.015000  0.0019000  0.0007000    0.005000    0.002000
1975   9   7  42662   0.106168   0.131768   0.0612952   0.0029280   0.028163  -0.002468   0.015000   0.015000  0.0019000  0.0007000    0.005000    0.002000
1975   9   8  42663   0.104768   0.130468   0.0584231   0.0028000   0.028171  -0.002456   0.015000   0.015000  0.0019000  0.0007000    0.005000    0.002000
1975   9   9  42664   0.103369   0.129269   0.0557280   0.0026030   0.028035  -0.002346   0.015000   0.015000  0.0019000  0.0007000    0.005000    0.002000
1975   9  10  42665   0.101869   0.128069   0.0532199   0.0024080   0.027659  -0.002177   0.015000   0.015000  0.0019000  0.0007000    0.005000    0.002000
1975   9  11  42666   0.100369   0.126869   0.0509078   0.0022460   0.027395  -0.002167   0.015000   0.015000  0.0019000  0.0007000    0.005000    0.002000
1975   9  12  42667   0.098869   0.125669   0.0487137   0.0021540   0.027603  -0.002385   0.015000   0.015000  0.0019000  0.0007000    0.005000    0.002000
1975   9  13  42668   0.097270   0.124570   0.0465757   0.0021330   0.028143  -0.002633   0.015000   0.015000  0.0019000  0.0007000    0.005000    0.002000
1975   9  14  42669   0.095670   0.123370   0.0444286   0.0021700   0.028562  -0.002700   0.015000   0.015000  0.0019000  0.0007000    0.005000    0.002000
1975   9  15  42670   0.093970   0.122170   0.0422135   0.0022560   0.028655  -0.002587   0.015000   0.015000  0.0019000  0.0007000    0.005000    0.002000
1975   9  16  42671   0.092270   0.121070   0.0399194   0.0023540   0.028597  -0.002439   0.015000   0.015000  0.0019000  0.0007000    0.005000    0.002000
1975   9  17  42672   0.090571   0.119971   0.0375143   0.0024560   0.028596  -0.002331   0.015000   0.015000  0.0019000  0.0007000    0.005000    0.002000
1975   9  18  42673   0.088771   0.118871   0.0350022   0.0025550   0.028655  -0.002214   0.015000   0.015000  0.0019000  0.0007000    0.005000    0.002000
1975   9  19  42674   0.086971   0.117771   0.0324131   0.0026170   0.028657  -0.002055   0.015000   0.015000  0.0019000  0.0007000    0.005000    0.002000
1975   9  20  42675   0.085172   0.116672   0.0297780   0.0026560   0.028535  -0.001938   0.015000   0.015000  0.0019000  0.0007000    0.005000    0.002000
1975   9  21  42676   0.083372   0.115572   0.0271240   0.0026590   0.028332  -0.001983   0.015000   0.015000  0.0019000  0.0007000    0.005000    0.002000
1975   9  22  42677   0.081472   0.114572   0.0244809   0.0026330   0.028173  -0.002181   0.015000   0.015000  0.0019000  0.0007000    0.005000    0.002000
1975   9  23  42678   0.079472   0.113472   0.0218748   0.0025760   0.028192  -0.002392   0.015000   0.015000  0.0019000  0.0007000    0.005000    0.002000
1975   9  24  42679   0.077573   0.112473   0.0193207   0.0025220   0.028401  -0.002512   0.015000   0.015000  0.0019000  0.0007000    0.005000    0.002000
1975   9  25  42680   0.075573   0.111473   0.0168176   0.0024760   0.028622  -0.002579   0.015000   0.015000  0.0019000  0.0007000    0.005000    0.002000
1975   9  26  42681   0.073573   0.110473   0.0143605   0.0024530   0.028616  -0.002678   0.015000   0.015000  0.0019000  0.0007000    0.005000    0.002000
1975   9  27  42682   0.071573   0.109473   0.0118964   0.0024740   0.028380  -0.002799   0.015000   0.015000  0.0019000  0.0007000    0.005000    0.002000
1975   9  28  42683   0.069474   0.108474   0.0093943   0.0025410   0.028204  -0.002838   0.015000   0.015000  0.0019000  0.0007000    0.005000    0.002000
1975   9  29  42684   0.067374   0.107574   0.0067912   0.0026850   0.028365  -0.002756   0.015000   0.015000  0.0019000  0.0007000    0.005000    0.002000
1975   9  30  42685   0.065274   0.106574   0.0040132   0.0028810   0.028797  -0.002631   0.015000   0.015000  0.0019000  0.0007000    0.005000    0.002000
1975  10   1  42686   0.063175   0.105675   0.0010151   0.0031170   0.029166  -0.002537   0.015000   0.015000  0.0019000  0.0007000    0.005000    0.002000
1975  10   2  42687   0.060975   0.104775  -0.0022200   0.0033490   0.029209  -0.002424   0.015000   0.015000  0.0019000  0.0007000    0.005000    0.002000
1975  10   3  42688   0.058775   0.103975  -0.0056741   0.0035240   0.028965  -0.002249   0.015000   0.015000  0.0019000  0.0007000    0.005000    0.002000
1975  10   4  42689   0.056575   0.103075  -0.0092432   0.0036050   0.028755  -0.002120   0.015000   0.015000  0.0019000  0.0007000    0.005000    0.002000
1975  10   5  42690   0.054276   0.102276  -0.0128333   0.0035540   0.028903  -0.002158   0.015000   0.015000  0.0019000  0.0007000    0.005000    0.002000
1975  10   6  42691   0.051976   0.101476  -0.0163184   0.0034020   0.029344  -0.002245   0.015000   0.015000  0.0019000  0.0007000    0.005000    0.002000
1975  10   7  42692   0.049676   0.100776  -0.0196205   0.0032020   0.029595  -0.002128   0.015000   0.015000  0.0019000  0.0007000    0.005000    0.002000
1975  10   8  42693   0.047276   0.100076  -0.0227256   0.0030050   0.029325  -0.001795   0.015000   0.015000  0.0019000  0.0007000    0.005000    0.002000
1975  10   9  42694   0.044877   0.099377  -0.0256597   0.0028770   0.028867  -0.001543   0.015000   0.015000  0.0019000  0.0007000    0.005000    0.002000
1975  10  10  42695   0.042477   0.098677  -0.0284947   0.0028150   0.028846  -0.001606   0.015000   0.015000  0.0019000  0.0007000    0.005000    0.002000
1975  10  11  42696   0.040077   0.098077  -0.0313018   0.0028200   0.029384  -0.001871   0.015000   0.015000  0.0019000  0.0007000    0.005000    0.002000
1975  10  12  42697   0.037578   0.097478  -0.0341399   0.0028610   0.030012  -0.002062   0.015000   0.015000  0.0019000  0.0007000    0.005000    0.002000
1975  10  13  42698   0.035078   0.096978  -0.0370430   0.0029370   0.030328  -0.002062   0.015000   0.015000  0.0019000  0.0007000    0.005000    0.002000
1975  10  14  42699   0.032478   0.096478  -0.0400161   0.0030090   0.030397  -0.001964   0.015000   0.015000  0.0019000  0.0007000    0.005000    0.002000
1975  10  15  42700   0.029978   0.096078  -0.0430692   0.0030850   0.030457  -0.001876   0.015000   0.015000  0.0019000  0.0007000    0.005000    0.002000
1975  10  16  42701   0.027379   0.095679  -0.0461693   0.0031320   0.030550  -0.001794   0.015000   0.015000  0.0019000  0.0007000    0.005000    0.002000
1975  10  17  42702   0.024679   0.095279  -0.0493124   0.0031480   0.030563  -0.001678   0.015000   0.015000  0.0019000  0.0007000    0.005000    0.002000
1975  10  18  42703   0.022079   0.094979  -0.0524555   0.0031300   0.030461  -0.001557   0.015000   0.015000  0.0019000  0.0007000    0.005000    0.002000
1975  10  19  42704   0.019379   0.094779  -0.0555536   0.0030710   0.030317  -0.001513   0.015000   0.015000  0.0019000  0.0007000    0.005000    0.002000
1975  10  20  42705   0.016680   0.094580  -0.0585897   0.0029990   0.030210  -0.001563   0.015000   0.015000  0.0019000  0.0007000    0.005000    0.002000
1975  10  21  42706   0.013880   0.094480  -0.0615377   0.0029060   0.030174  -0.001620   0.015000   0.015000  0.0019000  0.0007000    0.005000    0.002000
1975  10  22  42707   0.011080   0.094380  -0.0644038   0.0028260   0.030240  -0.001606   0.015000   0.015000  0.0019000  0.0007000    0.005000    0.002000
1975  10  23  42708   0.008381   0.094281  -0.0671859   0.0027540   0.030419  -0.001548   0.015000   0.015000  0.0019000  0.0007000    0.005000    0.002000
1975  10  24  42709   0.005581   0.094381  -0.0699240   0.0027280   0.030639  -0.001538   0.015000   0.015000  0.0019000  0.0007000    0.005000    0.002000
1975  10  25  42710   0.002681   0.094381  -0.0726581   0.0027410   0.030797  -0.001605   0.015000   0.015000  0.0019000  0.0007000    0.005000    0.002000
1975  10  26  42711  -0.000119   0.094581  -0.0754362   0.0028240   0.030899  -0.001682   0.015000   0.015000  0.0019000  0.0007000    0.005000    0.002000
1975  10  27  42712  -0.002918   0.094682  -0.0783273   0.0029650   0.031067  -0.001690   0.015000   0.015000  0.0019000  0.0007000    0.005000    0.002000
1975  10  28  42713  -0.005818   0.094982  -0.0813904   0.0031580   0.031359  -0.001616   0.015000   0.015000  0.0019000  0.0007000    0.005000    0.002000
1975  10  29  42714  -0.008718   0.095282  -0.0846465   0.0033540   0.031651  -0.001480   0.015000   0.015000  0.0019000  0.0007000    0.005000    0.002000
1975  10  30  42715  -0.011517   0.095583  -0.0880886   0.0035320   0.031754  -0.001268   0.015000   0.015000  0.0019000  0.0007000    0.005000    0.002000
1975  10  31  42716  -0.014417   0.095983  -0.0916877   0.0036410   0.031635  -0.000999   0.015000   0.015000  0.0019000  0.0007000    0.005000    0.002000
1975  11   1  42717  -0.017217   0.096483  -0.0953478   0.0036500   0.031504  -0.000802   0.015000   0.015000  0.0019000  0.0007000    0.005000    0.002000
1975  11   2  42718  -0.020017   0.096983  -0.0989519   0.0035560   0.031643  -0.000824   0.015000   0.015000  0.0019000  0.0007000    0.005000    0.002000
1975  11   3  42719  -0.022816   0.097484  -0.1024339   0.0033880   0.032071  -0.001001   0.015000   0.015000  0.0019000  0.0007000    0.005000    0.002000
1975  11   4  42720  -0.025616   0.098184  -0.1057220   0.0031990   0.032448  -0.001071   0.015000   0.015000  0.0019000  0.0007000    0.005000    0.002000
1975  11   5  42721  -0.028416   0.098784  -0.1088331   0.0030420   0.032443  -0.000881   0.015000   0.015000  0.0019000  0.0007000    0.005000    0.002000
1975  11   6  42722  -0.031116   0.099584  -0.1118182   0.0029420   0.032194  -0.000584   0.015000   0.015000  0.0019000  0.0007000    0.005000    0.002000
1975  11   7  42723  -0.033915   0.100285  -0.1147503   0.0029140   0.032162  -0.000446   0.015000   0.015000  0.0019000  0.0007000    0.005000    0.002000
1975  11   8  42724  -0.036515   0.101185  -0.1176754   0.0029530   0.032545  -0.000549   0.015000   0.015000  0.0019000  0.0007000    0.005000    0.002000
1975  11   9  42725  -0.039215   0.101985  -0.1206575   0.0030130   0.033061  -0.000752   0.015000   0.015000  0.0019000  0.0007000    0.005000    0.002000
1975  11  10  42726  -0.041814   0.102986  -0.1237036   0.0030810   0.033370  -0.000895   0.015000   0.015000  0.0019000  0.0007000    0.005000    0.002000
1975  11  11  42727  -0.044314   0.103886  -0.1268167   0.0031430   0.033453  -0.000934   0.015000   0.015000  0.0019000  0.0007000    0.005000    0.002000
1975  11  12  42728  -0.046914   0.104986  -0.1299738   0.0031780   0.033480  -0.000900   0.015000   0.015000  0.0019000  0.0007000    0.005000    0.002000
1975  11  13  42729  -0.049414   0.105986  -0.1331649   0.0031990   0.033499  -0.000823   0.015000   0.015000  0.0019000  0.0007000    0.005000    0.002000
1975  11  14  42730  -0.051813   0.107187  -0.1363610   0.0031780   0.033445  -0.000709   0.015000   0.015000  0.0019000  0.0007000    0.005000    0.002000
1975  11  15  42731  -0.054213   0.108287  -0.1395121   0.0031270   0.033327  -0.000578   0.015000   0.015000  0.0019000  0.0007000    0.005000    0.002000
1975  11  16  42732  -0.056613   0.109487  -0.1426072   0.0030610   0.033239  -0.000458   0.015000   0.015000  0.0019000  0.0007000    0.005000    0.002000
1975  11  17  42733  -0.058913   0.110787  -0.1456283   0.0029710   0.033212  -0.000356   0.015000   0.015000  0.0019000  0.0007000    0.005000    0.002000
1975  11  18  42734  -0.061212   0.111988  -0.1485484   0.0028700   0.033179  -0.000254   0.015000   0.015000  0.0019000  0.0007000    0.005000    0.002000
1975  11  19  42735  -0.063512   0.113388  -0.1513734   0.0027940   0.033128  -0.000156   0.015000   0.015000  0.0019000  0.0007000    0.005000    0.002000
1975  11  20  42736  -0.065812   0.114688  -0.1541465   0.0027470   0.033169  -0.000106   0.015000   0.015000  0.0019000  0.0007000    0.005000    0.002000
1975  11  21  42737  -0.068011   0.116089  -0.1568826   0.0027360   0.033398  -0.000144   0.015000   0.015000  0.0019000  0.0007000    0.005000    0.002000
1975  11  22  42738  -0.070211   0.117489  -0.1596367   0.0027900   0.033732  -0.000244   0.015000   0.015000  0.0019000  0.0007000    0.005000    0.002000
1975  11  23  42739  -0.072511   0.118989  -0.1624708   0.0028880   0.033992  -0.000328   0.015000   0.015000  0.0019000  0.0007000    0.005000    0.002000
1975  11  24  42740  -0.074611   0.120489  -0.1654259   0.0030360   0.034105  -0.000331   0.015000   0.015000  0.0019000  0.0007000    0.005000    0.002000
1975  11  25  42741  -0.076810   0.121990  -0.1685390   0.0031890   0.034153  -0.000243   0.015000   0.015000  0.0019000  0.0007000    0.005000    0.002000
1975  11  26  42742  -0.079010   0.123490  -0.1718071   0.0033320   0.034224  -0.000075   0.015000   0.015000  0.0019000  0.0007000    0.005000    0.002000
1975  11  27  42743  -0.081210   0.125090  -0.1751752   0.0034120   0.034293   0.000176   0.015000   0.015000  0.0019000  0.0007000    0.005000    0.002000
1975  11  28  42744  -0.083410   0.126690  -0.1786063   0.0034260   0.034280   0.000489   0.015000   0.015000  0.0019000  0.0007000    0.005000    0.002000
1975  11  29  42745  -0.085509   0.128391  -0.1819994   0.0033550   0.034185   0.000749   0.015000   0.015000  0.0019000  0.0007000    0.005000    0.002000
1975  11  30  42746  -0.087709   0.129991  -0.1852935   0.0032020   0.034120   0.000800   0.015000   0.015000  0.0019000  0.0007000    0.005000    0.002000
1975  12   1  42747  -0.089909   0.131691  -0.1884006   0.0030220   0.034184   0.000615   0.015000   0.015000  0.0019000  0.0007000    0.005000    0.002000
1975  12   2  42748  -0.092008   0.133492  -0.1913287   0.0028390   0.034340   0.000374   0.015000   0.015000  0.0019000  0.0007000    0.005000    0.002000
1975  12   3  42749  -0.094208   0.135192  -0.1940948   0.0027040   0.034478   0.000309   0.015000   0.015000  0.0019000  0.0007000    0.005000    0.002000
1975  12   4  42750  -0.096308   0.136992  -0.1967589   0.0026370   0.034593   0.000478   0.015000   0.015000  0.0019000  0.0007000    0.005000    0.002000
1975  12   5  42751  -0.098508   0.138792  -0.1994000   0.0026340   0.034790   0.000727   0.015000   0.015000  0.0019000  0.0007000    0.005000    0.002000
1975  12   6  42752  -0.100607   0.140593  -0.2020501   0.0026720   0.035109   0.000857   0.015000   0.015000  0.0019000  0.0007000    0.005000    0.002000
1975  12   7  42753  -0.102707   0.142393  -0.2047592   0.0027350   0.035422   0.000796   0.015000   0.015000  0.0019000  0.0007000    0.005000    0.002000
1975  12   8  42754  -0.104807   0.144293  -0.2075083   0.0027820   0.035582   0.000620   0.015000   0.015000  0.0019000  0.0007000    0.005000    0.002000
1975  12   9  42755  -0.106907   0.146193  -0.2103064   0.0028100   0.035572   0.000465   0.015000   0.015000  0.0019000  0.0007000    0.005000    0.002000
1975  12  10  42756  -0.108906   0.148094  -0.2131205   0.0028230   0.035474   0.000416   0.015000   0.015000  0.0019000  0.0007000    0.005000    0.002000
1975  12  11  42757  -0.110906   0.149994  -0.2159436   0.0028180   0.035341   0.000470   0.015000   0.015000  0.0019000  0.0007000    0.005000    0.002000
1975  12  12  42758  -0.112906   0.151994  -0.2187556   0.0027930   0.035193   0.000560   0.015000   0.015000  0.0019000  0.0007000    0.005000    0.002000
1975  12  13  42759  -0.114805   0.153895  -0.2215097   0.0027310   0.035079   0.000631   0.015000   0.015000  0.0019000  0.0007000    0.005000    0.002000
1975  12  14  42760  -0.116705   0.155895  -0.2242138   0.0026740   0.035059   0.000687   0.015000   0.015000  0.0019000  0.0007000    0.005000    0.002000
1975  12  15  42761  -0.118605   0.157895  -0.2268559   0.0026030   0.035112   0.000771   0.015000   0.015000  0.0019000  0.0007000    0.005000    0.002000
1975  12  16  42762  -0.120405   0.159895  -0.2294230   0.0025430   0.035133   0.000888   0.015000   0.015000  0.0019000  0.0007000    0.005000    0.002000
1975  12  17  42763  -0.122204   0.161996  -0.2319521   0.0025210   0.035077   0.000966   0.015000   0.015000  0.0019000  0.0007000    0.005000    0.002000
1975  12  18  42764  -0.123904   0.163996  -0.2344782   0.0025290   0.035051   0.000911   0.015000   0.015000  0.0019000  0.0007000    0.005000    0.002000
1975  12  19  42765  -0.125504   0.166096  -0.2370283   0.0025810   0.035204   0.000727   0.015000   0.015000  0.0019000  0.0007000    0.005000    0.002000
1975  12  20  42766  -0.127104   0.168096  -0.2396594   0.0026900   0.035527   0.000537   0.015000   0.015000  0.0019000  0.0007000    0.005000    0.002000
1975  12  21  42767  -0.128703   0.170197  -0.2424235   0.0028330   0.035829   0.000489   0.015000   0.015000  0.0019000  0.0007000    0.005000    0.002000
1975  12  22  42768  -0.130203   0.172297  -0.2453416   0.0030030   0.035918   0.000620   0.015000   0.015000  0.0019000  0.0007000    0.005000    0.002000
1975  12  23  42769  -0.131603   0.174397  -0.2484117   0.0031330   0.035782   0.000844   0.015000   0.015000  0.0019000  0.0007000    0.005000    0.002000
1975  12  24  42770  -0.133002   0.176598  -0.2515988   0.0032180   0.035576   0.001052   0.015000   0.015000  0.0019000  0.0007000    0.005000    0.002000
1975  12  25  42771  -0.134302   0.178698  -0.2548229   0.0032270   0.035453   0.001217   0.015000   0.015000  0.0019000  0.0007000    0.005000    0.002000
1975  12  26  42772  -0.135602   0.180898  -0.2580170   0.0031490   0.035421   0.001374   0.015000   0.015000  0.0019000  0.0007000    0.005000    0.002000
1975  12  27  42773  -0.136802   0.183098  -0.2611001   0.0030080   0.035364   0.001515   0.015000   0.015000  0.0019000  0.0007000    0.005000    0.002000
1975  12  28  42774  -0.138001   0.185299  -0.2640112   0.0028210   0.035193   0.001549   0.015000   0.015000  0.0019000  0.0007000    0.005000    0.002000
1975  12  29  42775  -0.139101   0.187499  -0.2667423   0.0026450   0.034962   0.001407   0.015000   0.015000  0.0019000  0.0007000    0.005000    0.002000
1975  12  30  42776  -0.140201   0.189699  -0.2693124   0.0025040   0.034834   0.001154   0.015000   0.015000  0.0019000  0.0007000    0.005000    0.002000
1975  12  31  42777  -0.141201   0.191999  -0.2717695   0.0024220   0.034925   0.000974   0.015000   0.015000  0.0019000  0.0007000    0.005000    0.002000
