

                   INTERNATIONAL EARTH ROTATION SERVICE
                        EARTH ROTATION PARAMETERS
                          EOP (IERS) C04

  
             FORMAT(3(I4),I7,2(F11.6),2(F12.7),2(F12.6),2(F11.6),2(F12.7),2F12.6)
**********************************************************************************
  
      Date      MJD      x          y        UT1-UTC       LOD         dX        dY        x Err     y Err   UT1-UTC Err  Lod Err     dY Err       dY Err  
                         "          "           s           s          "         "           "          "          s         s            "           "
     (0h UTC)

1977   1   1  43144  -0.072400   0.083200   0.6640352   0.0024390   0.000000   0.000000   0.015000   0.015000  0.0019000  0.0007000    0.005000    0.002000
1977   1   2  43145  -0.076200   0.084400   0.6616291   0.0023880   0.000000   0.000000   0.015000   0.015000  0.0019000  0.0007000    0.005000    0.002000
1977   1   3  43146  -0.079899   0.085701   0.6592480   0.0023700   0.000000   0.000000   0.015000   0.015000  0.0019000  0.0007000    0.005000    0.002000
1977   1   4  43147  -0.083599   0.087001   0.6568658   0.0024020   0.000000   0.000000   0.015000   0.015000  0.0019000  0.0007000    0.005000    0.002000
1977   1   5  43148  -0.087299   0.088401   0.6544407   0.0024650   0.000000   0.000000   0.015000   0.015000  0.0019000  0.0007000    0.005000    0.002000
1977   1   6  43149  -0.090899   0.089901   0.6519226   0.0025680   0.000000   0.000000   0.015000   0.015000  0.0019000  0.0007000    0.005000    0.002000
1977   1   7  43150  -0.094498   0.091502   0.6492834   0.0027130   0.000000   0.000000   0.015000   0.015000  0.0019000  0.0007000    0.005000    0.002000
1977   1   8  43151  -0.098098   0.093102   0.6465003   0.0028630   0.000000   0.000000   0.015000   0.015000  0.0019000  0.0007000    0.005000    0.002000
1977   1   9  43152  -0.101598   0.094802   0.6435602   0.0030050   0.000000   0.000000   0.015000   0.015000  0.0019000  0.0007000    0.005000    0.002000
1977   1  10  43153  -0.105098   0.096602   0.6405021   0.0031140   0.000000   0.000000   0.015000   0.015000  0.0019000  0.0007000    0.005000    0.002000
1977   1  11  43154  -0.108497   0.098403   0.6373489   0.0031720   0.000000   0.000000   0.015000   0.015000  0.0019000  0.0007000    0.005000    0.002000
1977   1  12  43155  -0.111897   0.100303   0.6341788   0.0031700   0.000000   0.000000   0.015000   0.015000  0.0019000  0.0007000    0.005000    0.002000
1977   1  13  43156  -0.115297   0.102303   0.6310277   0.0031130   0.000000   0.000000   0.015000   0.015000  0.0019000  0.0007000    0.005000    0.002000
1977   1  14  43157  -0.118596   0.104404   0.6279635   0.0030100   0.000000   0.000000   0.015000   0.015000  0.0019000  0.0007000    0.005000    0.002000
1977   1  15  43158  -0.121896   0.106504   0.6250104   0.0029070   0.000000   0.000000   0.015000   0.015000  0.0019000  0.0007000    0.005000    0.002000
1977   1  16  43159  -0.125196   0.108704   0.6221523   0.0028170   0.000000   0.000000   0.015000   0.015000  0.0019000  0.0007000    0.005000    0.002000
1977   1  17  43160  -0.128396   0.111004   0.6193602   0.0027760   0.000000   0.000000   0.015000   0.015000  0.0019000  0.0007000    0.005000    0.002000
1977   1  18  43161  -0.131595   0.113305   0.6165790   0.0027850   0.000000   0.000000   0.015000   0.015000  0.0019000  0.0007000    0.005000    0.002000
1977   1  19  43162  -0.134795   0.115705   0.6137639   0.0028520   0.000000   0.000000   0.015000   0.015000  0.0019000  0.0007000    0.005000    0.002000
1977   1  20  43163  -0.137895   0.118105   0.6108678   0.0029300   0.000000   0.000000   0.015000   0.015000  0.0019000  0.0007000    0.005000    0.002000
1977   1  21  43164  -0.140995   0.120605   0.6078976   0.0030050   0.000000   0.000000   0.015000   0.015000  0.0019000  0.0007000    0.005000    0.002000
1977   1  22  43165  -0.144094   0.123106   0.6048795   0.0030330   0.000000   0.000000   0.015000   0.015000  0.0019000  0.0007000    0.005000    0.002000
1977   1  23  43166  -0.147094   0.125806   0.6018584   0.0030140   0.000000   0.000000   0.015000   0.015000  0.0019000  0.0007000    0.005000    0.002000
1977   1  24  43167  -0.150094   0.128406   0.5988762   0.0029530   0.000000   0.000000   0.015000   0.015000  0.0019000  0.0007000    0.005000    0.002000
1977   1  25  43168  -0.152993   0.131107   0.5959701   0.0028540   0.000000   0.000000   0.015000   0.015000  0.0019000  0.0007000    0.005000    0.002000
1977   1  26  43169  -0.155893   0.133907   0.5931640   0.0027470   0.000000   0.000000   0.015000   0.015000  0.0019000  0.0007000    0.005000    0.002000
1977   1  27  43170  -0.158793   0.136707   0.5904778   0.0026340   0.000000   0.000000   0.015000   0.015000  0.0019000  0.0007000    0.005000    0.002000
1977   1  28  43171  -0.161693   0.139607   0.5878927   0.0025280   0.000000   0.000000   0.015000   0.015000  0.0019000  0.0007000    0.005000    0.002000
1977   1  29  43172  -0.164492   0.142508   0.5854146   0.0024430   0.000000   0.000000   0.015000   0.015000  0.0019000  0.0007000    0.005000    0.002000
1977   1  30  43173  -0.167292   0.145408   0.5829965   0.0023890   0.000000   0.000000   0.015000   0.015000  0.0019000  0.0007000    0.005000    0.002000
1977   1  31  43174  -0.169992   0.148408   0.5806223   0.0023770   0.000000   0.000000   0.015000   0.015000  0.0019000  0.0007000    0.005000    0.002000
1977   2   1  43175  -0.172692   0.151408   0.5782372   0.0024090   0.000000   0.000000   0.015000   0.015000  0.0019000  0.0007000    0.005000    0.002000
1977   2   2  43176  -0.175391   0.154509   0.5757991   0.0024740   0.000000   0.000000   0.015000   0.015000  0.0019000  0.0007000    0.005000    0.002000
1977   2   3  43177  -0.177991   0.157709   0.5732659   0.0025880   0.000000   0.000000   0.015000   0.015000  0.0019000  0.0007000    0.005000    0.002000
1977   2   4  43178  -0.180591   0.160809   0.5706048   0.0027250   0.000000   0.000000   0.015000   0.015000  0.0019000  0.0007000    0.005000    0.002000
1977   2   5  43179  -0.183190   0.164010   0.5678047   0.0028630   0.000000   0.000000   0.015000   0.015000  0.0019000  0.0007000    0.005000    0.002000
1977   2   6  43180  -0.185690   0.167310   0.5648885   0.0029710   0.000000   0.000000   0.015000   0.015000  0.0019000  0.0007000    0.005000    0.002000
1977   2   7  43181  -0.188190   0.170610   0.5618814   0.0030230   0.000000   0.000000   0.015000   0.015000  0.0019000  0.0007000    0.005000    0.002000
1977   2   8  43182  -0.190590   0.173910   0.5588563   0.0030140   0.000000   0.000000   0.015000   0.015000  0.0019000  0.0007000    0.005000    0.002000
1977   2   9  43183  -0.192989   0.177311   0.5558831   0.0029320   0.000000   0.000000   0.015000   0.015000  0.0019000  0.0007000    0.005000    0.002000
1977   2  10  43184  -0.195289   0.180711   0.5530070   0.0028070   0.000000   0.000000   0.015000   0.015000  0.0019000  0.0007000    0.005000    0.002000
1977   2  11  43185  -0.197589   0.184111   0.5502639   0.0026810   0.000000   0.000000   0.015000   0.015000  0.0019000  0.0007000    0.005000    0.002000
1977   2  12  43186  -0.199889   0.187611   0.5476487   0.0025650   0.000000   0.000000   0.015000   0.015000  0.0019000  0.0007000    0.005000    0.002000
1977   2  13  43187  -0.202088   0.191112   0.5451186   0.0025040   0.000000   0.000000   0.015000   0.015000  0.0019000  0.0007000    0.005000    0.002000
1977   2  14  43188  -0.204188   0.194712   0.5426215   0.0025000   0.000000   0.000000   0.015000   0.015000  0.0019000  0.0007000    0.005000    0.002000
1977   2  15  43189  -0.206288   0.198212   0.5400904   0.0025600   0.000000   0.000000   0.015000   0.015000  0.0019000  0.0007000    0.005000    0.002000
1977   2  16  43190  -0.208287   0.201813   0.5374792   0.0026550   0.000000   0.000000   0.015000   0.015000  0.0019000  0.0007000    0.005000    0.002000
1977   2  17  43191  -0.210287   0.205413   0.5347681   0.0027660   0.000000   0.000000   0.015000   0.015000  0.0019000  0.0007000    0.005000    0.002000
1977   2  18  43192  -0.212187   0.209113   0.5319660   0.0028420   0.000000   0.000000   0.015000   0.015000  0.0019000  0.0007000    0.005000    0.002000
1977   2  19  43193  -0.214087   0.212713   0.5290978   0.0028850   0.000000   0.000000   0.015000   0.015000  0.0019000  0.0007000    0.005000    0.002000
1977   2  20  43194  -0.215886   0.216414   0.5262117   0.0028800   0.000000   0.000000   0.015000   0.015000  0.0019000  0.0007000    0.005000    0.002000
1977   2  21  43195  -0.217586   0.220114   0.5233516   0.0028340   0.000000   0.000000   0.015000   0.015000  0.0019000  0.0007000    0.005000    0.002000
1977   2  22  43196  -0.219286   0.223814   0.5205614   0.0027630   0.000000   0.000000   0.015000   0.015000  0.0019000  0.0007000    0.005000    0.002000
1977   2  23  43197  -0.220886   0.227514   0.5178393   0.0026790   0.000000   0.000000   0.015000   0.015000  0.0019000  0.0007000    0.005000    0.002000
1977   2  24  43198  -0.222385   0.231215   0.5152112   0.0025870   0.000000   0.000000   0.015000   0.015000  0.0019000  0.0007000    0.005000    0.002000
1977   2  25  43199  -0.223785   0.235015   0.5126590   0.0025200   0.000000   0.000000   0.015000   0.015000  0.0019000  0.0007000    0.005000    0.002000
1977   2  26  43200  -0.225185   0.238715   0.5101619   0.0024790   0.000000   0.000000   0.015000   0.015000  0.0019000  0.0007000    0.005000    0.002000
1977   2  27  43201  -0.226484   0.242416   0.5076868   0.0024670   0.000000   0.000000   0.015000   0.015000  0.0019000  0.0007000    0.005000    0.002000
1977   2  28  43202  -0.227684   0.246116   0.5052026   0.0025100   0.000000   0.000000   0.015000   0.015000  0.0019000  0.0007000    0.005000    0.002000
1977   3   1  43203  -0.228884   0.249816   0.5026605   0.0025900   0.000000   0.000000   0.015000   0.015000  0.0019000  0.0007000    0.005000    0.002000
1977   3   2  43204  -0.229884   0.253516   0.5000074   0.0027130   0.000000   0.000000   0.015000   0.015000  0.0019000  0.0007000    0.005000    0.002000
1977   3   3  43205  -0.230883   0.257217   0.4972222   0.0028710   0.000000   0.000000   0.015000   0.015000  0.0019000  0.0007000    0.005000    0.002000
1977   3   4  43206  -0.231783   0.260817   0.4942701   0.0030340   0.000000   0.000000   0.015000   0.015000  0.0019000  0.0007000    0.005000    0.002000
1977   3   5  43207  -0.232583   0.264517   0.4911490   0.0031940   0.000000   0.000000   0.015000   0.015000  0.0019000  0.0007000    0.005000    0.002000
1977   3   6  43208  -0.233283   0.268217   0.4878888   0.0033060   0.000000   0.000000   0.015000   0.015000  0.0019000  0.0007000    0.005000    0.002000
1977   3   7  43209  -0.233982   0.271818   0.4845607   0.0033450   0.000000   0.000000   0.015000   0.015000  0.0019000  0.0007000    0.005000    0.002000
1977   3   8  43210  -0.234482   0.275518   0.4812376   0.0033020   0.000000   0.000000   0.015000   0.015000  0.0019000  0.0007000    0.005000    0.002000
1977   3   9  43211  -0.234882   0.279118   0.4779884   0.0031960   0.000000   0.000000   0.015000   0.015000  0.0019000  0.0007000    0.005000    0.002000
1977   3  10  43212  -0.235281   0.282719   0.4748543   0.0030620   0.000000   0.000000   0.015000   0.015000  0.0019000  0.0007000    0.005000    0.002000
1977   3  11  43213  -0.235581   0.286419   0.4718602   0.0029510   0.000000   0.000000   0.015000   0.015000  0.0019000  0.0007000    0.005000    0.002000
1977   3  12  43214  -0.235781   0.290019   0.4689480   0.0028830   0.000000   0.000000   0.015000   0.015000  0.0019000  0.0007000    0.005000    0.002000
1977   3  13  43215  -0.235781   0.293619   0.4660659   0.0028910   0.000000   0.000000   0.015000   0.015000  0.0019000  0.0007000    0.005000    0.002000
1977   3  14  43216  -0.235780   0.297220   0.4631568   0.0029450   0.000000   0.000000   0.015000   0.015000  0.0019000  0.0007000    0.005000    0.002000
1977   3  15  43217  -0.235680   0.300820   0.4601616   0.0030480   0.000000   0.000000   0.015000   0.015000  0.0019000  0.0007000    0.005000    0.002000
1977   3  16  43218  -0.235480   0.304320   0.4570435   0.0031800   0.000000   0.000000   0.015000   0.015000  0.0019000  0.0007000    0.005000    0.002000
1977   3  17  43219  -0.235280   0.307920   0.4538154   0.0033030   0.000000   0.000000   0.015000   0.015000  0.0019000  0.0007000    0.005000    0.002000
1977   3  18  43220  -0.234879   0.311521   0.4504472   0.0033970   0.000000   0.000000   0.015000   0.015000  0.0019000  0.0007000    0.005000    0.002000
1977   3  19  43221  -0.234379   0.315021   0.4470271   0.0034370   0.000000   0.000000   0.015000   0.015000  0.0019000  0.0007000    0.005000    0.002000
1977   3  20  43222  -0.233879   0.318521   0.4435880   0.0034330   0.000000   0.000000   0.015000   0.015000  0.0019000  0.0007000    0.005000    0.002000
1977   3  21  43223  -0.233178   0.322022   0.4401718   0.0033850   0.000000   0.000000   0.015000   0.015000  0.0019000  0.0007000    0.005000    0.002000
1977   3  22  43224  -0.232478   0.325522   0.4368237   0.0033180   0.000000   0.000000   0.015000   0.015000  0.0019000  0.0007000    0.005000    0.002000
1977   3  23  43225  -0.231678   0.329022   0.4335376   0.0032360   0.000000   0.000000   0.015000   0.015000  0.0019000  0.0007000    0.005000    0.002000
1977   3  24  43226  -0.230778   0.332522   0.4303494   0.0031430   0.000000   0.000000   0.015000   0.015000  0.0019000  0.0007000    0.005000    0.002000
1977   3  25  43227  -0.229777   0.335923   0.4272443   0.0030710   0.000000   0.000000   0.015000   0.015000  0.0019000  0.0007000    0.005000    0.002000
1977   3  26  43228  -0.228677   0.339323   0.4242062   0.0030210   0.000000   0.000000   0.015000   0.015000  0.0019000  0.0007000    0.005000    0.002000
1977   3  27  43229  -0.227477   0.342623   0.4211980   0.0030030   0.000000   0.000000   0.015000   0.015000  0.0019000  0.0007000    0.005000    0.002000
1977   3  28  43230  -0.226276   0.345924   0.4181859   0.0030300   0.000000   0.000000   0.015000   0.015000  0.0019000  0.0007000    0.005000    0.002000
1977   3  29  43231  -0.224876   0.349224   0.4151228   0.0031020   0.000000   0.000000   0.015000   0.015000  0.0019000  0.0007000    0.005000    0.002000
1977   3  30  43232  -0.223476   0.352424   0.4119776   0.0032040   0.000000   0.000000   0.015000   0.015000  0.0019000  0.0007000    0.005000    0.002000
1977   3  31  43233  -0.221976   0.355624   0.4087055   0.0033340   0.000000   0.000000   0.015000   0.015000  0.0019000  0.0007000    0.005000    0.002000
1977   4   1  43234  -0.220375   0.358825   0.4052984   0.0034700   0.000000   0.000000   0.015000   0.015000  0.0019000  0.0007000    0.005000    0.002000
1977   4   2  43235  -0.218775   0.361925   0.4017732   0.0035820   0.000000   0.000000   0.015000   0.015000  0.0019000  0.0007000    0.005000    0.002000
1977   4   3  43236  -0.217075   0.364925   0.3981631   0.0036250   0.000000   0.000000   0.015000   0.015000  0.0019000  0.0007000    0.005000    0.002000
1977   4   4  43237  -0.215275   0.367925   0.3945510   0.0035950   0.000000   0.000000   0.015000   0.015000  0.0019000  0.0007000    0.005000    0.002000
1977   4   5  43238  -0.213374   0.370926   0.3910098   0.0034840   0.000000   0.000000   0.015000   0.015000  0.0019000  0.0007000    0.005000    0.002000
1977   4   6  43239  -0.211474   0.373826   0.3876107   0.0033080   0.000000   0.000000   0.015000   0.015000  0.0019000  0.0007000    0.005000    0.002000
1977   4   7  43240  -0.209474   0.376726   0.3843966   0.0031420   0.000000   0.000000   0.015000   0.015000  0.0019000  0.0007000    0.005000    0.002000
1977   4   8  43241  -0.207473   0.379627   0.3813254   0.0030170   0.000000   0.000000   0.015000   0.015000  0.0019000  0.0007000    0.005000    0.002000
1977   4   9  43242  -0.205373   0.382427   0.3783423   0.0029590   0.000000   0.000000   0.015000   0.015000  0.0019000  0.0007000    0.005000    0.002000
1977   4  10  43243  -0.203173   0.385127   0.3753792   0.0029580   0.000000   0.000000   0.015000   0.015000  0.0019000  0.0007000    0.005000    0.002000
1977   4  11  43244  -0.200973   0.387827   0.3724020   0.0030210   0.000000   0.000000   0.015000   0.015000  0.0019000  0.0007000    0.005000    0.002000
1977   4  12  43245  -0.198772   0.390528   0.3693299   0.0031130   0.000000   0.000000   0.015000   0.015000  0.0019000  0.0007000    0.005000    0.002000
1977   4  13  43246  -0.196472   0.393228   0.3661757   0.0032040   0.000000   0.000000   0.015000   0.015000  0.0019000  0.0007000    0.005000    0.002000
1977   4  14  43247  -0.194172   0.395828   0.3629276   0.0032760   0.000000   0.000000   0.015000   0.015000  0.0019000  0.0007000    0.005000    0.002000
1977   4  15  43248  -0.191772   0.398328   0.3596345   0.0033140   0.000000   0.000000   0.015000   0.015000  0.0019000  0.0007000    0.005000    0.002000
1977   4  16  43249  -0.189471   0.400829   0.3563023   0.0033350   0.000000   0.000000   0.015000   0.015000  0.0019000  0.0007000    0.005000    0.002000
1977   4  17  43250  -0.187071   0.403329   0.3529772   0.0033200   0.000000   0.000000   0.015000   0.015000  0.0019000  0.0007000    0.005000    0.002000
1977   4  18  43251  -0.184571   0.405829   0.3496791   0.0032610   0.000000   0.000000   0.015000   0.015000  0.0019000  0.0007000    0.005000    0.002000
1977   4  19  43252  -0.182170   0.408230   0.3464569   0.0031830   0.000000   0.000000   0.015000   0.015000  0.0019000  0.0007000    0.005000    0.002000
1977   4  20  43253  -0.179670   0.410630   0.3433028   0.0031180   0.000000   0.000000   0.015000   0.015000  0.0019000  0.0007000    0.005000    0.002000
1977   4  21  43254  -0.177270   0.412930   0.3402147   0.0030610   0.000000   0.000000   0.015000   0.015000  0.0019000  0.0007000    0.005000    0.002000
1977   4  22  43255  -0.174770   0.415230   0.3371705   0.0030310   0.000000   0.000000   0.015000   0.015000  0.0019000  0.0007000    0.005000    0.002000
1977   4  23  43256  -0.172269   0.417531   0.3341514   0.0030260   0.000000   0.000000   0.015000   0.015000  0.0019000  0.0007000    0.005000    0.002000
1977   4  24  43257  -0.169769   0.419831   0.3311153   0.0030520   0.000000   0.000000   0.015000   0.015000  0.0019000  0.0007000    0.005000    0.002000
1977   4  25  43258  -0.167269   0.422031   0.3280321   0.0031210   0.000000   0.000000   0.015000   0.015000  0.0019000  0.0007000    0.005000    0.002000
1977   4  26  43259  -0.164669   0.424231   0.3248700   0.0032100   0.000000   0.000000   0.015000   0.015000  0.0019000  0.0007000    0.005000    0.002000
1977   4  27  43260  -0.162168   0.426432   0.3215919   0.0033300   0.000000   0.000000   0.015000   0.015000  0.0019000  0.0007000    0.005000    0.002000
1977   4  28  43261  -0.159668   0.428532   0.3181937   0.0034680   0.000000   0.000000   0.015000   0.015000  0.0019000  0.0007000    0.005000    0.002000
1977   4  29  43262  -0.157068   0.430632   0.3146576   0.0036010   0.000000   0.000000   0.015000   0.015000  0.0019000  0.0007000    0.005000    0.002000
1977   4  30  43263  -0.154567   0.432733   0.3109924   0.0037010   0.000000   0.000000   0.015000   0.015000  0.0019000  0.0007000    0.005000    0.002000
1977   5   1  43264  -0.152067   0.434833   0.3072673   0.0037370   0.000000   0.000000   0.015000   0.015000  0.0019000  0.0007000    0.005000    0.002000
1977   5   2  43265  -0.149467   0.436833   0.3035552   0.0036930   0.000000   0.000000   0.015000   0.015000  0.0019000  0.0007000    0.005000    0.002000
1977   5   3  43266  -0.146867   0.438933   0.2999150   0.0035680   0.000000   0.000000   0.015000   0.015000  0.0019000  0.0007000    0.005000    0.002000
1977   5   4  43267  -0.144266   0.440934   0.2964229   0.0034140   0.000000   0.000000   0.015000   0.015000  0.0019000  0.0007000    0.005000    0.002000
1977   5   5  43268  -0.141666   0.442834   0.2930838   0.0032680   0.000000   0.000000   0.015000   0.015000  0.0019000  0.0007000    0.005000    0.002000
1977   5   6  43269  -0.139066   0.444834   0.2898796   0.0031590   0.000000   0.000000   0.015000   0.015000  0.0019000  0.0007000    0.005000    0.002000
1977   5   7  43270  -0.136366   0.446734   0.2867445   0.0031200   0.000000   0.000000   0.015000   0.015000  0.0019000  0.0007000    0.005000    0.002000
1977   5   8  43271  -0.133665   0.448635   0.2836324   0.0031320   0.000000   0.000000   0.015000   0.015000  0.0019000  0.0007000    0.005000    0.002000
1977   5   9  43272  -0.130965   0.450535   0.2804842   0.0031570   0.000000   0.000000   0.015000   0.015000  0.0019000  0.0007000    0.005000    0.002000
1977   5  10  43273  -0.128165   0.452335   0.2773091   0.0031900   0.000000   0.000000   0.015000   0.015000  0.0019000  0.0007000    0.005000    0.002000
1977   5  11  43274  -0.125364   0.454136   0.2740999   0.0032020   0.000000   0.000000   0.015000   0.015000  0.0019000  0.0007000    0.005000    0.002000
1977   5  12  43275  -0.122464   0.455936   0.2709038   0.0031850   0.000000   0.000000   0.015000   0.015000  0.0019000  0.0007000    0.005000    0.002000
1977   5  13  43276  -0.119564   0.457636   0.2677417   0.0031350   0.000000   0.000000   0.015000   0.015000  0.0019000  0.0007000    0.005000    0.002000
1977   5  14  43277  -0.116564   0.459336   0.2646545   0.0030540   0.000000   0.000000   0.015000   0.015000  0.0019000  0.0007000    0.005000    0.002000
1977   5  15  43278  -0.113563   0.460937   0.2616514   0.0029390   0.000000   0.000000   0.015000   0.015000  0.0019000  0.0007000    0.005000    0.002000
1977   5  16  43279  -0.110463   0.462537   0.2587703   0.0028210   0.000000   0.000000   0.015000   0.015000  0.0019000  0.0007000    0.005000    0.002000
1977   5  17  43280  -0.107263   0.464137   0.2560071   0.0027050   0.000000   0.000000   0.015000   0.015000  0.0019000  0.0007000    0.005000    0.002000
1977   5  18  43281  -0.104063   0.465637   0.2533560   0.0025920   0.000000   0.000000   0.015000   0.015000  0.0019000  0.0007000    0.005000    0.002000
1977   5  19  43282  -0.100762   0.467138   0.2508149   0.0025050   0.000000   0.000000   0.015000   0.015000  0.0019000  0.0007000    0.005000    0.002000
1977   5  20  43283  -0.097462   0.468538   0.2483347   0.0024600   0.000000   0.000000   0.015000   0.015000  0.0019000  0.0007000    0.005000    0.002000
1977   5  21  43284  -0.094062   0.469938   0.2458916   0.0024320   0.000000   0.000000   0.015000   0.015000  0.0019000  0.0007000    0.005000    0.002000
1977   5  22  43285  -0.090561   0.471239   0.2434464   0.0024540   0.000000   0.000000   0.015000   0.015000  0.0019000  0.0007000    0.005000    0.002000
1977   5  23  43286  -0.086961   0.472539   0.2409613   0.0025130   0.000000   0.000000   0.015000   0.015000  0.0019000  0.0007000    0.005000    0.002000
1977   5  24  43287  -0.083361   0.473739   0.2384002   0.0026020   0.000000   0.000000   0.015000   0.015000  0.0019000  0.0007000    0.005000    0.002000
1977   5  25  43288  -0.079661   0.474939   0.2357500   0.0027100   0.000000   0.000000   0.015000   0.015000  0.0019000  0.0007000    0.005000    0.002000
1977   5  26  43289  -0.075860   0.476040   0.2329889   0.0028210   0.000000   0.000000   0.015000   0.015000  0.0019000  0.0007000    0.005000    0.002000
1977   5  27  43290  -0.072060   0.477140   0.2301248   0.0029150   0.000000   0.000000   0.015000   0.015000  0.0019000  0.0007000    0.005000    0.002000
1977   5  28  43291  -0.068160   0.478140   0.2271736   0.0029670   0.000000   0.000000   0.015000   0.015000  0.0019000  0.0007000    0.005000    0.002000
1977   5  29  43292  -0.064160   0.479040   0.2242005   0.0029680   0.000000   0.000000   0.015000   0.015000  0.0019000  0.0007000    0.005000    0.002000
1977   5  30  43293  -0.060159   0.480041   0.2212593   0.0029010   0.000000   0.000000   0.015000   0.015000  0.0019000  0.0007000    0.005000    0.002000
1977   5  31  43294  -0.056159   0.480841   0.2184252   0.0027820   0.000000   0.000000   0.015000   0.015000  0.0019000  0.0007000    0.005000    0.002000
1977   6   1  43295  -0.051959   0.481741   0.2157001   0.0026470   0.000000   0.000000   0.015000   0.015000  0.0019000  0.0007000    0.005000    0.002000
1977   6   2  43296  -0.047758   0.482442   0.2131109   0.0025490   0.000000   0.000000   0.015000   0.015000  0.0019000  0.0007000    0.005000    0.002000
1977   6   3  43297  -0.043558   0.483242   0.2105848   0.0025050   0.000000   0.000000   0.015000   0.015000  0.0019000  0.0007000    0.005000    0.002000
1977   6   4  43298  -0.039258   0.483842   0.2080907   0.0025100   0.000000   0.000000   0.015000   0.015000  0.0019000  0.0007000    0.005000    0.002000
1977   6   5  43299  -0.034958   0.484542   0.2055515   0.0025610   0.000000   0.000000   0.015000   0.015000  0.0019000  0.0007000    0.005000    0.002000
1977   6   6  43300  -0.030557   0.485143   0.2029674   0.0026050   0.000000   0.000000   0.015000   0.015000  0.0019000  0.0007000    0.005000    0.002000
1977   6   7  43301  -0.026157   0.485643   0.2003492   0.0026250   0.000000   0.000000   0.015000   0.015000  0.0019000  0.0007000    0.005000    0.002000
1977   6   8  43302  -0.021757   0.486143   0.1977301   0.0026080   0.000000   0.000000   0.015000   0.015000  0.0019000  0.0007000    0.005000    0.002000
1977   6   9  43303  -0.017257   0.486543   0.1951570   0.0025530   0.000000   0.000000   0.015000   0.015000  0.0019000  0.0007000    0.005000    0.002000
1977   6  10  43304  -0.012656   0.486944   0.1926448   0.0024570   0.000000   0.000000   0.015000   0.015000  0.0019000  0.0007000    0.005000    0.002000
1977   6  11  43305  -0.008156   0.487244   0.1902397   0.0023490   0.000000   0.000000   0.015000   0.015000  0.0019000  0.0007000    0.005000    0.002000
1977   6  12  43306  -0.003556   0.487544   0.1879506   0.0022180   0.000000   0.000000   0.015000   0.015000  0.0019000  0.0007000    0.005000    0.002000
1977   6  13  43307   0.001045   0.487845   0.1857934   0.0020960   0.000000   0.000000   0.015000   0.015000  0.0019000  0.0007000    0.005000    0.002000
1977   6  14  43308   0.005645   0.487945   0.1837543   0.0019750   0.000000   0.000000   0.015000   0.015000  0.0019000  0.0007000    0.005000    0.002000
1977   6  15  43309   0.010345   0.488045   0.1818351   0.0018780   0.000000   0.000000   0.015000   0.015000  0.0019000  0.0007000    0.005000    0.002000
1977   6  16  43310   0.014945   0.488145   0.1799870   0.0018240   0.000000   0.000000   0.015000   0.015000  0.0019000  0.0007000    0.005000    0.002000
1977   6  17  43311   0.019646   0.488146   0.1781749   0.0017960   0.000000   0.000000   0.015000   0.015000  0.0019000  0.0007000    0.005000    0.002000
1977   6  18  43312   0.024346   0.488046   0.1763817   0.0018070   0.000000   0.000000   0.015000   0.015000  0.0019000  0.0007000    0.005000    0.002000
1977   6  19  43313   0.028946   0.487946   0.1745486   0.0018530   0.000000   0.000000   0.015000   0.015000  0.0019000  0.0007000    0.005000    0.002000
1977   6  20  43314   0.033647   0.487647   0.1726545   0.0019390   0.000000   0.000000   0.015000   0.015000  0.0019000  0.0007000    0.005000    0.002000
1977   6  21  43315   0.038347   0.487447   0.1706743   0.0020340   0.000000   0.000000   0.015000   0.015000  0.0019000  0.0007000    0.005000    0.002000
1977   6  22  43316   0.042947   0.487047   0.1685962   0.0021310   0.000000   0.000000   0.015000   0.015000  0.0019000  0.0007000    0.005000    0.002000
1977   6  23  43317   0.047547   0.486647   0.1664170   0.0022130   0.000000   0.000000   0.015000   0.015000  0.0019000  0.0007000    0.005000    0.002000
1977   6  24  43318   0.052148   0.486148   0.1641699   0.0022740   0.000000   0.000000   0.015000   0.015000  0.0019000  0.0007000    0.005000    0.002000
1977   6  25  43319   0.056748   0.485648   0.1618958   0.0022770   0.000000   0.000000   0.015000   0.015000  0.0019000  0.0007000    0.005000    0.002000
1977   6  26  43320   0.061348   0.485048   0.1596236   0.0022360   0.000000   0.000000   0.015000   0.015000  0.0019000  0.0007000    0.005000    0.002000
1977   6  27  43321   0.065848   0.484348   0.1574295   0.0021470   0.000000   0.000000   0.015000   0.015000  0.0019000  0.0007000    0.005000    0.002000
1977   6  28  43322   0.070349   0.483549   0.1553383   0.0020320   0.000000   0.000000   0.015000   0.015000  0.0019000  0.0007000    0.005000    0.002000
1977   6  29  43323   0.074849   0.482749   0.1533612   0.0019360   0.000000   0.000000   0.015000   0.015000  0.0019000  0.0007000    0.005000    0.002000
1977   6  30  43324   0.079249   0.481849   0.1514621   0.0018710   0.000000   0.000000   0.015000   0.015000  0.0019000  0.0007000    0.005000    0.002000
1977   7   1  43325   0.083650   0.480850   0.1495879   0.0018750   0.000000   0.000000   0.015000   0.015000  0.0019000  0.0007000    0.005000    0.002000
1977   7   2  43326   0.087950   0.479850   0.1476938   0.0019300   0.000000   0.000000   0.015000   0.015000  0.0019000  0.0007000    0.005000    0.002000
1977   7   3  43327   0.092250   0.478750   0.1457227   0.0020030   0.000000   0.000000   0.015000   0.015000  0.0019000  0.0007000    0.005000    0.002000
1977   7   4  43328   0.096450   0.477550   0.1436925   0.0020610   0.000000   0.000000   0.015000   0.015000  0.0019000  0.0007000    0.005000    0.002000
1977   7   5  43329   0.100651   0.476351   0.1416254   0.0020760   0.000000   0.000000   0.015000   0.015000  0.0019000  0.0007000    0.005000    0.002000
1977   7   6  43330   0.104851   0.475051   0.1395562   0.0020520   0.000000   0.000000   0.015000   0.015000  0.0019000  0.0007000    0.005000    0.002000
1977   7   7  43331   0.108851   0.473651   0.1375351   0.0019770   0.000000   0.000000   0.015000   0.015000  0.0019000  0.0007000    0.005000    0.002000
1977   7   8  43332   0.112951   0.472251   0.1356020   0.0018840   0.000000   0.000000   0.015000   0.015000  0.0019000  0.0007000    0.005000    0.002000
1977   7   9  43333   0.116952   0.470752   0.1337718   0.0017760   0.000000   0.000000   0.015000   0.015000  0.0019000  0.0007000    0.005000    0.002000
1977   7  10  43334   0.120852   0.469252   0.1320497   0.0016760   0.000000   0.000000   0.015000   0.015000  0.0019000  0.0007000    0.005000    0.002000
1977   7  11  43335   0.124752   0.467652   0.1304165   0.0015850   0.000000   0.000000   0.015000   0.015000  0.0019000  0.0007000    0.005000    0.002000
1977   7  12  43336   0.128553   0.466053   0.1288634   0.0015250   0.000000   0.000000   0.015000   0.015000  0.0019000  0.0007000    0.005000    0.002000
1977   7  13  43337   0.132253   0.464353   0.1273543   0.0014880   0.000000   0.000000   0.015000   0.015000  0.0019000  0.0007000    0.005000    0.002000
1977   7  14  43338   0.136053   0.462653   0.1258641   0.0014990   0.000000   0.000000   0.015000   0.015000  0.0019000  0.0007000    0.005000    0.002000
1977   7  15  43339   0.139653   0.460853   0.1243430   0.0015600   0.000000   0.000000   0.015000   0.015000  0.0019000  0.0007000    0.005000    0.002000
1977   7  16  43340   0.143354   0.459054   0.1227308   0.0016480   0.000000   0.000000   0.015000   0.015000  0.0019000  0.0007000    0.005000    0.002000
1977   7  17  43341   0.146854   0.457154   0.1210257   0.0017680   0.000000   0.000000   0.015000   0.015000  0.0019000  0.0007000    0.005000    0.002000
1977   7  18  43342   0.150354   0.455254   0.1191886   0.0019080   0.000000   0.000000   0.015000   0.015000  0.0019000  0.0007000    0.005000    0.002000
1977   7  19  43343   0.153854   0.453354   0.1172074   0.0020530   0.000000   0.000000   0.015000   0.015000  0.0019000  0.0007000    0.005000    0.002000
1977   7  20  43344   0.157255   0.451355   0.1150873   0.0021730   0.000000   0.000000   0.015000   0.015000  0.0019000  0.0007000    0.005000    0.002000
1977   7  21  43345   0.160655   0.449355   0.1128631   0.0022690   0.000000   0.000000   0.015000   0.015000  0.0019000  0.0007000    0.005000    0.002000
1977   7  22  43346   0.163955   0.447255   0.1105750   0.0022980   0.000000   0.000000   0.015000   0.015000  0.0019000  0.0007000    0.005000    0.002000
1977   7  23  43347   0.167256   0.445156   0.1082829   0.0022770   0.000000   0.000000   0.015000   0.015000  0.0019000  0.0007000    0.005000    0.002000
1977   7  24  43348   0.170456   0.443056   0.1060357   0.0022140   0.000000   0.000000   0.015000   0.015000  0.0019000  0.0007000    0.005000    0.002000
1977   7  25  43349   0.173656   0.440956   0.1038636   0.0021170   0.000000   0.000000   0.015000   0.015000  0.0019000  0.0007000    0.005000    0.002000
1977   7  26  43350   0.176756   0.438756   0.1017914   0.0020220   0.000000   0.000000   0.015000   0.015000  0.0019000  0.0007000    0.005000    0.002000
1977   7  27  43351   0.179857   0.436457   0.0997993   0.0019580   0.000000   0.000000   0.015000   0.015000  0.0019000  0.0007000    0.005000    0.002000
1977   7  28  43352   0.182957   0.434257   0.0978572   0.0019370   0.000000   0.000000   0.015000   0.015000  0.0019000  0.0007000    0.005000    0.002000
1977   7  29  43353   0.185957   0.431957   0.0959070   0.0019710   0.000000   0.000000   0.015000   0.015000  0.0019000  0.0007000    0.005000    0.002000
1977   7  30  43354   0.188857   0.429657   0.0938919   0.0020430   0.000000   0.000000   0.015000   0.015000  0.0019000  0.0007000    0.005000    0.002000
1977   7  31  43355   0.191858   0.427258   0.0918097   0.0021180   0.000000   0.000000   0.015000   0.015000  0.0019000  0.0007000    0.005000    0.002000
1977   8   1  43356   0.194658   0.424858   0.0896656   0.0021600   0.000000   0.000000   0.015000   0.015000  0.0019000  0.0007000    0.005000    0.002000
1977   8   2  43357   0.197558   0.422458   0.0874965   0.0021600   0.000000   0.000000   0.015000   0.015000  0.0019000  0.0007000    0.005000    0.002000
1977   8   3  43358   0.200359   0.420059   0.0853653   0.0020940   0.000000   0.000000   0.015000   0.015000  0.0019000  0.0007000    0.005000    0.002000
1977   8   4  43359   0.203059   0.417559   0.0833322   0.0019860   0.000000   0.000000   0.015000   0.015000  0.0019000  0.0007000    0.005000    0.002000
1977   8   5  43360   0.205759   0.415059   0.0814000   0.0018650   0.000000   0.000000   0.015000   0.015000  0.0019000  0.0007000    0.005000    0.002000
1977   8   6  43361   0.208459   0.412559   0.0796029   0.0017370   0.000000   0.000000   0.015000   0.015000  0.0019000  0.0007000    0.005000    0.002000
1977   8   7  43362   0.211160   0.409960   0.0779328   0.0016160   0.000000   0.000000   0.015000   0.015000  0.0019000  0.0007000    0.005000    0.002000
1977   8   8  43363   0.213760   0.407360   0.0763646   0.0015230   0.000000   0.000000   0.015000   0.015000  0.0019000  0.0007000    0.005000    0.002000
1977   8   9  43364   0.216260   0.404760   0.0748755   0.0014710   0.000000   0.000000   0.015000   0.015000  0.0019000  0.0007000    0.005000    0.002000
1977   8  10  43365   0.218860   0.402060   0.0734103   0.0014560   0.000000   0.000000   0.015000   0.015000  0.0019000  0.0007000    0.005000    0.002000
1977   8  11  43366   0.221361   0.399361   0.0719482   0.0014940   0.000000   0.000000   0.015000   0.015000  0.0019000  0.0007000    0.005000    0.002000
1977   8  12  43367   0.223761   0.396661   0.0704171   0.0015630   0.000000   0.000000   0.015000   0.015000  0.0019000  0.0007000    0.005000    0.002000
1977   8  13  43368   0.226261   0.393861   0.0687999   0.0016870   0.000000   0.000000   0.015000   0.015000  0.0019000  0.0007000    0.005000    0.002000
1977   8  14  43369   0.228662   0.391162   0.0670448   0.0018270   0.000000   0.000000   0.015000   0.015000  0.0019000  0.0007000    0.005000    0.002000
1977   8  15  43370   0.230962   0.388362   0.0651316   0.0019880   0.000000   0.000000   0.015000   0.015000  0.0019000  0.0007000    0.005000    0.002000
1977   8  16  43371   0.233362   0.385462   0.0630715   0.0021400   0.000000   0.000000   0.015000   0.015000  0.0019000  0.0007000    0.005000    0.002000
1977   8  17  43372   0.235662   0.382662   0.0608624   0.0022580   0.000000   0.000000   0.015000   0.015000  0.0019000  0.0007000    0.005000    0.002000
1977   8  18  43373   0.237863   0.379763   0.0585622   0.0023350   0.000000   0.000000   0.015000   0.015000  0.0019000  0.0007000    0.005000    0.002000
1977   8  19  43374   0.240163   0.376863   0.0562231   0.0023430   0.000000   0.000000   0.015000   0.015000  0.0019000  0.0007000    0.005000    0.002000
1977   8  20  43375   0.242363   0.373963   0.0538919   0.0023120   0.000000   0.000000   0.015000   0.015000  0.0019000  0.0007000    0.005000    0.002000
1977   8  21  43376   0.244463   0.370963   0.0515968   0.0022550   0.000000   0.000000   0.015000   0.015000  0.0019000  0.0007000    0.005000    0.002000
1977   8  22  43377   0.246664   0.367964   0.0493717   0.0022080   0.000000   0.000000   0.015000   0.015000  0.0019000  0.0007000    0.005000    0.002000
1977   8  23  43378   0.248664   0.364964   0.0471815   0.0021790   0.000000   0.000000   0.015000   0.015000  0.0019000  0.0007000    0.005000    0.002000
1977   8  24  43379   0.250764   0.361964   0.0449964   0.0022090   0.000000   0.000000   0.015000   0.015000  0.0019000  0.0007000    0.005000    0.002000
1977   8  25  43380   0.252765   0.358965   0.0427552   0.0022930   0.000000   0.000000   0.015000   0.015000  0.0019000  0.0007000    0.005000    0.002000
1977   8  26  43381   0.254665   0.355865   0.0404051   0.0024230   0.000000   0.000000   0.015000   0.015000  0.0019000  0.0007000    0.005000    0.002000
1977   8  27  43382   0.256565   0.352865   0.0379020   0.0025740   0.000000   0.000000   0.015000   0.015000  0.0019000  0.0007000    0.005000    0.002000
1977   8  28  43383   0.258465   0.349765   0.0352608   0.0027040   0.000000   0.000000   0.015000   0.015000  0.0019000  0.0007000    0.005000    0.002000
1977   8  29  43384   0.260266   0.346566   0.0325087   0.0028110   0.000000   0.000000   0.015000   0.015000  0.0019000  0.0007000    0.005000    0.002000
1977   8  30  43385   0.261966   0.343466   0.0296675   0.0028410   0.000000   0.000000   0.015000   0.015000  0.0019000  0.0007000    0.005000    0.002000
1977   8  31  43386   0.263666   0.340266   0.0268344   0.0028270   0.000000   0.000000   0.015000   0.015000  0.0019000  0.0007000    0.005000    0.002000
1977   9   1  43387   0.265366   0.337166   0.0240352   0.0027550   0.000000   0.000000   0.015000   0.015000  0.0019000  0.0007000    0.005000    0.002000
1977   9   2  43388   0.266867   0.333867   0.0213191   0.0026760   0.000000   0.000000   0.015000   0.015000  0.0019000  0.0007000    0.005000    0.002000
1977   9   3  43389   0.268367   0.330667   0.0186920   0.0025880   0.000000   0.000000   0.015000   0.015000  0.0019000  0.0007000    0.005000    0.002000
1977   9   4  43390   0.269867   0.327467   0.0161378   0.0025140   0.000000   0.000000   0.015000   0.015000  0.0019000  0.0007000    0.005000    0.002000
1977   9   5  43391   0.271168   0.324168   0.0136557   0.0024660   0.000000   0.000000   0.015000   0.015000  0.0019000  0.0007000    0.005000    0.002000
1977   9   6  43392   0.272468   0.320868   0.0111935   0.0024550   0.000000   0.000000   0.015000   0.015000  0.0019000  0.0007000    0.005000    0.002000
1977   9   7  43393   0.273668   0.317468   0.0087314   0.0024760   0.000000   0.000000   0.015000   0.015000  0.0019000  0.0007000    0.005000    0.002000
1977   9   8  43394   0.274868   0.314168   0.0062273   0.0025500   0.000000   0.000000   0.015000   0.015000  0.0019000  0.0007000    0.005000    0.002000
1977   9   9  43395   0.275869   0.310769   0.0036291   0.0026430   0.000000   0.000000   0.015000   0.015000  0.0019000  0.0007000    0.005000    0.002000
1977   9  10  43396   0.276869   0.307369   0.0009200   0.0027690   0.000000   0.000000   0.015000   0.015000  0.0019000  0.0007000    0.005000    0.002000
1977   9  11  43397   0.277769   0.303869  -0.0019162   0.0029130   0.000000   0.000000   0.015000   0.015000  0.0019000  0.0007000    0.005000    0.002000
1977   9  12  43398   0.278670   0.300370  -0.0048973   0.0030500   0.000000   0.000000   0.015000   0.015000  0.0019000  0.0007000    0.005000    0.002000
1977   9  13  43399   0.279370   0.296870  -0.0080084   0.0031740   0.000000   0.000000   0.015000   0.015000  0.0019000  0.0007000    0.005000    0.002000
1977   9  14  43400   0.279970   0.293270  -0.0112206   0.0032410   0.000000   0.000000   0.015000   0.015000  0.0019000  0.0007000    0.005000    0.002000
1977   9  15  43401   0.280570   0.289670  -0.0144687   0.0032430   0.000000   0.000000   0.015000   0.015000  0.0019000  0.0007000    0.005000    0.002000
1977   9  16  43402   0.280971   0.286071  -0.0176849   0.0031800   0.000000   0.000000   0.015000   0.015000  0.0019000  0.0007000    0.005000    0.002000
1977   9  17  43403   0.281371   0.282371  -0.0208150   0.0030740   0.000000   0.000000   0.015000   0.015000  0.0019000  0.0007000    0.005000    0.002000
1977   9  18  43404   0.281671   0.278571  -0.0238402   0.0029580   0.000000   0.000000   0.015000   0.015000  0.0019000  0.0007000    0.005000    0.002000
1977   9  19  43405   0.281871   0.274871  -0.0267373   0.0028650   0.000000   0.000000   0.015000   0.015000  0.0019000  0.0007000    0.005000    0.002000
1977   9  20  43406   0.281972   0.271072  -0.0295754   0.0028190   0.000000   0.000000   0.015000   0.015000  0.0019000  0.0007000    0.005000    0.002000
1977   9  21  43407   0.281972   0.267172  -0.0323946   0.0028180   0.000000   0.000000   0.015000   0.015000  0.0019000  0.0007000    0.005000    0.002000
1977   9  22  43408   0.281972   0.263272  -0.0352377   0.0028750   0.000000   0.000000   0.015000   0.015000  0.0019000  0.0007000    0.005000    0.002000
1977   9  23  43409   0.281773   0.259373  -0.0381439   0.0029620   0.000000   0.000000   0.015000   0.015000  0.0019000  0.0007000    0.005000    0.002000
1977   9  24  43410   0.281573   0.255473  -0.0411530   0.0030420   0.000000   0.000000   0.015000   0.015000  0.0019000  0.0007000    0.005000    0.002000
1977   9  25  43411   0.281273   0.251473  -0.0442321   0.0031080   0.000000   0.000000   0.015000   0.015000  0.0019000  0.0007000    0.005000    0.002000
1977   9  26  43412   0.280873   0.247473  -0.0473533   0.0031280   0.000000   0.000000   0.015000   0.015000  0.0019000  0.0007000    0.005000    0.002000
1977   9  27  43413   0.280374   0.243374  -0.0504684   0.0030950   0.000000   0.000000   0.015000   0.015000  0.0019000  0.0007000    0.005000    0.002000
1977   9  28  43414   0.279774   0.239374  -0.0535286   0.0030060   0.000000   0.000000   0.015000   0.015000  0.0019000  0.0007000    0.005000    0.002000
1977   9  29  43415   0.279174   0.235274  -0.0564817   0.0028970   0.000000   0.000000   0.015000   0.015000  0.0019000  0.0007000    0.005000    0.002000
1977   9  30  43416   0.278474   0.231174  -0.0593189   0.0027880   0.000000   0.000000   0.015000   0.015000  0.0019000  0.0007000    0.005000    0.002000
1977  10   1  43417   0.277675   0.226975  -0.0620520   0.0026790   0.000000   0.000000   0.015000   0.015000  0.0019000  0.0007000    0.005000    0.002000
1977  10   2  43418   0.276775   0.222875  -0.0646931   0.0026000   0.000000   0.000000   0.015000   0.015000  0.0019000  0.0007000    0.005000    0.002000
1977  10   3  43419   0.275775   0.218675  -0.0672623   0.0025530   0.000000   0.000000   0.015000   0.015000  0.0019000  0.0007000    0.005000    0.002000
1977  10   4  43420   0.274776   0.214576  -0.0698134   0.0025560   0.000000   0.000000   0.015000   0.015000  0.0019000  0.0007000    0.005000    0.002000
1977  10   5  43421   0.273676   0.210376  -0.0723796   0.0025910   0.000000   0.000000   0.015000   0.015000  0.0019000  0.0007000    0.005000    0.002000
1977  10   6  43422   0.272476   0.206176  -0.0750197   0.0026770   0.000000   0.000000   0.015000   0.015000  0.0019000  0.0007000    0.005000    0.002000
1977  10   7  43423   0.271176   0.202076  -0.0777549   0.0028000   0.000000   0.000000   0.015000   0.015000  0.0019000  0.0007000    0.005000    0.002000
1977  10   8  43424   0.269877   0.197877  -0.0806270   0.0029680   0.000000   0.000000   0.015000   0.015000  0.0019000  0.0007000    0.005000    0.002000
1977  10   9  43425   0.268477   0.193777  -0.0836851   0.0031380   0.000000   0.000000   0.015000   0.015000  0.0019000  0.0007000    0.005000    0.002000
1977  10  10  43426   0.266977   0.189677  -0.0869123   0.0033020   0.000000   0.000000   0.015000   0.015000  0.0019000  0.0007000    0.005000    0.002000
1977  10  11  43427   0.265477   0.185577  -0.0902884   0.0034350   0.000000   0.000000   0.015000   0.015000  0.0019000  0.0007000    0.005000    0.002000
1977  10  12  43428   0.263878   0.181478  -0.0937736   0.0035210   0.000000   0.000000   0.015000   0.015000  0.0019000  0.0007000    0.005000    0.002000
1977  10  13  43429   0.262178   0.177378  -0.0972997   0.0035280   0.000000   0.000000   0.015000   0.015000  0.0019000  0.0007000    0.005000    0.002000
1977  10  14  43430   0.260478   0.173378  -0.1008089   0.0034720   0.000000   0.000000   0.015000   0.015000  0.0019000  0.0007000    0.005000    0.002000
1977  10  15  43431   0.258579   0.169379  -0.1042320   0.0033820   0.000000   0.000000   0.015000   0.015000  0.0019000  0.0007000    0.005000    0.002000
1977  10  16  43432   0.256779   0.165479  -0.1075741   0.0032990   0.000000   0.000000   0.015000   0.015000  0.0019000  0.0007000    0.005000    0.002000
1977  10  17  43433   0.254779   0.161579  -0.1108333   0.0032460   0.000000   0.000000   0.015000   0.015000  0.0019000  0.0007000    0.005000    0.002000
1977  10  18  43434   0.252779   0.157779  -0.1140864   0.0032480   0.000000   0.000000   0.015000   0.015000  0.0019000  0.0007000    0.005000    0.002000
1977  10  19  43435   0.250680   0.153980  -0.1173586   0.0033030   0.000000   0.000000   0.015000   0.015000  0.0019000  0.0007000    0.005000    0.002000
1977  10  20  43436   0.248580   0.150180  -0.1207027   0.0033800   0.000000   0.000000   0.015000   0.015000  0.0019000  0.0007000    0.005000    0.002000
1977  10  21  43437   0.246380   0.146580  -0.1241309   0.0034650   0.000000   0.000000   0.015000   0.015000  0.0019000  0.0007000    0.005000    0.002000
1977  10  22  43438   0.244180   0.142880  -0.1276270   0.0035250   0.000000   0.000000   0.015000   0.015000  0.0019000  0.0007000    0.005000    0.002000
1977  10  23  43439   0.241781   0.139381  -0.1311691   0.0035420   0.000000   0.000000   0.015000   0.015000  0.0019000  0.0007000    0.005000    0.002000
1977  10  24  43440   0.239481   0.135881  -0.1347063   0.0035160   0.000000   0.000000   0.015000   0.015000  0.0019000  0.0007000    0.005000    0.002000
1977  10  25  43441   0.236981   0.132481  -0.1381964   0.0034470   0.000000   0.000000   0.015000   0.015000  0.0019000  0.0007000    0.005000    0.002000
1977  10  26  43442   0.234582   0.129082  -0.1415896   0.0033330   0.000000   0.000000   0.015000   0.015000  0.0019000  0.0007000    0.005000    0.002000
1977  10  27  43443   0.231982   0.125882  -0.1448677   0.0032130   0.000000   0.000000   0.015000   0.015000  0.0019000  0.0007000    0.005000    0.002000
1977  10  28  43444   0.229382   0.122682  -0.1480149   0.0030830   0.000000   0.000000   0.015000   0.015000  0.0019000  0.0007000    0.005000    0.002000
1977  10  29  43445   0.226782   0.119482  -0.1510290   0.0029690   0.000000   0.000000   0.015000   0.015000  0.0019000  0.0007000    0.005000    0.002000
1977  10  30  43446   0.224083   0.116483  -0.1539521   0.0028720   0.000000   0.000000   0.015000   0.015000  0.0019000  0.0007000    0.005000    0.002000
1977  10  31  43447   0.221383   0.113483  -0.1567963   0.0028190   0.000000   0.000000   0.015000   0.015000  0.0019000  0.0007000    0.005000    0.002000
1977  11   1  43448   0.218583   0.110583  -0.1596034   0.0028060   0.000000   0.000000   0.015000   0.015000  0.0019000  0.0007000    0.005000    0.002000
1977  11   2  43449   0.215783   0.107683  -0.1624306   0.0028430   0.000000   0.000000   0.015000   0.015000  0.0019000  0.0007000    0.005000    0.002000
1977  11   3  43450   0.212984   0.104984  -0.1653027   0.0029160   0.000000   0.000000   0.015000   0.015000  0.0019000  0.0007000    0.005000    0.002000
1977  11   4  43451   0.210084   0.102284  -0.1682729   0.0030180   0.000000   0.000000   0.015000   0.015000  0.0019000  0.0007000    0.005000    0.002000
1977  11   5  43452   0.207184   0.099584  -0.1713450   0.0031390   0.000000   0.000000   0.015000   0.015000  0.0019000  0.0007000    0.005000    0.002000
1977  11   6  43453   0.204185   0.097085  -0.1745521   0.0032640   0.000000   0.000000   0.015000   0.015000  0.0019000  0.0007000    0.005000    0.002000
1977  11   7  43454   0.201185   0.094585  -0.1778783   0.0033840   0.000000   0.000000   0.015000   0.015000  0.0019000  0.0007000    0.005000    0.002000
1977  11   8  43455   0.198185   0.092185  -0.1813194   0.0034680   0.000000   0.000000   0.015000   0.015000  0.0019000  0.0007000    0.005000    0.002000
1977  11   9  43456   0.195185   0.089785  -0.1848046   0.0034940   0.000000   0.000000   0.015000   0.015000  0.0019000  0.0007000    0.005000    0.002000
1977  11  10  43457   0.192086   0.087586  -0.1882837   0.0034540   0.000000   0.000000   0.015000   0.015000  0.0019000  0.0007000    0.005000    0.002000
1977  11  11  43458   0.188986   0.085286  -0.1916959   0.0033630   0.000000   0.000000   0.015000   0.015000  0.0019000  0.0007000    0.005000    0.002000
1977  11  12  43459   0.185786   0.083086  -0.1950050   0.0032530   0.000000   0.000000   0.015000   0.015000  0.0019000  0.0007000    0.005000    0.002000
1977  11  13  43460   0.182586   0.080986  -0.1982091   0.0031640   0.000000   0.000000   0.015000   0.015000  0.0019000  0.0007000    0.005000    0.002000
1977  11  14  43461   0.179387   0.078887  -0.2013493   0.0031260   0.000000   0.000000   0.015000   0.015000  0.0019000  0.0007000    0.005000    0.002000
1977  11  15  43462   0.176187   0.076887  -0.2044794   0.0031440   0.000000   0.000000   0.015000   0.015000  0.0019000  0.0007000    0.005000    0.002000
1977  11  16  43463   0.172887   0.074987  -0.2076516   0.0031910   0.000000   0.000000   0.015000   0.015000  0.0019000  0.0007000    0.005000    0.002000
1977  11  17  43464   0.169588   0.072988  -0.2108767   0.0032580   0.000000   0.000000   0.015000   0.015000  0.0019000  0.0007000    0.005000    0.002000
1977  11  18  43465   0.166288   0.071088  -0.2141629   0.0032990   0.000000   0.000000   0.015000   0.015000  0.0019000  0.0007000    0.005000    0.002000
1977  11  19  43466   0.162888   0.069288  -0.2174640   0.0033080   0.000000   0.000000   0.015000   0.015000  0.0019000  0.0007000    0.005000    0.002000
1977  11  20  43467   0.159488   0.067488  -0.2207572   0.0032690   0.000000   0.000000   0.015000   0.015000  0.0019000  0.0007000    0.005000    0.002000
1977  11  21  43468   0.156089   0.065689  -0.2239883   0.0031920   0.000000   0.000000   0.015000   0.015000  0.0019000  0.0007000    0.005000    0.002000
1977  11  22  43469   0.152589   0.063989  -0.2271404   0.0030950   0.000000   0.000000   0.015000   0.015000  0.0019000  0.0007000    0.005000    0.002000
1977  11  23  43470   0.149089   0.062189  -0.2301746   0.0029710   0.000000   0.000000   0.015000   0.015000  0.0019000  0.0007000    0.005000    0.002000
1977  11  24  43471   0.145589   0.060489  -0.2330817   0.0028420   0.000000   0.000000   0.015000   0.015000  0.0019000  0.0007000    0.005000    0.002000
1977  11  25  43472   0.141990   0.058890  -0.2358629   0.0027250   0.000000   0.000000   0.015000   0.015000  0.0019000  0.0007000    0.005000    0.002000
1977  11  26  43473   0.138390   0.057190  -0.2385380   0.0026310   0.000000   0.000000   0.015000   0.015000  0.0019000  0.0007000    0.005000    0.002000
1977  11  27  43474   0.134790   0.055590  -0.2411352   0.0025790   0.000000   0.000000   0.015000   0.015000  0.0019000  0.0007000    0.005000    0.002000
1977  11  28  43475   0.131091   0.053991  -0.2437093   0.0025620   0.000000   0.000000   0.015000   0.015000  0.0019000  0.0007000    0.005000    0.002000
1977  11  29  43476   0.127391   0.052491  -0.2462824   0.0025930   0.000000   0.000000   0.015000   0.015000  0.0019000  0.0007000    0.005000    0.002000
1977  11  30  43477   0.123691   0.050891  -0.2488956   0.0026480   0.000000   0.000000   0.015000   0.015000  0.0019000  0.0007000    0.005000    0.002000
1977  12   1  43478   0.119991   0.049391  -0.2515897   0.0027430   0.000000   0.000000   0.015000   0.015000  0.0019000  0.0007000    0.005000    0.002000
1977  12   2  43479   0.116192   0.047892  -0.2543879   0.0028470   0.000000   0.000000   0.015000   0.015000  0.0019000  0.0007000    0.005000    0.002000
1977  12   3  43480   0.112392   0.046392  -0.2572970   0.0029690   0.000000   0.000000   0.015000   0.015000  0.0019000  0.0007000    0.005000    0.002000
1977  12   4  43481   0.108592   0.044992  -0.2603252   0.0030950   0.000000   0.000000   0.015000   0.015000  0.0019000  0.0007000    0.005000    0.002000
1977  12   5  43482   0.104692   0.043592  -0.2634793   0.0031980   0.000000   0.000000   0.015000   0.015000  0.0019000  0.0007000    0.005000    0.002000
1977  12   6  43483   0.100893   0.042193  -0.2667095   0.0032730   0.000000   0.000000   0.015000   0.015000  0.0019000  0.0007000    0.005000    0.002000
1977  12   7  43484   0.096993   0.040893  -0.2699986   0.0033050   0.000000   0.000000   0.015000   0.015000  0.0019000  0.0007000    0.005000    0.002000
1977  12   8  43485   0.093093   0.039493  -0.2732927   0.0032850   0.000000   0.000000   0.015000   0.015000  0.0019000  0.0007000    0.005000    0.002000
1977  12   9  43486   0.089194   0.038294  -0.2765679   0.0032410   0.000000   0.000000   0.015000   0.015000  0.0019000  0.0007000    0.005000    0.002000
1977  12  10  43487   0.085294   0.036994  -0.2797760   0.0031980   0.000000   0.000000   0.015000   0.015000  0.0019000  0.0007000    0.005000    0.002000
1977  12  11  43488   0.081394   0.035894  -0.2829652   0.0031900   0.000000   0.000000   0.015000   0.015000  0.0019000  0.0007000    0.005000    0.002000
1977  12  12  43489   0.077494   0.034694  -0.2861733   0.0032470   0.000000   0.000000   0.015000   0.015000  0.0019000  0.0007000    0.005000    0.002000
1977  12  13  43490   0.073595   0.033595  -0.2894775   0.0033540   0.000000   0.000000   0.015000   0.015000  0.0019000  0.0007000    0.005000    0.002000
1977  12  14  43491   0.069695   0.032595  -0.2928796   0.0034620   0.000000   0.000000   0.015000   0.015000  0.0019000  0.0007000    0.005000    0.002000
1977  12  15  43492   0.065695   0.031595  -0.2964058   0.0035660   0.000000   0.000000   0.015000   0.015000  0.0019000  0.0007000    0.005000    0.002000
1977  12  16  43493   0.061796   0.030696  -0.2999979   0.0036200   0.000000   0.000000   0.015000   0.015000  0.0019000  0.0007000    0.005000    0.002000
1977  12  17  43494   0.057896   0.029796  -0.3036210   0.0036170   0.000000   0.000000   0.015000   0.015000  0.0019000  0.0007000    0.005000    0.002000
1977  12  18  43495   0.053996   0.028996  -0.3072182   0.0035630   0.000000   0.000000   0.015000   0.015000  0.0019000  0.0007000    0.005000    0.002000
1977  12  19  43496   0.050096   0.028196  -0.3107373   0.0034690   0.000000   0.000000   0.015000   0.015000  0.0019000  0.0007000    0.005000    0.002000
1977  12  20  43497   0.046197   0.027597  -0.3141505   0.0033480   0.000000   0.000000   0.015000   0.015000  0.0019000  0.0007000    0.005000    0.002000
1977  12  21  43498   0.042297   0.026897  -0.3174416   0.0032240   0.000000   0.000000   0.015000   0.015000  0.0019000  0.0007000    0.005000    0.002000
1977  12  22  43499   0.038397   0.026397  -0.3206028   0.0031000   0.000000   0.000000   0.015000   0.015000  0.0019000  0.0007000    0.005000    0.002000
1977  12  23  43500   0.034597   0.025897  -0.3236489   0.0029970   0.000000   0.000000   0.015000   0.015000  0.0019000  0.0007000    0.005000    0.002000
1977  12  24  43501   0.030698   0.025598  -0.3265971   0.0029150   0.000000   0.000000   0.015000   0.015000  0.0019000  0.0007000    0.005000    0.002000
1977  12  25  43502   0.026898   0.025198  -0.3295002   0.0028790   0.000000   0.000000   0.015000   0.015000  0.0019000  0.0007000    0.005000    0.002000
1977  12  26  43503   0.022998   0.024998  -0.3323783   0.0028790   0.000000   0.000000   0.015000   0.015000  0.0019000  0.0007000    0.005000    0.002000
1977  12  27  43504   0.019199   0.024899  -0.3352605   0.0029030   0.000000   0.000000   0.015000   0.015000  0.0019000  0.0007000    0.005000    0.002000
1977  12  28  43505   0.015399   0.024799  -0.3381936   0.0029650   0.000000   0.000000   0.015000   0.015000  0.0019000  0.0007000    0.005000    0.002000
1977  12  29  43506   0.011599   0.024799  -0.3411978   0.0030480   0.000000   0.000000   0.015000   0.015000  0.0019000  0.0007000    0.005000    0.002000
1977  12  30  43507   0.007899   0.024899  -0.3442809   0.0031280   0.000000   0.000000   0.015000   0.015000  0.0019000  0.0007000    0.005000    0.002000
1977  12  31  43508   0.004100   0.025000  -0.3474531   0.0032130   0.000000   0.000000   0.015000   0.015000  0.0019000  0.0007000    0.005000    0.002000
