

                   INTERNATIONAL EARTH ROTATION SERVICE
                        EARTH ROTATION PARAMETERS
                          EOP (IERS) C04

  
             FORMAT(3(I4),I7,2(F11.6),2(F12.7),2(F12.6),2(F11.6),2(F12.7),2F12.6)
**********************************************************************************
  
      Date      MJD      x          y        UT1-UTC       LOD         dX        dY        x Err     y Err   UT1-UTC Err  Lod Err     dY Err       dY Err  
                         "          "           s           s          "         "           "          "          s         s            "           "
     (0h UTC)

1992   1   1  48622   0.183376   0.168550  -0.1251766   0.0018394  -0.000082  -0.000141   0.000593   0.000744  0.0000450  0.0000498    0.000299    0.000279
1992   1   2  48623   0.180614   0.166559  -0.1269751   0.0017623  -0.000059  -0.000129   0.000354   0.000337  0.0000549  0.0000502    0.000218    0.000190
1992   1   3  48624   0.177812   0.164658  -0.1287255   0.0017429  -0.000029  -0.000045   0.000348   0.000331  0.0000555  0.0000552    0.000215    0.000188
1992   1   4  48625   0.175257   0.162920  -0.1304851   0.0017870   0.000046   0.000174   0.000351   0.000334  0.0000555  0.0000477    0.000215    0.000188
1992   1   5  48626   0.172908   0.161219  -0.1323197   0.0018947   0.000123   0.000396   0.000675   0.000620  0.0000399  0.0000429    0.000198    0.000180
1992   1   6  48627   0.170648   0.159336  -0.1342882   0.0020496   0.000165   0.000509   0.000544   0.000462  0.0000303  0.0000320    0.000176    0.000168
1992   1   7  48628   0.168440   0.157215  -0.1364248   0.0022227   0.000143   0.000418   0.000313   0.000275  0.0000242  0.0000226    0.000136    0.000139
1992   1   8  48629   0.166421   0.154872  -0.1387317   0.0023844   0.000053   0.000114   0.000194   0.000181  0.0000148  0.0000197    0.000082    0.000089
1992   1   9  48630   0.163933   0.152948  -0.1411847   0.0025196   0.000027   0.000105   0.000244   0.000230  0.0000153  0.0000269    0.000082    0.000091
1992   1  10  48631   0.160912   0.151698  -0.1437566   0.0026224   0.000063   0.000357   0.000414   0.000407  0.0000390  0.0000349    0.000144    0.000176
1992   1  11  48632   0.158161   0.150651  -0.1464114   0.0026758   0.000093   0.000494   0.000645   0.000660  0.0000544  0.0000386    0.000159    0.000203
1992   1  12  48633   0.155451   0.149415  -0.1490887   0.0026624   0.000096   0.000490   0.000904   0.000889  0.0000382  0.0000419    0.000166    0.000172
1992   1  13  48634   0.152470   0.147844  -0.1517182   0.0025837   0.000057   0.000399   0.000262   0.000235  0.0000294  0.0000343    0.000176    0.000146
1992   1  14  48635   0.149475   0.146040  -0.1542423   0.0024579  -0.000035   0.000246   0.000255   0.000230  0.0000305  0.0000330    0.000160    0.000146
1992   1  15  48636   0.146670   0.144299  -0.1566290   0.0023147  -0.000168   0.000077   0.000317   0.000302  0.0000365  0.0000365    0.000125    0.000146
1992   1  16  48637   0.143771   0.143011  -0.1588809   0.0021929  -0.000248  -0.000015   0.000376   0.000365  0.0000424  0.0000443    0.000126    0.000162
1992   1  17  48638   0.140674   0.141973  -0.1610410   0.0021436  -0.000239  -0.000023   0.000465   0.000396  0.0000521  0.0000432    0.000152    0.000221
1992   1  18  48639   0.137395   0.140792  -0.1632072   0.0022189  -0.000121   0.000044   0.000409   0.000314  0.0000439  0.0000454    0.000128    0.000160
1992   1  19  48640   0.133875   0.139755  -0.1655192   0.0024302  -0.000005   0.000068   0.000362   0.000271  0.0000387  0.0000346    0.000114    0.000127
1992   1  20  48641   0.130171   0.138828  -0.1680929   0.0027231   0.000057   0.000034   0.000226   0.000193  0.0000252  0.0000298    0.000092    0.000069
1992   1  21  48642   0.126526   0.137594  -0.1709633   0.0030029   0.000087   0.000025   0.000209   0.000193  0.0000209  0.0000198    0.000093    0.000070
1992   1  22  48643   0.123266   0.135957  -0.1740680   0.0031789   0.000101   0.000093   0.000179   0.000224  0.0000144  0.0000179    0.000116    0.000095
1992   1  23  48644   0.120615   0.134486  -0.1772732   0.0031998   0.000011   0.000169   0.000192   0.000260  0.0000149  0.0000261    0.000139    0.000124
1992   1  24  48645   0.118348   0.133372  -0.1804201   0.0030699  -0.000144   0.000228   0.000389   0.000382  0.0000379  0.0000338    0.000213    0.000216
1992   1  25  48646   0.115974   0.132391  -0.1833803   0.0028422  -0.000198   0.000203   0.000459   0.000405  0.0000528  0.0000329    0.000226    0.000237
1992   1  26  48647   0.113223   0.131290  -0.1860924   0.0025875  -0.000159   0.000128   0.000503   0.000444  0.0000278  0.0000358    0.000116    0.000098
1992   1  27  48648   0.110140   0.129915  -0.1885604   0.0023611  -0.000077   0.000058   0.000302   0.000276  0.0000189  0.0000238    0.000082    0.000066
1992   1  28  48649   0.106956   0.128338  -0.1908306   0.0021940  -0.000010   0.000046   0.000217   0.000199  0.0000198  0.0000220    0.000084    0.000069
1992   1  29  48650   0.103973   0.126789  -0.1929699   0.0020985   0.000006   0.000120   0.000235   0.000199  0.0000252  0.0000257    0.000095    0.000087
1992   1  30  48651   0.101285   0.125511  -0.1950515   0.0020762   0.000181   0.000115   0.000377   0.000308  0.0000317  0.0000381    0.000109    0.000107
1992   1  31  48652   0.098418   0.124635  -0.1971469   0.0021185   0.000446   0.000043   0.000558   0.000489  0.0000509  0.0000428    0.000164    0.000178
1992   2   1  48653   0.095706   0.123825  -0.1993110   0.0022022   0.000570  -0.000020   0.000683   0.000608  0.0000538  0.0000491    0.000173    0.000191
1992   2   2  48654   0.093453   0.122950  -0.2015687   0.0023023   0.000544  -0.000057   0.001125   0.001026  0.0000472  0.0000451    0.000170    0.000148
1992   2   3  48655   0.091524   0.122237  -0.2039252   0.0024068   0.000420  -0.000067   0.000357   0.000291  0.0000364  0.0000328    0.000162    0.000118
1992   2   4  48656   0.089620   0.121979  -0.2063833   0.0025164   0.000247  -0.000039   0.000278   0.000188  0.0000183  0.0000230    0.000123    0.000106
1992   2   5  48657   0.087343   0.122112  -0.2089509   0.0026314   0.000082   0.000020   0.000191   0.000115  0.0000095  0.0000141    0.000077    0.000081
1992   2   6  48658   0.084575   0.122063  -0.2116324   0.0027340  -0.000017   0.000023   0.000166   0.000102  0.0000099  0.0000200    0.000078    0.000085
1992   2   7  48659   0.081819   0.121284  -0.2144004   0.0027884  -0.000042  -0.000015   0.000308   0.000283  0.0000305  0.0000318    0.000134    0.000145
1992   2   8  48660   0.079444   0.119980  -0.2171883   0.0027622  -0.000019  -0.000060   0.000461   0.000516  0.0000537  0.0000435    0.000195    0.000202
1992   2   9  48661   0.076819   0.119039  -0.2199052   0.0026545   0.000044  -0.000081   0.000633   0.000673  0.0000565  0.0000377    0.000246    0.000204
1992   2  10  48662   0.073821   0.118585  -0.2224830   0.0024985   0.000096  -0.000061   0.000300   0.000279  0.0000217  0.0000389    0.000089    0.000065
1992   2  11  48663   0.070880   0.118089  -0.2248964   0.0023295   0.000040   0.000009   0.000301   0.000289  0.0000213  0.0000232    0.000091    0.000066
1992   2  12  48664   0.068074   0.117228  -0.2271481   0.0021700  -0.000161   0.000120   0.000365   0.000382  0.0000247  0.0000266    0.000144    0.000116
1992   2  13  48665   0.064502   0.116661  -0.2292561   0.0020554  -0.000184   0.000127   0.000451   0.000480  0.0000318  0.0000452    0.000236    0.000226
1992   2  14  48666   0.060633   0.116451  -0.2312912   0.0020359  -0.000057   0.000047   0.000507   0.000438  0.0000656  0.0000381    0.000258    0.000272
1992   2  15  48667   0.057407   0.116281  -0.2333665   0.0021373   0.000109  -0.000068   0.000314   0.000261  0.0000445  0.0000524    0.000135    0.000167
1992   2  16  48668   0.054209   0.116290  -0.2355987   0.0023463   0.000171  -0.000106   0.000336   0.000280  0.0000392  0.0000614    0.000117    0.000147
1992   2  17  48669   0.051007   0.116393  -0.2380727   0.0026114   0.000109  -0.000070   0.000780   0.000760  0.0000784  0.0000719    0.000229    0.000230
1992   2  18  48670   0.048297   0.116389  -0.2408074   0.0028551   0.000008  -0.000056   0.000670   0.000734  0.0001047  0.0000962    0.000278    0.000256
1992   2  19  48671   0.046007   0.116334  -0.2437434   0.0030021  -0.000063  -0.000127   0.000839   0.000960  0.0001141  0.0000894    0.000234    0.000250
1992   2  20  48672   0.043254   0.116574  -0.2467599   0.0030027  -0.000092  -0.000220   0.000652   0.000807  0.0000742  0.0000781    0.000207    0.000214
1992   2  21  48673   0.039986   0.116962  -0.2497029   0.0028586  -0.000054  -0.000203   0.000319   0.000396  0.0000421  0.0000538    0.000181    0.000166
1992   2  22  48674   0.036184   0.117489  -0.2524504   0.0026326   0.000074   0.000122   0.000285   0.000311  0.0000333  0.0000361    0.000206    0.000170
1992   2  23  48675   0.032284   0.117679  -0.2549640   0.0024093   0.000168   0.000306   0.000295   0.000288  0.0000300  0.0000333    0.000216    0.000165
1992   2  24  48676   0.028760   0.117301  -0.2572824   0.0022438   0.000174   0.000199   0.000273   0.000214  0.0000333  0.0000324    0.000116    0.000097
1992   2  25  48677   0.025725   0.116672  -0.2594738   0.0021373   0.000127  -0.000006   0.000270   0.000205  0.0000348  0.0000358    0.000111    0.000100
1992   2  26  48678   0.022981   0.116179  -0.2615817   0.0020544   0.000062  -0.000159   0.000271   0.000197  0.0000384  0.0000375    0.000109    0.000135
1992   2  27  48679   0.020186   0.116031  -0.2636069   0.0019885   0.000063  -0.000115   0.000255   0.000204  0.0000401  0.0000396    0.000111    0.000160
1992   2  28  48680   0.016869   0.115786  -0.2655815   0.0019757   0.000118   0.000063   0.000256   0.000261  0.0000407  0.0000404    0.000121    0.000165
1992   2  29  48681   0.012934   0.115110  -0.2675776   0.0020397   0.000187   0.000137   0.000357   0.000369  0.0000407  0.0000397    0.000122    0.000165
1992   3   1  48682   0.009065   0.114960  -0.2696741   0.0021753   0.000239   0.000117   0.000567   0.000579  0.0000388  0.0000379    0.000136    0.000161
1992   3   2  48683   0.005556   0.115558  -0.2719332   0.0023566   0.000251   0.000063   0.000331   0.000315  0.0000352  0.0000310    0.000164    0.000154
1992   3   3  48684   0.002221   0.116575  -0.2743838   0.0025465   0.000198   0.000016   0.000264   0.000244  0.0000232  0.0000238    0.000132    0.000131
1992   3   4  48685  -0.001263   0.117511  -0.2770151   0.0027081   0.000078   0.000009   0.000166   0.000149  0.0000124  0.0000179    0.000082    0.000088
1992   3   5  48686  -0.004914   0.118265  -0.2797828   0.0028104   0.000006   0.000035   0.000168   0.000152  0.0000127  0.0000228    0.000084    0.000088
1992   3   6  48687  -0.008780   0.118919  -0.2826145   0.0028383  -0.000020   0.000054   0.000303   0.000262  0.0000332  0.0000270    0.000150    0.000130
1992   3   7  48688  -0.012776   0.119653  -0.2854371   0.0028060  -0.000056  -0.000015   0.000416   0.000204  0.0000413  0.0000363    0.000142    0.000130
1992   3   8  48689  -0.016518   0.120311  -0.2882081   0.0027261  -0.000013  -0.000002   0.000508   0.000179  0.0000394  0.0000401    0.000131    0.000125
1992   3   9  48690  -0.019745   0.120816  -0.2908798   0.0025997   0.000113   0.000100   0.000297   0.000256  0.0000388  0.0000366    0.000118    0.000113
1992   3  10  48691  -0.022588   0.121329  -0.2934105   0.0024601   0.000246   0.000117   0.000286   0.000227  0.0000338  0.0000325    0.000116    0.000112
1992   3  11  48692  -0.025418   0.122041  -0.2958163   0.0023815   0.000320  -0.000039   0.000305   0.000163  0.0000261  0.0000351    0.000118    0.000117
1992   3  12  48693  -0.028323   0.123029  -0.2982009   0.0024175   0.000264  -0.000086   0.000389   0.000218  0.0000364  0.0000431    0.000177    0.000164
1992   3  13  48694  -0.031941   0.124213  -0.3006849   0.0025666   0.000173  -0.000026   0.000348   0.000381  0.0000601  0.0000384    0.000316    0.000203
1992   3  14  48695  -0.034762   0.125991  -0.3033660   0.0027953   0.000163   0.000092   0.000385   0.000470  0.0000405  0.0000473    0.000398    0.000193
1992   3  15  48696  -0.037394   0.127911  -0.3062956   0.0030623   0.000241   0.000197   0.000653   0.000656  0.0000345  0.0000393    0.000468    0.000194
1992   3  16  48697  -0.040980   0.129588  -0.3094905   0.0033252   0.000331   0.000224   0.000479   0.000443  0.0000381  0.0000375    0.000164    0.000141
1992   3  17  48698  -0.044574   0.131428  -0.3129220   0.0035231   0.000310   0.000104   0.000436   0.000404  0.0000405  0.0000513    0.000162    0.000143
1992   3  18  48699  -0.047361   0.133698  -0.3164938   0.0035884   0.000091  -0.000187   0.000790   0.000726  0.0000645  0.0000596    0.000256    0.000230
1992   3  19  48700  -0.050426   0.135844  -0.3200500   0.0035041  -0.000059  -0.000356   0.000811   0.000735  0.0000788  0.0000584    0.000302    0.000246
1992   3  20  48701  -0.054312   0.137326  -0.3234632   0.0033158  -0.000073  -0.000284   0.000561   0.000501  0.0000524  0.0000621    0.000204    0.000153
1992   3  21  48702  -0.057893   0.139054  -0.3266634   0.0030693   0.000022   0.000109   0.000580   0.000485  0.0000454  0.0000475    0.000198    0.000167
1992   3  22  48703  -0.061010   0.140959  -0.3296055   0.0028160   0.000120   0.000351   0.000516   0.000414  0.0000427  0.0000464    0.000194    0.000187
1992   3  23  48704  -0.063907   0.142739  -0.3323142   0.0026218   0.000176   0.000266   0.000385   0.000320  0.0000474  0.0000455    0.000148    0.000179
1992   3  24  48705  -0.066569   0.144567  -0.3348741   0.0025164   0.000227   0.000069   0.000375   0.000313  0.0000483  0.0000479    0.000144    0.000178
1992   3  25  48706  -0.068862   0.146748  -0.3373719   0.0024770   0.000326   0.000035   0.000375   0.000313  0.0000484  0.0000500    0.000144    0.000177
1992   3  26  48707  -0.070812   0.149093  -0.3398504   0.0024731   0.000396   0.000029   0.000383   0.000337  0.0000518  0.0000502    0.000173    0.000156
1992   3  27  48708  -0.072521   0.151373  -0.3423370   0.0025001   0.000415   0.000049   0.000383   0.000338  0.0000520  0.0000519    0.000175    0.000155
1992   3  28  48709  -0.074114   0.153323  -0.3448650   0.0025686   0.000343   0.000090   0.000386   0.000341  0.0000520  0.0000531    0.000175    0.000155
1992   3  29  48710  -0.076089   0.155506  -0.3474821   0.0026820   0.000216   0.000120   0.000905   0.000765  0.0000541  0.0000549    0.000174    0.000182
1992   3  30  48711  -0.078673   0.158343  -0.3502290   0.0028205   0.000075   0.000112   0.001315   0.000919  0.0000578  0.0000586    0.000173    0.000262
1992   3  31  48712  -0.081464   0.161566  -0.3531153   0.0029495  -0.000049   0.000039   0.001051   0.000727  0.0000630  0.0000860    0.000188    0.000278
1992   4   1  48713  -0.083444   0.163719  -0.3561137   0.0030369  -0.000123  -0.000094   0.001613   0.001150  0.0001141  0.0000884    0.000323    0.000375
1992   4   2  48714  -0.084718   0.165194  -0.3591699   0.0030590  -0.000029  -0.000126   0.001389   0.001247  0.0001138  0.0000901    0.000423    0.000382
1992   4   3  48715  -0.086475   0.166977  -0.3622097   0.0030033   0.000166  -0.000064   0.000676   0.000658  0.0000660  0.0000891    0.000299    0.000298
1992   4   4  48716  -0.088823   0.168556  -0.3651552   0.0028766   0.000243  -0.000025   0.000748   0.000723  0.0000645  0.0000613    0.000294    0.000294
1992   4   5  48717  -0.091205   0.169859  -0.3679482   0.0027063   0.000213   0.000004   0.001616   0.001377  0.0000566  0.0000571    0.000249    0.000268
1992   4   6  48718  -0.092961   0.171287  -0.3705654   0.0025343   0.000145   0.000055   0.000475   0.000454  0.0000496  0.0000544    0.000212    0.000242
1992   4   7  48719  -0.093999   0.173029  -0.3730291   0.0024077   0.000098   0.000156   0.000391   0.000379  0.0000521  0.0000662    0.000218    0.000241
1992   4   8  48720  -0.094872   0.175204  -0.3754061   0.0023657   0.000121   0.000312   0.000643   0.000589  0.0000829  0.0000728    0.000260    0.000236
1992   4   9  48721  -0.096468   0.177630  -0.3777921   0.0024239   0.000165   0.000193   0.000893   0.000663  0.0000935  0.0000724    0.000276    0.000209
1992   4  10  48722  -0.098720   0.179878  -0.3802833   0.0025747   0.000218  -0.000164   0.000681   0.000505  0.0000618  0.0000767    0.000261    0.000162
1992   4  11  48723  -0.100708   0.181676  -0.3829610   0.0027967   0.000294  -0.000366   0.000891   0.000674  0.0000599  0.0000574    0.000259    0.000158
1992   4  12  48724  -0.102337   0.183639  -0.3858805   0.0030533   0.000352  -0.000384   0.001204   0.000983  0.0000530  0.0000504    0.000248    0.000178
1992   4  13  48725  -0.103779   0.186023  -0.3890532   0.0032928   0.000349  -0.000295   0.000466   0.000465  0.0000410  0.0000473    0.000222    0.000314
1992   4  14  48726  -0.105291   0.188795  -0.3924350   0.0034602   0.000258  -0.000156   0.000392   0.000334  0.0000416  0.0000416    0.000187    0.000287
1992   4  15  48727  -0.107017   0.191653  -0.3959327   0.0035201   0.000055  -0.000054   0.000291   0.000223  0.0000422  0.0000400    0.000136    0.000195
1992   4  16  48728  -0.108852   0.194325  -0.3994355   0.0034400   0.000066   0.000072   0.000280   0.000248  0.0000383  0.0000392    0.000123    0.000125
1992   4  17  48729  -0.110806   0.196882  -0.4027858   0.0032181   0.000174   0.000134   0.000365   0.000357  0.0000362  0.0000370    0.000121    0.000109
1992   4  18  48730  -0.112743   0.199525  -0.4058642   0.0029195   0.000282   0.000114   0.000544   0.000554  0.0000358  0.0000336    0.000120    0.000107
1992   4  19  48731  -0.114595   0.202139  -0.4086358   0.0026270   0.000346   0.000053   0.000302   0.000344  0.0000310  0.0000333    0.000087    0.000113
1992   4  20  48732  -0.116394   0.204448  -0.4111410   0.0024025   0.000324  -0.000009   0.000270   0.000303  0.0000307  0.0000296    0.000087    0.000112
1992   4  21  48733  -0.118182   0.206337  -0.4134667   0.0022725   0.000175  -0.000024   0.000246   0.000238  0.0000282  0.0000262    0.000088    0.000103
1992   4  22  48734  -0.119888   0.208082  -0.4157095   0.0022314  -0.000088   0.000029   0.000204   0.000159  0.0000216  0.0000255    0.000096    0.000079
1992   4  23  48735  -0.121364   0.210299  -0.4179483   0.0022583  -0.000197   0.000020   0.000269   0.000208  0.0000228  0.0000363    0.000110    0.000082
1992   4  24  48736  -0.122652   0.212965  -0.4202398   0.0023329  -0.000145  -0.000051   0.000316   0.000286  0.0000510  0.0000432    0.000185    0.000138
1992   4  25  48737  -0.124144   0.215728  -0.4226223   0.0024426  -0.000029  -0.000135   0.000378   0.000353  0.0000636  0.0000519    0.000202    0.000152
1992   4  26  48738  -0.125950   0.218310  -0.4251267   0.0025744   0.000091  -0.000212   0.000955   0.001004  0.0000527  0.0000536    0.000184    0.000168
1992   4  27  48739  -0.127782   0.220639  -0.4277659   0.0027021   0.000157  -0.000265   0.000319   0.000435  0.0000437  0.0000463    0.000165    0.000199
1992   4  28  48740  -0.129245   0.222775  -0.4305196   0.0027899   0.000103  -0.000278   0.000263   0.000298  0.0000399  0.0000376    0.000166    0.000187
1992   4  29  48741  -0.130290   0.224907  -0.4333297   0.0028052  -0.000079  -0.000246   0.000265   0.000207  0.0000315  0.0000359    0.000171    0.000157
1992   4  30  48742  -0.131371   0.227271  -0.4361111   0.0027379  -0.000051  -0.000164   0.000254   0.000198  0.0000318  0.0000363    0.000178    0.000142
1992   5   1  48743  -0.132942   0.230101  -0.4387855   0.0026036   0.000133  -0.000071   0.000227   0.000216  0.0000410  0.0000369    0.000196    0.000127
1992   5   2  48744  -0.135173   0.233357  -0.4413012   0.0024299   0.000249  -0.000078   0.000226   0.000217  0.0000420  0.0000480    0.000197    0.000126
1992   5   3  48745  -0.137767   0.236418  -0.4436372   0.0022490   0.000274  -0.000147   0.000288   0.000282  0.0000549  0.0001209    0.000236    0.000162
1992   5   4  48746  -0.140181   0.238607  -0.4458055   0.0020942   0.000233  -0.000210   0.001230   0.001089  0.0001997  0.0000606    0.000354    0.000449
1992   5   5  48747  -0.142026   0.239838  -0.4478476   0.0019979   0.000129  -0.000201   0.000493   0.000331  0.0000663  0.0001164    0.000252    0.000218
1992   5   6  48748  -0.143325   0.240804  -0.4498335   0.0019902  -0.000007  -0.000098   0.000258   0.000168  0.0000331  0.0000498    0.000156    0.000117
1992   5   7  48749  -0.144454   0.242614  -0.4518598   0.0020901  -0.000008  -0.000079   0.000255   0.000172  0.0000332  0.0000439    0.000153    0.000111
1992   5   8  48750  -0.145457   0.245340  -0.4540344   0.0022863   0.000088  -0.000129   0.000370   0.000331  0.0000547  0.0000455    0.000195    0.000133
1992   5   9  48751  -0.146128   0.248330  -0.4564361   0.0025198   0.000106  -0.000200   0.000387   0.000364  0.0000578  0.0000548    0.000199    0.000135
1992   5  10  48752  -0.146592   0.251300  -0.4590600   0.0027091   0.000068  -0.000253   0.000779   0.000782  0.0000550  0.0000537    0.000167    0.000145
1992   5  11  48753  -0.147247   0.254280  -0.4618270   0.0028015   0.000032  -0.000254   0.000609   0.000652  0.0000496  0.0000443    0.000139    0.000168
1992   5  12  48754  -0.148421   0.257283  -0.4646288   0.0027902   0.000038  -0.000183   0.000336   0.000330  0.0000335  0.0000339    0.000132    0.000159
1992   5  13  48755  -0.150044   0.260163  -0.4673736   0.0027035   0.000112  -0.000037   0.000197   0.000179  0.0000181  0.0000259    0.000110    0.000134
1992   5  14  48756  -0.151451   0.262452  -0.4700095   0.0025583   0.000132   0.000136   0.000259   0.000233  0.0000183  0.0000326    0.000116    0.000130
1992   5  15  48757  -0.152523   0.264591  -0.4724775   0.0023590   0.000106   0.000242   0.000421   0.000369  0.0000472  0.0000534    0.000215    0.000152
1992   5  16  48758  -0.153623   0.267002  -0.4747312   0.0021407   0.000079   0.000155   0.000626   0.000537  0.0000884  0.0000968    0.000308    0.000224
1992   5  17  48759  -0.154300   0.269307  -0.4767765   0.0019595   0.000058  -0.000081   0.001177   0.001021  0.0001464  0.0000788    0.000364    0.000425
1992   5  18  48760  -0.154215   0.271183  -0.4786754   0.0018609   0.000094  -0.000311   0.000392   0.000365  0.0000692  0.0000967    0.000176    0.000224
1992   5  19  48761  -0.154024   0.273133  -0.4805238   0.0018581   0.000149  -0.000403   0.000301   0.000280  0.0000470  0.0000599    0.000122    0.000153
1992   5  20  48762  -0.154411   0.275685  -0.4824126   0.0019273   0.000075  -0.000274   0.000539   0.000528  0.0000505  0.0000429    0.000154    0.000163
1992   5  21  48763  -0.154811   0.278471  -0.4843929   0.0020239  -0.000037  -0.000106   0.000474   0.000756  0.0000388  0.0000387    0.000225    0.000173
1992   5  22  48764  -0.154462   0.281033  -0.4864684   0.0021039  -0.000142  -0.000085   0.000345   0.000602  0.0000270  0.0000349    0.000167    0.000146
1992   5  23  48765  -0.154693   0.283408  -0.4886027   0.0021773  -0.000045   0.000007   0.000385   0.000350  0.0000309  0.0000336    0.000152    0.000129
1992   5  24  48766  -0.155440   0.285966  -0.4908188   0.0022708   0.000117   0.000092   0.000384   0.000259  0.0000403  0.0000426    0.000155    0.000126
1992   5  25  48767  -0.156081   0.288792  -0.4931345   0.0023560   0.000219   0.000105   0.000379   0.000294  0.0000543  0.0000482    0.000180    0.000173
1992   5  26  48768  -0.156691   0.291550  -0.4955169   0.0023868   0.000181   0.000078   0.000382   0.000308  0.0000561  0.0000460    0.000185    0.000184
1992   5  27  48769  -0.157531   0.293878  -0.4978920   0.0023365  -0.000114   0.000041   0.000419   0.000379  0.0000377  0.0000440    0.000226    0.000214
1992   5  28  48770  -0.158451   0.295699  -0.5001729   0.0022113  -0.000281  -0.000018   0.000437   0.000511  0.0000319  0.0000378    0.000272    0.000224
1992   5  29  48771  -0.159053   0.297307  -0.5022987   0.0020475  -0.000082  -0.000111   0.000369   0.000444  0.0000379  0.0000324    0.000199    0.000162
1992   5  30  48772  -0.158793   0.299369  -0.5042574   0.0018728   0.000188  -0.000107   0.000365   0.000528  0.0000330  0.0000357    0.000170    0.000148
1992   5  31  48773  -0.157792   0.301899  -0.5060447   0.0017000   0.000277  -0.000021   0.000465   0.000687  0.0000336  0.0000359    0.000205    0.000176
1992   6   1  48774  -0.156922   0.304634  -0.5076730   0.0015625   0.000133   0.000036   0.000507   0.000486  0.0000389  0.0000340    0.000227    0.000193
1992   6   2  48775  -0.156598   0.307263  -0.5091995   0.0015101  -0.000004   0.000005   0.000398   0.000325  0.0000345  0.0000445    0.000168    0.000161
1992   6   3  48776  -0.156307   0.309739  -0.5107287   0.0015757   0.000150  -0.000097   0.000442   0.000291  0.0000501  0.0000618    0.000160    0.000158
1992   6   4  48777  -0.155772   0.312950  -0.5123787   0.0017422   0.000208  -0.000211   0.000563   0.000410  0.0000890  0.0001184    0.000228    0.000201
1992   6   5  48778  -0.155985   0.315898  -0.5142220   0.0019464   0.000154  -0.000354   0.000764   0.000833  0.0001866  0.0002385    0.000324    0.000301
1992   6   6  48779  -0.156335   0.317636  -0.5162581   0.0021177   0.000183  -0.000436   0.001175   0.001451  0.0003880  0.0001254    0.000328    0.000365
1992   6   7  48780  -0.156190   0.318874  -0.5184271   0.0022065   0.000324  -0.000400   0.001629   0.001496  0.0000642  0.0002148    0.000265    0.000249
1992   6   8  48781  -0.155503   0.320894  -0.5206342   0.0021890   0.000509  -0.000239   0.000397   0.000452  0.0000416  0.0000529    0.000218    0.000188
1992   6   9  48782  -0.154959   0.323320  -0.5227717   0.0020695   0.000667   0.000061   0.000353   0.000404  0.0000415  0.0000416    0.000218    0.000188
1992   6  10  48783  -0.154987   0.325516  -0.5247496   0.0018909   0.000679   0.000581   0.000665   0.000742  0.0000415  0.0000437    0.000218    0.000188
1992   6  11  48784  -0.155003   0.327752  -0.5265424   0.0017101   0.000614   0.000980   0.002291   0.001963  0.0000458  0.0000501    0.000212    0.000200
1992   6  12  48785  -0.154534   0.330136  -0.5281715   0.0015606   0.000482   0.001111   0.000726   0.000591  0.0000586  0.0000471    0.000200    0.000239
1992   6  13  48786  -0.153746   0.332724  -0.5296770   0.0014481   0.000310   0.000880   0.000557   0.000465  0.0000484  0.0000486    0.000208    0.000242
1992   6  14  48787  -0.153093   0.335690  -0.5310896   0.0013575   0.000131   0.000240   0.000501   0.000437  0.0000387  0.0000421    0.000236    0.000248
1992   6  15  48788  -0.152752   0.339127  -0.5324175   0.0013094  -0.000012  -0.000155   0.000395   0.000386  0.0000359  0.0000401    0.000247    0.000213
1992   6  16  48789  -0.152889   0.342613  -0.5337318   0.0013404  -0.000202  -0.000253   0.000363   0.000372  0.0000415  0.0000567    0.000233    0.000195
1992   6  17  48790  -0.153352   0.345825  -0.5351156   0.0014263  -0.000535  -0.000215   0.000430   0.000415  0.0000775  0.0001032    0.000252    0.000225
1992   6  18  48791  -0.153325   0.349132  -0.5365942   0.0015226  -0.000511  -0.000266   0.000510   0.000486  0.0001649  0.0001149    0.000268    0.000264
1992   6  19  48792  -0.153466   0.351805  -0.5381634   0.0016145  -0.000320  -0.000335   0.000754   0.000795  0.0001523  0.0001515    0.000290    0.000395
1992   6  20  48793  -0.154307   0.353250  -0.5398194   0.0017116  -0.000322  -0.000310   0.000981   0.001044  0.0001381  0.0001289    0.000295    0.000444
1992   6  21  48794  -0.153661   0.354833  -0.5415775   0.0018125  -0.000193  -0.000133   0.001165   0.001160  0.0001055  0.0001022    0.000319    0.000313
1992   6  22  48795  -0.151810   0.357283  -0.5434313   0.0018830   0.000101   0.000049   0.000569   0.000524  0.0000664  0.0000737    0.000274    0.000234
1992   6  23  48796  -0.150287   0.360003  -0.5453282   0.0018864   0.000267   0.000099   0.000339   0.000263  0.0000420  0.0000477    0.000179    0.000157
1992   6  24  48797  -0.149502   0.362245  -0.5471887   0.0018172   0.000035   0.000004   0.000259   0.000170  0.0000290  0.0000364    0.000121    0.000101
1992   6  25  48798  -0.149005   0.364567  -0.5489488   0.0016899  -0.000120  -0.000198   0.000383   0.000250  0.0000309  0.0000480    0.000127    0.000106
1992   6  26  48799  -0.148277   0.367132  -0.5505583   0.0015246  -0.000132  -0.000408   0.000735   0.000628  0.0000670  0.0000543    0.000233    0.000228
1992   6  27  48800  -0.147331   0.369710  -0.5519949   0.0013607   0.000029  -0.000444   0.000876   0.000825  0.0000776  0.0000657    0.000259    0.000263
1992   6  28  48801  -0.146382   0.372138  -0.5532885   0.0012433   0.000273  -0.000349   0.001473   0.001388  0.0000643  0.0000521    0.000528    0.000400
1992   6  29  48802  -0.145338   0.374474  -0.5545047   0.0011956   0.000477  -0.000215   0.000484   0.000479  0.0000266  0.0000406    0.000257    0.000176
1992   6  30  48803  -0.143947   0.376829  -0.5557139   0.0012168   0.000535  -0.000118   0.000253   0.000238  0.0000169  0.0000208    0.000158    0.000111
1992   7   1  48804  -0.142455   0.379204   0.4430274   0.0012990   0.000368  -0.000119   0.000155   0.000134  0.0000149  0.0000182    0.000121    0.000095
1992   7   2  48805  -0.141614   0.381545   0.4416680   0.0014424   0.000034  -0.000191   0.000197   0.000168  0.0000196  0.0000262    0.000144    0.000114
1992   7   3  48806  -0.141178   0.384085   0.4401470   0.0016244  -0.000209  -0.000263   0.000478   0.000398  0.0000374  0.0000384    0.000208    0.000158
1992   7   4  48807  -0.140410   0.386934   0.4384480   0.0017703  -0.000127  -0.000272   0.001258   0.000963  0.0000572  0.0000383    0.000239    0.000177
1992   7   5  48808  -0.138990   0.389663   0.4366491   0.0018078   0.000106  -0.000256   0.000573   0.000589  0.0000391  0.0000480    0.000171    0.000148
1992   7   6  48809  -0.137031   0.391711   0.4348742   0.0017224   0.000339  -0.000235   0.000328   0.000340  0.0000388  0.0000412    0.000169    0.000147
1992   7   7  48810  -0.134845   0.393038   0.4332336   0.0015488   0.000390  -0.000242   0.000344   0.000342  0.0000432  0.0000527    0.000171    0.000148
1992   7   8  48811  -0.132707   0.394348   0.4317887   0.0013390   0.000162  -0.000291   0.000312   0.000260  0.0000666  0.0000470    0.000156    0.000141
1992   7   9  48812  -0.130703   0.396990   0.4305527   0.0011364   0.000024  -0.000261   0.000218   0.000177  0.0000508  0.0000583    0.000121    0.000122
1992   7  10  48813  -0.129413   0.399460   0.4295025   0.0009745  -0.000108  -0.000160   0.000258   0.000222  0.0000501  0.0000536    0.000136    0.000143
1992   7  11  48814  -0.128493   0.402071   0.4285836   0.0008743  -0.000160  -0.000045   0.000357   0.000354  0.0000565  0.0000413    0.000164    0.000175
1992   7  12  48815  -0.127683   0.404948   0.4277305   0.0008366  -0.000113   0.000041   0.000635   0.000663  0.0000325  0.0000391    0.000156    0.000136
1992   7  13  48816  -0.127110   0.407466   0.4268869   0.0008516  -0.000033   0.000082   0.000323   0.000344  0.0000217  0.0000271    0.000139    0.000102
1992   7  14  48817  -0.126762   0.409214   0.4260075   0.0009112   0.000013   0.000062   0.000212   0.000224  0.0000218  0.0000242    0.000138    0.000102
1992   7  15  48818  -0.126196   0.410424   0.4250513   0.0010156  -0.000041  -0.000017   0.000207   0.000147  0.0000266  0.0000304    0.000131    0.000098
1992   7  16  48819  -0.124912   0.411953   0.4239712   0.0011537  -0.000151  -0.000130   0.000242   0.000130  0.0000390  0.0000377    0.000131    0.000101
1992   7  17  48820  -0.122802   0.414163   0.4227462   0.0012904  -0.000326  -0.000264   0.000330   0.000189  0.0000488  0.0000491    0.000158    0.000141
1992   7  18  48821  -0.120775   0.415798   0.4213988   0.0014014  -0.000287  -0.000274   0.000474   0.000220  0.0000592  0.0000529    0.000183    0.000206
1992   7  19  48822  -0.118456   0.417571   0.4199561   0.0014843  -0.000149  -0.000230   0.000509   0.000194  0.0000570  0.0000422    0.000185    0.000215
1992   7  20  48823  -0.115553   0.420226   0.4184455   0.0015359  -0.000039  -0.000201   0.000433   0.000311  0.0000251  0.0000396    0.000205    0.000250
1992   7  21  48824  -0.112598   0.423273   0.4169000   0.0015494   0.000030  -0.000185   0.000270   0.000229  0.0000222  0.0000220    0.000179    0.000200
1992   7  22  48825  -0.110190   0.425928   0.4153605   0.0015188   0.000033  -0.000204   0.000139   0.000122  0.0000188  0.0000216    0.000121    0.000115
1992   7  23  48826  -0.108252   0.427957   0.4138722   0.0014495  -0.000016  -0.000189   0.000115   0.000120  0.0000209  0.0000253    0.000115    0.000089
1992   7  24  48827  -0.106362   0.430292   0.4124654   0.0013616  -0.000057  -0.000171   0.000150   0.000176  0.0000317  0.0000300    0.000152    0.000110
1992   7  25  48828  -0.103969   0.432333   0.4111440   0.0012813  -0.000055  -0.000185   0.000315   0.000321  0.0000390  0.0000322    0.000220    0.000205
1992   7  26  48829  -0.101522   0.433958   0.4098863   0.0012335  -0.000008  -0.000215   0.000426   0.000348  0.0000326  0.0000351    0.000232    0.000228
1992   7  27  48830  -0.099624   0.435973   0.4086488   0.0012442   0.000074  -0.000259   0.000424   0.000338  0.0000312  0.0000270    0.000237    0.000180
1992   7  28  48831  -0.097926   0.437975   0.4073633   0.0013386   0.000156  -0.000343   0.000228   0.000191  0.0000213  0.0000225    0.000124    0.000106
1992   7  29  48832  -0.096414   0.439433   0.4059424   0.0015214   0.000172  -0.000384   0.000139   0.000108  0.0000138  0.0000169    0.000077    0.000070
1992   7  30  48833  -0.094658   0.441119   0.4043104   0.0017571   0.000060  -0.000308   0.000120   0.000087  0.0000124  0.0000161    0.000074    0.000065
1992   7  31  48834  -0.092352   0.443128   0.4024450   0.0019816  -0.000122  -0.000141   0.000162   0.000126  0.0000183  0.0000155    0.000104    0.000094
1992   8   1  48835  -0.090285   0.445550   0.4003874   0.0021265  -0.000245   0.000031   0.000150   0.000144  0.0000185  0.0000160    0.000127    0.000097
1992   8   2  48836  -0.088109   0.448216   0.3982419   0.0021420  -0.000265   0.000064   0.000134   0.000129  0.0000137  0.0000165    0.000110    0.000088
1992   8   3  48837  -0.086072   0.450652   0.3961456   0.0020291  -0.000192   0.000008   0.000178   0.000172  0.0000146  0.0000154    0.000114    0.000105
1992   8   4  48838  -0.084268   0.452653   0.3942062   0.0018427  -0.000075  -0.000025   0.000194   0.000174  0.0000171  0.0000130    0.000110    0.000099
1992   8   5  48839  -0.082013   0.454505   0.3924615   0.0016447  -0.000007  -0.000091   0.000128   0.000102  0.0000115  0.0000143    0.000072    0.000069
1992   8   6  48840  -0.080158   0.456362   0.3909028   0.0014651  -0.000037  -0.000176   0.000126   0.000092  0.0000115  0.0000146    0.000064    0.000065
1992   8   7  48841  -0.078497   0.458293   0.3895098   0.0013232  -0.000094  -0.000235   0.000176   0.000132  0.0000177  0.0000146    0.000090    0.000090
1992   8   8  48842  -0.076598   0.460678   0.3882330   0.0012327  -0.000164  -0.000275   0.000152   0.000127  0.0000177  0.0000157    0.000086    0.000082
1992   8   9  48843  -0.074547   0.463216   0.3870219   0.0011863  -0.000231  -0.000222   0.000156   0.000115  0.0000137  0.0000155    0.000073    0.000071
1992   8  10  48844  -0.072574   0.465742   0.3858403   0.0011948  -0.000218  -0.000125   0.000153   0.000102  0.0000134  0.0000152    0.000078    0.000075
1992   8  11  48845  -0.070612   0.468458   0.3846169   0.0013033  -0.000109  -0.000109   0.000151   0.000133  0.0000167  0.0000185    0.000102    0.000084
1992   8  12  48846  -0.068451   0.471277   0.3832250   0.0014989  -0.000137  -0.000199   0.000152   0.000172  0.0000237  0.0000232    0.000103    0.000097
1992   8  13  48847  -0.066587   0.473601   0.3816183   0.0016992  -0.000198  -0.000286   0.000209   0.000248  0.0000297  0.0000309    0.000134    0.000136
1992   8  14  48848  -0.064808   0.475339   0.3798331   0.0018398  -0.000268  -0.000378   0.000388   0.000414  0.0000381  0.0000414    0.000159    0.000175
1992   8  15  48849  -0.062747   0.476967   0.3779506   0.0019010  -0.000317  -0.000370   0.000662   0.000669  0.0000530  0.0000401    0.000148    0.000178
1992   8  16  48850  -0.060437   0.478892   0.3760465   0.0019005  -0.000326  -0.000263   0.000861   0.000752  0.0000421  0.0000428    0.000158    0.000170
1992   8  17  48851  -0.057911   0.480842   0.3741662   0.0018673  -0.000294  -0.000161   0.000433   0.000344  0.0000325  0.0000378    0.000179    0.000156
1992   8  18  48852  -0.055118   0.482370   0.3723274   0.0018211  -0.000224  -0.000171   0.000331   0.000287  0.0000335  0.0000349    0.000142    0.000121
1992   8  19  48853  -0.052004   0.483596   0.3705354   0.0017677  -0.000129  -0.000336   0.000199   0.000183  0.0000373  0.0000380    0.000097    0.000082
1992   8  20  48854  -0.048744   0.484990   0.3687970   0.0017016  -0.000043  -0.000364   0.000229   0.000212  0.0000425  0.0000496    0.000103    0.000087
1992   8  21  48855  -0.045726   0.486666   0.3671289   0.0016262   0.000026  -0.000290   0.000580   0.000526  0.0000620  0.0000699    0.000198    0.000178
1992   8  22  48856  -0.043472   0.488387   0.3655315   0.0015720   0.000077  -0.000181   0.000837   0.000751  0.0000972  0.0001173    0.000305    0.000264
1992   8  23  48857  -0.041336   0.489565   0.3639619   0.0015814   0.000117  -0.000127   0.001774   0.001655  0.0001726  0.0000733    0.000556    0.000402
1992   8  24  48858  -0.037817   0.490055   0.3623384   0.0016835   0.000127  -0.000149   0.000693   0.000672  0.0000493  0.0001044    0.000375    0.000324
1992   8  25  48859  -0.033143   0.490758   0.3605640   0.0018825   0.000100  -0.000190   0.000458   0.000440  0.0000362  0.0000454    0.000270    0.000273
1992   8  26  48860  -0.029408   0.492397   0.3585528   0.0021536   0.000065  -0.000163   0.000542   0.000535  0.0000416  0.0000344    0.000259    0.000292
1992   8  27  48861  -0.027128   0.493846   0.3562576   0.0024424   0.000102  -0.000006   0.000413   0.000455  0.0000325  0.0000407    0.000241    0.000234
1992   8  28  48862  -0.024337   0.495361   0.3536947   0.0026659   0.000002   0.000071   0.000444   0.000381  0.0000398  0.0000341    0.000180    0.000165
1992   8  29  48863  -0.021376   0.496645   0.3509721   0.0027427  -0.000129   0.000132   0.000530   0.000466  0.0000358  0.0000344    0.000194    0.000181
1992   8  30  48864  -0.017997   0.498618   0.3482599   0.0026426  -0.000204   0.000106   0.000575   0.000567  0.0000289  0.0000308    0.000230    0.000226
1992   8  31  48865  -0.015031   0.500961   0.3457247   0.0024018  -0.000252  -0.000008   0.000308   0.000290  0.0000259  0.0000264    0.000212    0.000166
1992   9   1  48866  -0.013179   0.502357   0.3434709   0.0020970  -0.000277  -0.000103   0.000193   0.000173  0.0000238  0.0000242    0.000184    0.000122
1992   9   2  48867  -0.011525   0.502389   0.3415228   0.0018033  -0.000228  -0.000104   0.000156   0.000125  0.0000225  0.0000242    0.000147    0.000101
1992   9   3  48868  -0.009308   0.501793   0.3398424   0.0015673  -0.000163  -0.000144   0.000168   0.000132  0.0000246  0.0000352    0.000151    0.000104
1992   9   4  48869  -0.006633   0.501481   0.3383622   0.0014095  -0.000096  -0.000246   0.000434   0.000352  0.0000478  0.0000411    0.000223    0.000158
1992   9   5  48870  -0.004180   0.501842   0.3369992   0.0013464   0.000078  -0.000369   0.000757   0.000633  0.0000576  0.0000417    0.000240    0.000171
1992   9   6  48871  -0.001875   0.502762   0.3356492   0.0013863   0.000271  -0.000481   0.000675   0.000723  0.0000355  0.0000419    0.000179    0.000173
1992   9   7  48872   0.000545   0.503681   0.3342104   0.0015108   0.000359  -0.000543   0.000259   0.000331  0.0000262  0.0000317    0.000141    0.000177
1992   9   8  48873   0.003227   0.504168   0.3326164   0.0016786   0.000241  -0.000524   0.000272   0.000348  0.0000278  0.0000398    0.000149    0.000184
1992   9   9  48874   0.005966   0.504357   0.3308488   0.0018464  -0.000115  -0.000410   0.000513   0.000639  0.0000534  0.0000756    0.000251    0.000256
1992   9  10  48875   0.008296   0.504967   0.3289268   0.0019862  -0.000319  -0.000317   0.001036   0.000981  0.0001233  0.0000639    0.000342    0.000289
1992   9  11  48876   0.010205   0.506026   0.3268862   0.0020847  -0.000325  -0.000261   0.000650   0.000598  0.0000744  0.0000974    0.000244    0.000241
1992   9  12  48877   0.012147   0.506732   0.3247719   0.0021321  -0.000326  -0.000191   0.000633   0.000581  0.0000716  0.0000592    0.000237    0.000236
1992   9  13  48878   0.014396   0.506789   0.3226389   0.0021210  -0.000316  -0.000128   0.000928   0.000684  0.0000440  0.0000522    0.000165    0.000179
1992   9  14  48879   0.016894   0.506575   0.3205467   0.0020541  -0.000258  -0.000099   0.000617   0.000418  0.0000327  0.0000397    0.000128    0.000144
1992   9  15  48880   0.019402   0.506724   0.3185451   0.0019474  -0.000135  -0.000121   0.000465   0.000315  0.0000354  0.0000445    0.000138    0.000155
1992   9  16  48881   0.021772   0.507163   0.3166603   0.0018270   0.000031  -0.000194   0.000620   0.000476  0.0000563  0.0000376    0.000225    0.000243
1992   9  17  48882   0.024374   0.507458   0.3148905   0.0017199  -0.000062  -0.000245   0.000447   0.000507  0.0000398  0.0000434    0.000215    0.000207
1992   9  18  48883   0.026933   0.507812   0.3132094   0.0016477  -0.000301  -0.000259   0.000347   0.000407  0.0000306  0.0000348    0.000167    0.000154
1992   9  19  48884   0.029288   0.507772   0.3115744   0.0016231  -0.000385  -0.000204   0.000374   0.000440  0.0000299  0.0000295    0.000164    0.000151
1992   9  20  48885   0.031544   0.507313   0.3099357   0.0016573  -0.000385  -0.000130   0.001163   0.001198  0.0000284  0.0000290    0.000140    0.000153
1992   9  21  48886   0.033830   0.506799   0.3082308   0.0017633  -0.000318  -0.000075   0.000433   0.000423  0.0000280  0.0000271    0.000135    0.000150
1992   9  22  48887   0.035993   0.506723   0.3063858   0.0019478  -0.000218  -0.000086   0.000261   0.000213  0.0000258  0.0000244    0.000123    0.000120
1992   9  23  48888   0.037924   0.507049   0.3043262   0.0021962  -0.000133  -0.000167   0.000196   0.000134  0.0000208  0.0000233    0.000100    0.000083
1992   9  24  48889   0.039934   0.506735   0.3020053   0.0024492  -0.000174  -0.000110   0.000224   0.000159  0.0000208  0.0000216    0.000122    0.000100
1992   9  25  48890   0.042053   0.506347   0.2994610   0.0026215  -0.000292   0.000027   0.000389   0.000395  0.0000224  0.0000217    0.000268    0.000244
1992   9  26  48891   0.044141   0.506659   0.2968090   0.0026607  -0.000339   0.000073   0.000719   0.000759  0.0000226  0.0000227    0.000311    0.000298
1992   9  27  48892   0.046154   0.506845   0.2941852   0.0025676  -0.000355   0.000091   0.000935   0.000929  0.0000230  0.0000229    0.000230    0.000186
1992   9  28  48893   0.048218   0.506498   0.2917033   0.0023849  -0.000340   0.000097   0.000306   0.000343  0.0000232  0.0000231    0.000211    0.000167
1992   9  29  48894   0.050510   0.505585   0.2894211   0.0021749  -0.000308   0.000116   0.000300   0.000336  0.0000232  0.0000234    0.000211    0.000167
1992   9  30  48895   0.053075   0.504481   0.2873382   0.0019894  -0.000291   0.000184   0.000307   0.000339  0.0000237  0.0000273    0.000208    0.000169
1992  10   1  48896   0.055640   0.503541   0.2854158   0.0018574  -0.000258   0.000233   0.000400   0.000374  0.0000314  0.0000277    0.000185    0.000195
1992  10   2  48897   0.057946   0.503033   0.2835955   0.0017893  -0.000213   0.000239   0.000404   0.000375  0.0000317  0.0000315    0.000185    0.000196
1992  10   3  48898   0.059982   0.502867   0.2818141   0.0017852  -0.000137   0.000164   0.000419   0.000390  0.0000317  0.0000274    0.000184    0.000196
1992  10   4  48899   0.062321   0.502885   0.2800081   0.0018409  -0.000091   0.000038   0.001023   0.000936  0.0000231  0.0000265    0.000144    0.000155
1992  10   5  48900   0.065325   0.502877   0.2781203   0.0019480  -0.000103  -0.000115   0.000595   0.000487  0.0000213  0.0000222    0.000135    0.000145
1992  10   6  48901   0.068767   0.502777   0.2761056   0.0020912  -0.000192  -0.000266   0.000413   0.000331  0.0000213  0.0000217    0.000135    0.000145
1992  10   7  48902   0.071897   0.502453   0.2739379   0.0022478  -0.000378  -0.000383   0.000630   0.000507  0.0000221  0.0000326    0.000141    0.000150
1992  10   8  48903   0.074915   0.502079   0.2716169   0.0023886  -0.000562  -0.000449   0.000899   0.000917  0.0000438  0.0000337    0.000380    0.000232
1992  10   9  48904   0.077899   0.501715   0.2691732   0.0024837  -0.000687  -0.000453   0.000611   0.000667  0.0000454  0.0000445    0.000411    0.000235
1992  10  10  48905   0.080378   0.501224   0.2666656   0.0025112  -0.000663  -0.000378   0.000886   0.000968  0.0000453  0.0000347    0.000410    0.000235
1992  10  11  48906   0.082439   0.500353   0.2641679   0.0024687  -0.000559  -0.000272   0.001438   0.001191  0.0000239  0.0000332    0.000178    0.000186
1992  10  12  48907   0.084460   0.499075   0.2617442   0.0023739  -0.000412  -0.000168   0.000335   0.000276  0.0000210  0.0000213    0.000153    0.000166
1992  10  13  48908   0.086888   0.497662   0.2594318   0.0022557  -0.000274  -0.000098   0.000202   0.000179  0.0000187  0.0000175    0.000122    0.000112
1992  10  14  48909   0.089789   0.496482   0.2572367   0.0021439  -0.000186  -0.000078   0.000124   0.000118  0.0000140  0.0000170    0.000080    0.000065
1992  10  15  48910   0.092647   0.495685   0.2551367   0.0020641  -0.000135  -0.000082   0.000140   0.000134  0.0000153  0.0000177    0.000090    0.000073
1992  10  16  48911   0.095401   0.495408   0.2530897   0.0020370  -0.000127  -0.000090   0.000268   0.000260  0.0000213  0.0000187    0.000160    0.000131
1992  10  17  48912   0.098096   0.495464   0.2510359   0.0020784  -0.000184  -0.000031   0.000446   0.000446  0.0000222  0.0000180    0.000177    0.000145
1992  10  18  48913   0.100425   0.495350   0.2489043   0.0021995  -0.000252   0.000025   0.000453   0.000568  0.0000147  0.0000177    0.000107    0.000106
1992  10  19  48914   0.102369   0.494734   0.2466137   0.0024033  -0.000289   0.000040   0.000185   0.000284  0.0000133  0.0000145    0.000095    0.000097
1992  10  20  48915   0.104097   0.493739   0.2440864   0.0026703  -0.000254  -0.000028   0.000191   0.000291  0.0000143  0.0000178    0.000096    0.000098
1992  10  21  48916   0.105877   0.492591   0.2412778   0.0029518  -0.000135  -0.000186   0.000228   0.000212  0.0000224  0.0000215    0.000098    0.000104
1992  10  22  48917   0.107932   0.491349   0.2382048   0.0031621  -0.000091  -0.000197   0.000256   0.000195  0.0000286  0.0000247    0.000111    0.000123
1992  10  23  48918   0.110177   0.490034   0.2349896   0.0032220  -0.000105  -0.000090   0.000287   0.000281  0.0000270  0.0000384    0.000145    0.000174
1992  10  24  48919   0.112419   0.488855   0.2318024   0.0031210  -0.000133   0.000046   0.000476   0.000478  0.0000481  0.0000624    0.000264    0.000299
1992  10  25  48920   0.114769   0.488276   0.2287828   0.0029058  -0.000117   0.000182   0.000807   0.000787  0.0000977  0.0000376    0.000549    0.000465
1992  10  26  48921   0.117031   0.487952   0.2260088   0.0026445  -0.000050   0.000274   0.000416   0.000443  0.0000270  0.0000614    0.000170    0.000177
1992  10  27  48922   0.118878   0.487213   0.2234905   0.0024014   0.000008   0.000288   0.000284   0.000309  0.0000251  0.0000258    0.000158    0.000165
1992  10  28  48923   0.120386   0.485820   0.2211853   0.0022173  -0.000005   0.000190   0.000386   0.000414  0.0000247  0.0000235    0.000159    0.000163
1992  10  29  48924   0.121701   0.484337   0.2190274   0.0021136  -0.000043   0.000049   0.000409   0.000438  0.0000219  0.0000240    0.000167    0.000146
1992  10  30  48925   0.123080   0.482978   0.2169311   0.0020952  -0.000091  -0.000089   0.000271   0.000295  0.0000234  0.0000307    0.000175    0.000153
1992  10  31  48926   0.124797   0.480993   0.2148168   0.0021456  -0.000132  -0.000172   0.000366   0.000396  0.0000396  0.0000447    0.000228    0.000212
1992  11   1  48927   0.127117   0.479218   0.2126270   0.0022226  -0.000105  -0.000159   0.000511   0.000485  0.0000660  0.0000337    0.000250    0.000251
1992  11   2  48928   0.129669   0.477984   0.2103647   0.0022825  -0.000035  -0.000101   0.000396   0.000223  0.0000278  0.0000482    0.000141    0.000157
1992  11   3  48929   0.131785   0.476982   0.2080606   0.0023259   0.000004  -0.000132   0.000431   0.000241  0.0000304  0.0000382    0.000154    0.000171
1992  11   4  48930   0.133426   0.475899   0.2057176   0.0023865  -0.000027  -0.000297   0.000559   0.000363  0.0000486  0.0000329    0.000199    0.000200
1992  11   5  48931   0.135536   0.474710   0.2032981   0.0024691  -0.000066  -0.000342   0.000380   0.000234  0.0000354  0.0000409    0.000127    0.000122
1992  11   6  48932   0.136958   0.473566   0.2007939   0.0025263  -0.000115  -0.000230   0.000367   0.000163  0.0000333  0.0000352    0.000122    0.000118
1992  11   7  48933   0.138110   0.472368   0.1982617   0.0025152  -0.000158  -0.000129   0.000394   0.000145  0.0000350  0.0000314    0.000130    0.000127
1992  11   8  48934   0.139601   0.470934   0.1957792   0.0024395  -0.000178  -0.000111   0.000303   0.000160  0.0000296  0.0000295    0.000129    0.000122
1992  11   9  48935   0.141304   0.469182   0.1933958   0.0023320  -0.000166  -0.000104   0.000247   0.000227  0.0000240  0.0000278    0.000126    0.000113
1992  11  10  48936   0.142978   0.467176   0.1911225   0.0022257  -0.000118  -0.000040   0.000305   0.000267  0.0000260  0.0000335    0.000132    0.000118
1992  11  11  48937   0.144797   0.465212   0.1889420   0.0021422  -0.000041   0.000107   0.000411   0.000271  0.0000429  0.0000468    0.000168    0.000148
1992  11  12  48938   0.147042   0.463521   0.1868236   0.0020911  -0.000022   0.000068   0.000446   0.000260  0.0000676  0.0000491    0.000201    0.000179
1992  11  13  48939   0.149318   0.462055   0.1847343   0.0020866  -0.000033  -0.000074   0.000545   0.000462  0.0000552  0.0000499    0.000246    0.000246
1992  11  14  48940   0.151268   0.460682   0.1826203   0.0021586   0.000000  -0.000149   0.000435   0.000405  0.0000321  0.0000406    0.000194    0.000206
1992  11  15  48941   0.153464   0.459401   0.1803915   0.0023265  -0.000018  -0.000109   0.000427   0.000398  0.0000261  0.0000270    0.000168    0.000180
1992  11  16  48942   0.155973   0.458230   0.1779547   0.0025671  -0.000105   0.000006   0.000347   0.000309  0.0000219  0.0000244    0.000139    0.000130
1992  11  17  48943   0.158247   0.457159   0.1752614   0.0028168  -0.000177   0.000082   0.000251   0.000223  0.0000228  0.0000311    0.000143    0.000131
1992  11  18  48944   0.159939   0.456263   0.1723408   0.0029976  -0.000174   0.000029   0.000365   0.000312  0.0000403  0.0000505    0.000219    0.000184
1992  11  19  48945   0.162137   0.455324   0.1692968   0.0030585  -0.000206  -0.000136   0.000641   0.000490  0.0000781  0.0000396    0.000275    0.000237
1992  11  20  48946   0.164749   0.454001   0.1662586   0.0029963  -0.000270  -0.000311   0.000314   0.000310  0.0000389  0.0000489    0.000171    0.000200
1992  11  21  48947   0.166572   0.452118   0.1633357   0.0028450  -0.000310  -0.000287   0.000155   0.000161  0.0000196  0.0000276    0.000105    0.000115
1992  11  22  48948   0.167892   0.450101   0.1605895   0.0026503  -0.000344  -0.000188   0.000128   0.000134  0.0000162  0.0000215    0.000089    0.000097
1992  11  23  48949   0.169129   0.448301   0.1580400   0.0024514  -0.000370  -0.000079   0.000238   0.000210  0.0000234  0.0000209    0.000136    0.000176
1992  11  24  48950   0.170187   0.446608   0.1556747   0.0022810  -0.000355   0.000069   0.000340   0.000273  0.0000255  0.0000245    0.000152    0.000215
1992  11  25  48951   0.170858   0.444648   0.1534537   0.0021647  -0.000231   0.000330   0.000634   0.000499  0.0000255  0.0000255    0.000152    0.000216
1992  11  26  48952   0.171141   0.442231   0.1513172   0.0021133  -0.000070   0.000576   0.001837   0.001304  0.0000255  0.0000255    0.000152    0.000216
1992  11  27  48953   0.171378   0.439498   0.1492030   0.0021202   0.000086   0.000739   0.002771   0.003524  0.0000254  0.0000217    0.000152    0.000215
1992  11  28  48954   0.171985   0.436971   0.1470606   0.0021701   0.000198   0.000771   0.002667   0.003347  0.0000179  0.0000217    0.000121    0.000167
1992  11  29  48955   0.173054   0.434894   0.1448550   0.0022485   0.000234   0.000652   0.000455   0.000376  0.0000180  0.0000181    0.000121    0.000168
1992  11  30  48956   0.174221   0.432890   0.1425625   0.0023478   0.000181   0.000401   0.000241   0.000198  0.0000182  0.0000195    0.000123    0.000170
1992  12   1  48957   0.175097   0.430588   0.1401639   0.0024641   0.000024   0.000026   0.000314   0.000256  0.0000211  0.0000276    0.000140    0.000186
1992  12   2  48958   0.175619   0.428139   0.1376438   0.0025868  -0.000175  -0.000339   0.000365   0.000269  0.0000369  0.0000281    0.000167    0.000172
1992  12   3  48959   0.176302   0.426080   0.1350038   0.0026845  -0.000190  -0.000267   0.000204   0.000146  0.0000351  0.0000379    0.000113    0.000111
1992  12   4  48960   0.178062   0.424508   0.1322903   0.0027183  -0.000100   0.000033   0.000223   0.000178  0.0000388  0.0000307    0.000125    0.000124
1992  12   5  48961   0.179619   0.423070   0.1295821   0.0026848  -0.000141   0.000192   0.000261   0.000246  0.0000264  0.0000266    0.000148    0.000153
1992  12   6  48962   0.180410   0.421324   0.1269331   0.0026132  -0.000295   0.000163   0.000230   0.000206  0.0000144  0.0000208    0.000146    0.000172
1992  12   7  48963   0.181031   0.419134   0.1243635   0.0025232  -0.000408   0.000074   0.000215   0.000214  0.0000153  0.0000167    0.000138    0.000160
1992  12   8  48964   0.182024   0.416939   0.1218874   0.0024256  -0.000412   0.000016   0.000218   0.000245  0.0000189  0.0000253    0.000138    0.000152
1992  12   9  48965   0.183321   0.415051   0.1195026   0.0023462  -0.000278   0.000060   0.000422   0.000405  0.0000353  0.0000502    0.000216    0.000179
1992  12  10  48966   0.184230   0.412960   0.1171736   0.0023165  -0.000224   0.000045   0.001115   0.000768  0.0000815  0.0001037    0.000321    0.000207
1992  12  11  48967   0.184887   0.410643   0.1148395   0.0023598  -0.000257  -0.000016   0.001453   0.001138  0.0001722  0.0001320    0.000423    0.000278
1992  12  12  48968   0.185897   0.408333   0.1124240   0.0024835  -0.000276  -0.000025   0.001353   0.001151  0.0001826  0.0000977    0.000430    0.000285
1992  12  13  48969   0.187440   0.406302   0.1098540   0.0026681  -0.000287   0.000002   0.000998   0.000769  0.0000232  0.0000983    0.000156    0.000135
1992  12  14  48970   0.189042   0.404580   0.1070888   0.0028659  -0.000304   0.000030   0.000325   0.000250  0.0000140  0.0000191    0.000105    0.000092
1992  12  15  48971   0.189947   0.402739   0.1041430   0.0030173  -0.000331   0.000036   0.000263   0.000206  0.0000150  0.0000198    0.000111    0.000096
1992  12  16  48972   0.190049   0.400488   0.1010877   0.0030740  -0.000368  -0.000003   0.000441   0.000346  0.0000256  0.0000334    0.000156    0.000124
1992  12  17  48973   0.190407   0.398201   0.0980311   0.0030132  -0.000335  -0.000055   0.000636   0.000467  0.0000518  0.0000443    0.000191    0.000142
1992  12  18  48974   0.191583   0.396052   0.0950914   0.0028424  -0.000241  -0.000105   0.001614   0.001285  0.0000630  0.0001015    0.000204    0.000152
1992  12  19  48975   0.192918   0.393833   0.0923649   0.0025995  -0.000139  -0.000129   0.002578   0.002624  0.0001511  0.0000820    0.000404    0.000318
1992  12  20  48976   0.193630   0.391334   0.0898976   0.0023409  -0.000072  -0.000112   0.001359   0.001071  0.0001010  0.0000926    0.000363    0.000289
1992  12  21  48977   0.193796   0.388481   0.0876749   0.0021253  -0.000136  -0.000012   0.000509   0.000390  0.0000340  0.0000637    0.000186    0.000153
1992  12  22  48978   0.194280   0.385648   0.0856276   0.0019916  -0.000141   0.000045   0.000472   0.000360  0.0000264  0.0000357    0.000148    0.000121
1992  12  23  48979   0.195423   0.383127   0.0836657   0.0019478   0.000005  -0.000008   0.000535   0.000397  0.0000375  0.0000364    0.000188    0.000140
1992  12  24  48980   0.196541   0.380616   0.0817061   0.0019829   0.000136  -0.000046   0.000662   0.000489  0.0000464  0.0000424    0.000212    0.000150
1992  12  25  48981   0.197531   0.378036   0.0796795   0.0020797   0.000201  -0.000049   0.001727   0.001374  0.0000474  0.0000368    0.000214    0.000150
1992  12  26  48982   0.198852   0.375544   0.0775354   0.0022154   0.000202  -0.000039   0.002315   0.003236  0.0000271  0.0000329    0.000186    0.000142
1992  12  27  48983   0.200661   0.372909   0.0752463   0.0023652   0.000147  -0.000028   0.001156   0.001324  0.0000185  0.0000228    0.000156    0.000131
1992  12  28  48984   0.202866   0.370137   0.0728096   0.0025058   0.000058  -0.000029   0.000470   0.000442  0.0000185  0.0000184    0.000152    0.000130
1992  12  29  48985   0.204860   0.367475   0.0702445   0.0026197  -0.000080  -0.000055   0.000263   0.000261  0.0000182  0.0000183    0.000117    0.000116
1992  12  30  48986   0.206311   0.365183   0.0675837   0.0026957  -0.000199  -0.000113   0.000153   0.000158  0.0000181  0.0000218    0.000077    0.000091
1992  12  31  48987   0.207603   0.363076   0.0648685   0.0027115   0.000232  -0.000176   0.000167   0.000170  0.0000255  0.0000436    0.000090    0.000111
