

                   INTERNATIONAL EARTH ROTATION AND REFERENCE SYSTEMS SERVICE
                        EARTH ORIENTATION PARAMETERS
                          EOP (IERS) 05 C04

  
             FORMAT(3(I4),I7,2(F11.6),2(F12.7),2(F11.6),2(F11.6),2(F11.7),2F12.6)
**********************************************************************************
  
      Date      MJD      x          y        UT1-UTC       LOD         dX        dY        x Err     y Err   UT1-UTC Err  LOD Err     dY Err       dY Err  
                         "          "           s           s          "         "           "          "          s         s            "           "
     (0h UTC)

2009   1   1  54832  -0.017015   0.146239   0.4071571   0.0010652  -0.000118  -0.000244   0.000011   0.000010  0.0000466  0.0000015    0.000131    0.000283
2009   1   2  54833  -0.020427   0.147557   0.4059743   0.0012254  -0.000092  -0.000213   0.000019   0.000010  0.0000602  0.0000015    0.000150    0.000357
2009   1   3  54834  -0.023271   0.149075   0.4046727   0.0013034  -0.000080  -0.000180   0.000012   0.000020  0.0000603  0.0000015    0.000123    0.000256
2009   1   4  54835  -0.025730   0.150747   0.4033484   0.0013056  -0.000086  -0.000147   0.000010   0.000016  0.0000587  0.0000015    0.000044    0.000076
2009   1   5  54836  -0.029031   0.152761   0.4020737   0.0012186  -0.000136  -0.000129   0.000010   0.000012  0.0000220  0.0000015    0.000044    0.000076
2009   1   6  54837  -0.033382   0.154569   0.4009134   0.0010519  -0.000222  -0.000126   0.000010   0.000012  0.0000129  0.0000016    0.000044    0.000076
2009   1   7  54838  -0.037543   0.156256   0.3999417   0.0008139  -0.000306  -0.000125   0.000012   0.000012  0.0000166  0.0000016    0.000044    0.000077
2009   1   8  54839  -0.041695   0.158084   0.3992281   0.0005951  -0.000338  -0.000124   0.000012   0.000015  0.0000296  0.0000016    0.000053    0.000106
2009   1   9  54840  -0.045900   0.159694   0.3986841   0.0005417  -0.000298  -0.000135   0.000010   0.000031  0.0000220  0.0000016    0.000056    0.000117
2009   1  10  54841  -0.049566   0.161235   0.3981287   0.0006182  -0.000215  -0.000168   0.000010   0.000041  0.0000259  0.0000016    0.000056    0.000118
2009   1  11  54842  -0.053086   0.162767   0.3974553   0.0008102  -0.000149  -0.000220   0.000010   0.000041  0.0000413  0.0000017    0.000058    0.000117
2009   1  12  54843  -0.056504   0.164437   0.3965109   0.0011084  -0.000141  -0.000272   0.000010   0.000033  0.0000317  0.0000018    0.000076    0.000115
2009   1  13  54844  -0.059603   0.166143   0.3952847   0.0013483  -0.000164  -0.000291   0.000010   0.000019  0.0000238  0.0000018    0.000083    0.000126
2009   1  14  54845  -0.062424   0.167713   0.3938421   0.0014988  -0.000170  -0.000260   0.000011   0.000019  0.0000315  0.0000018    0.000119    0.000183
2009   1  15  54846  -0.065337   0.169328   0.3923319   0.0015110  -0.000208  -0.000176   0.000011   0.000029  0.0000436  0.0000018    0.000134    0.000271
2009   1  16  54847  -0.068184   0.170379   0.3908911   0.0013745  -0.000260  -0.000068   0.000013   0.000018  0.0000276  0.0000018    0.000082    0.000186
2009   1  17  54848  -0.070732   0.171431   0.3896144   0.0011828  -0.000276   0.000016   0.000015   0.000016  0.0000333  0.0000018    0.000080    0.000182
2009   1  18  54849  -0.073237   0.173130   0.3885558   0.0009519  -0.000260   0.000048   0.000016   0.000017  0.0000562  0.0000018    0.000080    0.000181
2009   1  19  54850  -0.075721   0.174956   0.3877740   0.0006389  -0.000230   0.000021   0.000029   0.000018  0.0000683  0.0000018    0.000036    0.000060
2009   1  20  54851  -0.078285   0.177086   0.3872755   0.0003787  -0.000202  -0.000045   0.000028   0.000017  0.0000233  0.0000019    0.000035    0.000059
2009   1  21  54852  -0.081158   0.179579   0.3869822   0.0002312  -0.000183  -0.000106   0.000014   0.000014  0.0000144  0.0000019    0.000038    0.000063
2009   1  22  54853  -0.084345   0.181928   0.3868181   0.0000998  -0.000175  -0.000126   0.000011   0.000014  0.0000209  0.0000019    0.000051    0.000091
2009   1  23  54854  -0.087566   0.184262   0.3867778   0.0000507  -0.000174  -0.000148   0.000011   0.000018  0.0000269  0.0000020    0.000074    0.000134
2009   1  24  54855  -0.090105   0.186738   0.3867481   0.0000938  -0.000129  -0.000103   0.000014   0.000019  0.0000323  0.0000019    0.000081    0.000133
2009   1  25  54856  -0.091566   0.189391   0.3866212   0.0002170  -0.000043   0.000027   0.000022   0.000019  0.0000408  0.0000017    0.000086    0.000139
2009   1  26  54857  -0.093198   0.192251   0.3863316   0.0003757   0.000035   0.000169   0.000013   0.000016  0.0000375  0.0000016    0.000141    0.000315
2009   1  27  54858  -0.094485   0.194839   0.3858657   0.0005500   0.000061   0.000248   0.000013   0.000012  0.0000454  0.0000015    0.000141    0.000317
2009   1  28  54859  -0.095928   0.197498   0.3851931   0.0007367   0.000024   0.000231   0.000024   0.000011  0.0000625  0.0000015    0.000137    0.000310
2009   1  29  54860  -0.098113   0.200067   0.3843667   0.0009004  -0.000056   0.000132   0.000031   0.000015  0.0000679  0.0000015    0.000060    0.000149
2009   1  30  54861  -0.100273   0.202610   0.3834116   0.0009684  -0.000140   0.000004   0.000032   0.000029  0.0000564  0.0000015    0.000056    0.000138
2009   1  31  54862  -0.102833   0.205365   0.3824421   0.0009518  -0.000195  -0.000094   0.000032   0.000037  0.0000486  0.0000015    0.000056    0.000138
2009   2   1  54863  -0.105459   0.208037   0.3815408   0.0008624  -0.000211  -0.000128   0.000033   0.000037  0.0000445  0.0000016    0.000056    0.000136
2009   2   2  54864  -0.107489   0.210660   0.3807095   0.0007140  -0.000198  -0.000097   0.000031   0.000030  0.0000327  0.0000015    0.000053    0.000122
2009   2   3  54865  -0.108400   0.213576   0.3800413   0.0005580  -0.000172  -0.000032   0.000030   0.000016  0.0000257  0.0000015    0.000053    0.000122
2009   2   4  54866  -0.109018   0.217008   0.3795074   0.0004503  -0.000151   0.000024   0.000031   0.000016  0.0000324  0.0000015    0.000053    0.000122
2009   2   5  54867  -0.110042   0.220745   0.3790657   0.0004234  -0.000143   0.000045   0.000031   0.000030  0.0000356  0.0000015    0.000068    0.000110
2009   2   6  54868  -0.111673   0.224431   0.3786286   0.0004672  -0.000155   0.000022   0.000031   0.000038  0.0000237  0.0000016    0.000073    0.000108
2009   2   7  54869  -0.113815   0.227978   0.3780921   0.0006415  -0.000188  -0.000029   0.000032   0.000032  0.0000283  0.0000016    0.000073    0.000108
2009   2   8  54870  -0.115902   0.231429   0.3773330   0.0008962  -0.000238  -0.000082   0.000027   0.000017  0.0000440  0.0000016    0.000075    0.000111
2009   2   9  54871  -0.118087   0.234478   0.3763026   0.0011693  -0.000297  -0.000114   0.000015   0.000014  0.0000338  0.0000016    0.000095    0.000146
2009   2  10  54872  -0.119729   0.237233   0.3750234   0.0013928  -0.000336  -0.000116   0.000015   0.000017  0.0000246  0.0000016    0.000095    0.000146
2009   2  11  54873  -0.120539   0.240419   0.3735826   0.0014584  -0.000328  -0.000090   0.000023   0.000028  0.0000312  0.0000015    0.000095    0.000145
2009   2  12  54874  -0.121389   0.244150   0.3721426   0.0013796  -0.000257  -0.000054   0.000014   0.000027  0.0000435  0.0000016    0.000071    0.000108
2009   2  13  54875  -0.122379   0.247763   0.3708810   0.0011373  -0.000125  -0.000027   0.000011   0.000017  0.0000292  0.0000016    0.000068    0.000103
2009   2  14  54876  -0.123690   0.251257   0.3699193   0.0008420   0.000027  -0.000015   0.000013   0.000018  0.0000357  0.0000016    0.000068    0.000103
2009   2  15  54877  -0.125272   0.254961   0.3692088   0.0006128   0.000134  -0.000011   0.000023   0.000029  0.0000538  0.0000018    0.000068    0.000103
2009   2  16  54878  -0.126816   0.258801   0.3686769   0.0004220   0.000140  -0.000004   0.000016   0.000030  0.0000497  0.0000019    0.000045    0.000083
2009   2  17  54879  -0.128630   0.262151   0.3683038   0.0002999   0.000048   0.000014   0.000011   0.000018  0.0000353  0.0000020    0.000045    0.000082
2009   2  18  54880  -0.130489   0.265097   0.3680649   0.0001875  -0.000092   0.000036   0.000011   0.000014  0.0000248  0.0000020    0.000045    0.000082
2009   2  19  54881  -0.132348   0.268003   0.3679075   0.0001366  -0.000215   0.000056   0.000012   0.000014  0.0000296  0.0000020    0.000049    0.000087
2009   2  20  54882  -0.133380   0.270468   0.3677716   0.0001815  -0.000278   0.000070   0.000012   0.000013  0.0000323  0.0000021    0.000076    0.000106
2009   2  21  54883  -0.133708   0.273092   0.3676015   0.0002313  -0.000279   0.000080   0.000011   0.000014  0.0000400  0.0000021    0.000080    0.000107
2009   2  22  54884  -0.134198   0.275870   0.3673356   0.0003441  -0.000248   0.000084   0.000011   0.000017  0.0000628  0.0000018    0.000080    0.000107
2009   2  23  54885  -0.133817   0.278719   0.3668625   0.0005887  -0.000217   0.000076   0.000014   0.000016  0.0000591  0.0000017    0.000073    0.000125
2009   2  24  54886  -0.133122   0.282179   0.3661434   0.0008403  -0.000192   0.000069   0.000025   0.000012  0.0000346  0.0000016    0.000072    0.000127
2009   2  25  54887  -0.133363   0.285685   0.3652132   0.0010019  -0.000170   0.000060   0.000031   0.000013  0.0000225  0.0000016    0.000073    0.000127
2009   2  26  54888  -0.133580   0.289003   0.3640843   0.0011722  -0.000147   0.000041   0.000026   0.000018  0.0000285  0.0000017    0.000080    0.000145
2009   2  27  54889  -0.133614   0.292573   0.3628327   0.0012631  -0.000128   0.000019   0.000013   0.000032  0.0000488  0.0000017    0.000126    0.000290
2009   2  28  54890  -0.133986   0.296222   0.3615640   0.0012320  -0.000123   0.000009   0.000010   0.000037  0.0000562  0.0000017    0.000131    0.000320
2009   3   1  54891  -0.134380   0.299860   0.3603398   0.0011592  -0.000141   0.000002   0.000013   0.000030  0.0000476  0.0000017    0.000106    0.000210
2009   3   2  54892  -0.134787   0.303324   0.3592049   0.0010421  -0.000179  -0.000012   0.000013   0.000015  0.0000270  0.0000016    0.000058    0.000096
2009   3   3  54893  -0.134781   0.306388   0.3581947   0.0009307  -0.000220  -0.000033   0.000013   0.000011  0.0000174  0.0000016    0.000058    0.000096
2009   3   4  54894  -0.134170   0.309721   0.3573188   0.0007946  -0.000234  -0.000059   0.000020   0.000014  0.0000236  0.0000015    0.000059    0.000096
2009   3   5  54895  -0.133705   0.313257   0.3565525   0.0007187  -0.000195  -0.000084   0.000011   0.000024  0.0000468  0.0000015    0.000097    0.000122
2009   3   6  54896  -0.133453   0.316879   0.3557802   0.0008491  -0.000103  -0.000103   0.000009   0.000015  0.0000362  0.0000016    0.000119    0.000131
2009   3   7  54897  -0.133143   0.320773   0.3548772   0.0010227   0.000005  -0.000106   0.000012   0.000016  0.0000422  0.0000016    0.000119    0.000131
2009   3   8  54898  -0.133000   0.324661   0.3537764   0.0012233   0.000072  -0.000086   0.000024   0.000029  0.0000512  0.0000016    0.000119    0.000131
2009   3   9  54899  -0.132800   0.328853   0.3523963   0.0015380   0.000060  -0.000041   0.000030   0.000028  0.0000421  0.0000015    0.000043    0.000085
2009   3  10  54900  -0.132519   0.332998   0.3507574   0.0017440  -0.000023   0.000016   0.000030   0.000014  0.0000338  0.0000015    0.000042    0.000083
2009   3  11  54901  -0.132132   0.336802   0.3490114   0.0017681  -0.000130   0.000065   0.000022   0.000012  0.0000266  0.0000015    0.000042    0.000083
2009   3  12  54902  -0.131987   0.340686   0.3472867   0.0016643  -0.000209   0.000100   0.000011   0.000014  0.0000321  0.0000015    0.000045    0.000087
2009   3  13  54903  -0.131749   0.343888   0.3456993   0.0014822  -0.000239   0.000134   0.000009   0.000014  0.0000322  0.0000015    0.000058    0.000100
2009   3  14  54904  -0.130870   0.346765   0.3443255   0.0012518  -0.000227   0.000174   0.000011   0.000015  0.0000398  0.0000015    0.000059    0.000101
2009   3  15  54905  -0.130313   0.350195   0.3431906   0.0010103  -0.000190   0.000211   0.000011   0.000028  0.0000575  0.0000015    0.000055    0.000096
2009   3  16  54906  -0.129524   0.353352   0.3422718   0.0008151  -0.000141   0.000216   0.000009   0.000029  0.0000234  0.0000015    0.000039    0.000073
2009   3  17  54907  -0.128475   0.356612   0.3415386   0.0006331  -0.000092   0.000179   0.000009   0.000016  0.0000147  0.0000015    0.000039    0.000072
2009   3  18  54908  -0.127730   0.359919   0.3409262   0.0005659  -0.000058   0.000113   0.000012   0.000016  0.0000199  0.0000014    0.000039    0.000073
2009   3  19  54909  -0.127297   0.363361   0.3403447   0.0006047  -0.000043   0.000042   0.000011   0.000028  0.0000342  0.0000015    0.000062    0.000106
2009   3  20  54910  -0.126869   0.366828   0.3397043   0.0006821  -0.000044  -0.000001   0.000009   0.000032  0.0000251  0.0000015    0.000074    0.000122
2009   3  21  54911  -0.126003   0.370137   0.3389253   0.0008854  -0.000049   0.000000   0.000011   0.000026  0.0000308  0.0000015    0.000074    0.000122
2009   3  22  54912  -0.124897   0.373692   0.3379221   0.0011440  -0.000052   0.000048   0.000012   0.000014  0.0000520  0.0000014    0.000072    0.000121
2009   3  23  54913  -0.123478   0.376882   0.3366764   0.0013624  -0.000050   0.000119   0.000012   0.000013  0.0000327  0.0000013    0.000061    0.000120
2009   3  24  54914  -0.122102   0.380526   0.3352197   0.0015456  -0.000042   0.000178   0.000012   0.000014  0.0000228  0.0000013    0.000061    0.000120
2009   3  25  54915  -0.120934   0.384387   0.3336114   0.0016430  -0.000026   0.000197   0.000012   0.000014  0.0000294  0.0000013    0.000061    0.000120
2009   3  26  54916  -0.119902   0.387978   0.3319479   0.0016662  -0.000022   0.000175   0.000022   0.000027  0.0000455  0.0000013    0.000104    0.000188
2009   3  27  54917  -0.119208   0.391594   0.3302924   0.0016219  -0.000044   0.000131   0.000022   0.000032  0.0000352  0.0000014    0.000133    0.000223
2009   3  28  54918  -0.118504   0.394990   0.3287193   0.0014868  -0.000089   0.000098   0.000012   0.000030  0.0000388  0.0000014    0.000133    0.000223
2009   3  29  54919  -0.118055   0.398191   0.3273455   0.0012540  -0.000118   0.000105   0.000011   0.000031  0.0000456  0.0000014    0.000122    0.000171
2009   3  30  54920  -0.118401   0.400898   0.3262191   0.0009982  -0.000091   0.000149   0.000011   0.000026  0.0000237  0.0000013    0.000084    0.000089
2009   3  31  54921  -0.118939   0.403614   0.3252902   0.0008277  -0.000006   0.000187   0.000011   0.000015  0.0000157  0.0000014    0.000084    0.000089
2009   4   1  54922  -0.118855   0.406012   0.3244867   0.0007758   0.000091   0.000173   0.000022   0.000014  0.0000208  0.0000014    0.000084    0.000090
2009   4   2  54923  -0.117791   0.408397   0.3237002   0.0008226   0.000129   0.000112   0.000028   0.000014  0.0000399  0.0000014    0.000099    0.000158
2009   4   3  54924  -0.116458   0.411021   0.3228220   0.0009374   0.000072   0.000051   0.000022   0.000014  0.0000325  0.0000013    0.000103    0.000209
2009   4   4  54925  -0.115172   0.413746   0.3218036   0.0011063  -0.000053   0.000049   0.000012   0.000013  0.0000338  0.0000013    0.000103    0.000209
2009   4   5  54926  -0.113304   0.416495   0.3206116   0.0013264  -0.000165   0.000112   0.000011   0.000014  0.0000450  0.0000013    0.000096    0.000179
2009   4   6  54927  -0.110758   0.419561   0.3191629   0.0015771  -0.000198   0.000192   0.000010   0.000025  0.0000381  0.0000013    0.000070    0.000107
2009   4   7  54928  -0.108470   0.423140   0.3174903   0.0017467  -0.000150   0.000224   0.000008   0.000032  0.0000273  0.0000013    0.000070    0.000107
2009   4   8  54929  -0.106883   0.426190   0.3157030   0.0017738  -0.000055   0.000173   0.000010   0.000031  0.0000326  0.0000013    0.000076    0.000117
2009   4   9  54930  -0.105354   0.428890   0.3139745   0.0016382   0.000038   0.000063   0.000021   0.000031  0.0000384  0.0000013    0.000101    0.000171
2009   4  10  54931  -0.103730   0.431717   0.3124023   0.0014631   0.000095  -0.000049   0.000026   0.000032  0.0000393  0.0000013    0.000103    0.000177
2009   4  11  54932  -0.102314   0.434670   0.3110202   0.0012838   0.000116  -0.000109   0.000026   0.000031  0.0000475  0.0000013    0.000103    0.000177
2009   4  12  54933  -0.100707   0.437157   0.3098566   0.0010382   0.000119  -0.000102   0.000026   0.000031  0.0000535  0.0000013    0.000098    0.000171
2009   4  13  54934  -0.098598   0.439579   0.3089222   0.0008115   0.000121  -0.000033   0.000027   0.000032  0.0000628  0.0000014    0.000059    0.000117
2009   4  14  54935  -0.096519   0.442491   0.3081592   0.0007100   0.000122   0.000066   0.000026   0.000026  0.0000324  0.0000014    0.000059    0.000117
2009   4  15  54936  -0.094112   0.445673   0.3074346   0.0007439   0.000115   0.000154   0.000026   0.000014  0.0000204  0.0000014    0.000059    0.000117
2009   4  16  54937  -0.091428   0.449196   0.3066373   0.0008264   0.000095   0.000188   0.000021   0.000014  0.0000246  0.0000014    0.000062    0.000120
2009   4  17  54938  -0.088983   0.452481   0.3057447   0.0009581   0.000061   0.000151   0.000011   0.000014  0.0000358  0.0000014    0.000070    0.000130
2009   4  18  54939  -0.086859   0.455408   0.3047260   0.0011087   0.000020   0.000066   0.000011   0.000015  0.0000419  0.0000014    0.000071    0.000131
2009   4  19  54940  -0.084862   0.458263   0.3035527   0.0012718  -0.000011  -0.000018   0.000020   0.000026  0.0000428  0.0000014    0.000068    0.000130
2009   4  20  54941  -0.082712   0.460904   0.3021880   0.0014850  -0.000022  -0.000056   0.000021   0.000025  0.0000260  0.0000014    0.000054    0.000127
2009   4  21  54942  -0.080487   0.463552   0.3005883   0.0016973  -0.000008  -0.000039   0.000011   0.000014  0.0000199  0.0000014    0.000054    0.000127
2009   4  22  54943  -0.078535   0.466404   0.2988153   0.0018211   0.000021   0.000023   0.000011   0.000014  0.0000263  0.0000014    0.000054    0.000127
2009   4  23  54944  -0.076957   0.469307   0.2969974   0.0017985   0.000042   0.000098   0.000021   0.000022  0.0000442  0.0000014    0.000074    0.000158
2009   4  24  54945  -0.075931   0.471655   0.2952517   0.0016783   0.000034   0.000145   0.000025   0.000014  0.0000430  0.0000013    0.000082    0.000168
2009   4  25  54946  -0.074998   0.473876   0.2936436   0.0015092  -0.000003   0.000147   0.000025   0.000014  0.0000477  0.0000013    0.000082    0.000168
2009   4  26  54947  -0.073745   0.476210   0.2922314   0.0012956  -0.000040   0.000122   0.000026   0.000025  0.0000476  0.0000013    0.000078    0.000158
2009   4  27  54948  -0.071997   0.478137   0.2910317   0.0011010  -0.000039   0.000115   0.000026   0.000025  0.0000299  0.0000013    0.000062    0.000116
2009   4  28  54949  -0.069797   0.480146   0.2899716   0.0010181   0.000016   0.000149   0.000025   0.000013  0.0000262  0.0000013    0.000062    0.000117
2009   4  29  54950  -0.067647   0.482368   0.2889592   0.0010083   0.000105   0.000210   0.000025   0.000013  0.0000348  0.0000013    0.000066    0.000122
2009   4  30  54951  -0.065220   0.484400   0.2878986   0.0010946   0.000173   0.000252   0.000025   0.000024  0.0000331  0.0000014    0.000085    0.000143
2009   5   1  54952  -0.062346   0.486514   0.2866999   0.0013139   0.000173   0.000238   0.000024   0.000031  0.0000362  0.0000013    0.000087    0.000144
2009   5   2  54953  -0.059569   0.488738   0.2852987   0.0015163   0.000108   0.000181   0.000024   0.000031  0.0000598  0.0000013    0.000087    0.000144
2009   5   3  54954  -0.056761   0.490522   0.2836857   0.0017122   0.000026   0.000129   0.000025   0.000032  0.0000592  0.0000013    0.000113    0.000185
2009   5   4  54955  -0.053878   0.492466   0.2819223   0.0018121  -0.000022   0.000117   0.000025   0.000032  0.0000424  0.0000013    0.000116    0.000190
2009   5   5  54956  -0.051568   0.494372   0.2801313   0.0017567  -0.000009   0.000147   0.000024   0.000032  0.0000431  0.0000013    0.000116    0.000190
2009   5   6  54957  -0.048964   0.495924   0.2784247   0.0016499   0.000046   0.000187   0.000024   0.000032  0.0000437  0.0000013    0.000111    0.000185
2009   5   7  54958  -0.045778   0.497771   0.2768970   0.0014203   0.000092   0.000198   0.000020   0.000032  0.0000283  0.0000013    0.000101    0.000175
2009   5   8  54959  -0.042758   0.499849   0.2756341   0.0011185   0.000087   0.000155   0.000011   0.000033  0.0000316  0.0000013    0.000101    0.000174
2009   5   9  54960  -0.039691   0.502182   0.2746748   0.0008689   0.000033   0.000075   0.000011   0.000034  0.0000466  0.0000013    0.000101    0.000174
2009   5  10  54961  -0.036631   0.504447   0.2739410   0.0006764  -0.000022  -0.000001   0.000020   0.000034  0.0000470  0.0000014    0.000073    0.000095
2009   5  11  54962  -0.033659   0.506166   0.2733204   0.0005517  -0.000021   0.000001   0.000025   0.000026  0.0000205  0.0000014    0.000046    0.000071
2009   5  12  54963  -0.031108   0.507924   0.2727703   0.0005191   0.000040   0.000034   0.000025   0.000014  0.0000154  0.0000014    0.000046    0.000071
2009   5  13  54964  -0.028556   0.509935   0.2722296   0.0005412   0.000134   0.000091   0.000025   0.000014  0.0000196  0.0000014    0.000047    0.000072
2009   5  14  54965  -0.025735   0.511891   0.2716377   0.0006242   0.000204   0.000134   0.000025   0.000021  0.0000323  0.0000014    0.000063    0.000119
2009   5  15  54966  -0.023093   0.513911   0.2709349   0.0007735   0.000206   0.000137   0.000024   0.000014  0.0000240  0.0000013    0.000069    0.000148
2009   5  16  54967  -0.020177   0.515495   0.2700830   0.0009205   0.000140   0.000102   0.000025   0.000014  0.0000351  0.0000013    0.000069    0.000148
2009   5  17  54968  -0.016629   0.516942   0.2690976   0.0010498   0.000060   0.000050   0.000025   0.000025  0.0000603  0.0000013    0.000060    0.000112
2009   5  18  54969  -0.012988   0.518586   0.2679779   0.0012076   0.000049   0.000016   0.000018   0.000023  0.0000220  0.0000012    0.000039    0.000058
2009   5  19  54970  -0.009405   0.520259   0.2666989   0.0013911   0.000087  -0.000006   0.000009   0.000012  0.0000134  0.0000011    0.000038    0.000058
2009   5  20  54971  -0.005980   0.521719   0.2652492   0.0014994   0.000147  -0.000025   0.000009   0.000009  0.0000198  0.0000011    0.000039    0.000058
2009   5  21  54972  -0.002644   0.522752   0.2637579   0.0014612   0.000184  -0.000036   0.000017   0.000011  0.0000375  0.0000011    0.000056    0.000105
2009   5  22  54973   0.000643   0.524072   0.2623687   0.0013177   0.000180  -0.000026   0.000022   0.000022  0.0000323  0.0000011    0.000065    0.000142
2009   5  23  54974   0.003604   0.525375   0.2611614   0.0011395   0.000154   0.000018   0.000024   0.000023  0.0000384  0.0000011    0.000065    0.000142
2009   5  24  54975   0.007018   0.526291   0.2601327   0.0009736   0.000144   0.000087   0.000025   0.000013  0.0000527  0.0000012    0.000065    0.000142
2009   5  25  54976   0.010799   0.527540   0.2592559   0.0008023   0.000165   0.000221   0.000019   0.000013  0.0000558  0.0000012    0.000066    0.000125
2009   5  26  54977   0.013799   0.528854   0.2584996   0.0007102   0.000202   0.000256   0.000010   0.000022  0.0000490  0.0000012    0.000065    0.000124
2009   5  27  54978   0.016532   0.530138   0.2577718   0.0007566   0.000229   0.000202   0.000010   0.000029  0.0000389  0.0000012    0.000065    0.000126
2009   5  28  54979   0.019334   0.531610   0.2569310   0.0009227   0.000195   0.000078   0.000009   0.000030  0.0000451  0.0000012    0.000066    0.000130
2009   5  29  54980   0.021775   0.532742   0.2558835   0.0011772   0.000128  -0.000026   0.000008   0.000030  0.0000424  0.0000013    0.000068    0.000144
2009   5  30  54981   0.024523   0.533408   0.2546045   0.0014033   0.000069  -0.000048   0.000008   0.000030  0.0000486  0.0000012    0.000068    0.000145
2009   5  31  54982   0.027826   0.533775   0.2531635   0.0014722   0.000054   0.000002   0.000010   0.000031  0.0000638  0.0000013    0.000068    0.000145
2009   6   1  54983   0.031511   0.533612   0.2517115   0.0014108   0.000088   0.000045   0.000019   0.000025  0.0000658  0.0000013    0.000052    0.000091
2009   6   2  54984   0.035487   0.533777   0.2503576   0.0013041   0.000139   0.000071   0.000020   0.000014  0.0000407  0.0000014    0.000051    0.000089
2009   6   3  54985   0.039500   0.534472   0.2491594   0.0011132   0.000173   0.000040   0.000011   0.000014  0.0000273  0.0000014    0.000051    0.000089
2009   6   4  54986   0.043752   0.535268   0.2481697   0.0008648   0.000163  -0.000023   0.000011   0.000025  0.0000338  0.0000014    0.000057    0.000099
2009   6   5  54987   0.048038   0.536588   0.2474206   0.0006212   0.000103  -0.000067   0.000020   0.000029  0.0000485  0.0000013    0.000099    0.000160
2009   6   6  54988   0.051770   0.537870   0.2468891   0.0004552   0.000015  -0.000056   0.000027   0.000029  0.0000503  0.0000013    0.000105    0.000168
2009   6   7  54989   0.055209   0.538873   0.2465000   0.0003334  -0.000043  -0.000023   0.000027   0.000032  0.0000558  0.0000014    0.000100    0.000155
2009   6   8  54990   0.058614   0.539541   0.2462238   0.0002420  -0.000034  -0.000001   0.000027   0.000032  0.0000285  0.0000014    0.000080    0.000094
2009   6   9  54991   0.061699   0.540109   0.2459699   0.0002556   0.000031   0.000010   0.000026   0.000031  0.0000181  0.0000013    0.000079    0.000093
2009   6  10  54992   0.064320   0.540576   0.2456581   0.0003410   0.000118   0.000002   0.000011   0.000031  0.0000227  0.0000013    0.000066    0.000086
2009   6  11  54993   0.067485   0.540416   0.2452438   0.0004725   0.000192  -0.000043   0.000010   0.000025  0.0000263  0.0000013    0.000050    0.000072
2009   6  12  54994   0.071073   0.540623   0.2446586   0.0006657   0.000230  -0.000113   0.000010   0.000013  0.0000321  0.0000013    0.000050    0.000072
2009   6  13  54995   0.074689   0.541146   0.2439187   0.0008207   0.000238  -0.000183   0.000011   0.000010  0.0000587  0.0000013    0.000050    0.000072
2009   6  14  54996   0.078522   0.541601   0.2430707   0.0008893   0.000234  -0.000222   0.000019   0.000012  0.0000640  0.0000012    0.000120    0.000183
2009   6  15  54997   0.082196   0.541906   0.2421522   0.0009535   0.000203  -0.000192   0.000016   0.000011  0.0000412  0.0000011    0.000061    0.000117
2009   6  16  54998   0.085577   0.541896   0.2411568   0.0010420   0.000191  -0.000110   0.000008   0.000011  0.0000314  0.0000011    0.000061    0.000117
2009   6  17  54999   0.088573   0.541792   0.2401155   0.0010323   0.000173   0.000001   0.000008   0.000020  0.0000399  0.0000010    0.000061    0.000117
2009   6  18  55000   0.091192   0.541254   0.2391471   0.0008941   0.000142   0.000090   0.000016   0.000026  0.0000428  0.0000011    0.000066    0.000129
2009   6  19  55001   0.094047   0.540716   0.2383410   0.0007231   0.000093   0.000123   0.000021   0.000020  0.0000267  0.0000011    0.000067    0.000132
2009   6  20  55002   0.097213   0.540563   0.2377410   0.0005318   0.000039   0.000094   0.000018   0.000010  0.0000290  0.0000011    0.000067    0.000132
2009   6  21  55003   0.100312   0.540398   0.2373373   0.0003344   0.000012   0.000032   0.000009   0.000009  0.0000508  0.0000011    0.000063    0.000119
2009   6  22  55004   0.103098   0.539894   0.2371083   0.0001648   0.000040  -0.000033   0.000007   0.000012  0.0000383  0.0000012    0.000048    0.000080
2009   6  23  55005   0.105955   0.539139   0.2369930   0.0001089   0.000137  -0.000066   0.000009   0.000023  0.0000275  0.0000012    0.000047    0.000080
2009   6  24  55006   0.109187   0.538501   0.2368074   0.0002116   0.000254  -0.000050   0.000019   0.000029  0.0000335  0.0000012    0.000060    0.000080
2009   6  25  55007   0.112443   0.538012   0.2365164   0.0003913   0.000332  -0.000020   0.000019   0.000029  0.0000459  0.0000012    0.000064    0.000112
2009   6  26  55008   0.115363   0.537635   0.2360325   0.0005682   0.000308  -0.000019   0.000010   0.000023  0.0000438  0.0000012    0.000065    0.000126
2009   6  27  55009   0.118020   0.537310   0.2353692   0.0007162   0.000188  -0.000069   0.000007   0.000012  0.0000535  0.0000012    0.000065    0.000126
2009   6  28  55010   0.120831   0.536740   0.2346269   0.0007544   0.000051  -0.000140   0.000008   0.000010  0.0000645  0.0000013    0.000064    0.000125
2009   6  29  55011   0.123682   0.535969   0.2339324   0.0006331  -0.000001  -0.000161   0.000011   0.000013  0.0000359  0.0000014    0.000066    0.000132
2009   6  30  55012   0.126831   0.534789   0.2333888   0.0004077   0.000047  -0.000114   0.000011   0.000013  0.0000247  0.0000014    0.000066    0.000132
2009   7   1  55013   0.130415   0.533707   0.2330691   0.0001631   0.000162  -0.000013   0.000012   0.000014  0.0000315  0.0000014    0.000070    0.000127
2009   7   2  55014   0.134315   0.532675   0.2330180  -0.0000489   0.000258   0.000092   0.000022   0.000022  0.0000393  0.0000013    0.000082    0.000165
2009   7   3  55015   0.138455   0.531662   0.2331572  -0.0002091   0.000265   0.000153   0.000027   0.000013  0.0000477  0.0000013    0.000083    0.000168
2009   7   4  55016   0.142500   0.531131   0.2334225  -0.0003299   0.000187   0.000146   0.000027   0.000010  0.0000620  0.0000013    0.000083    0.000168
2009   7   5  55017   0.146004   0.530438   0.2337933  -0.0004283   0.000086   0.000080   0.000025   0.000012  0.0000538  0.0000012    0.000058    0.000106
2009   7   6  55018   0.149128   0.529643   0.2342177  -0.0004454   0.000027  -0.000013   0.000019   0.000011  0.0000333  0.0000011    0.000056    0.000103
2009   7   7  55019   0.152127   0.528778   0.2346221  -0.0003867   0.000018  -0.000128   0.000010   0.000012  0.0000227  0.0000011    0.000056    0.000103
2009   7   8  55020   0.154844   0.527714   0.2349389  -0.0002760   0.000066  -0.000221   0.000010   0.000022  0.0000290  0.0000012    0.000075    0.000105
2009   7   9  55021   0.157233   0.526775   0.2351266  -0.0001335   0.000127  -0.000260   0.000019   0.000027  0.0000489  0.0000012    0.000104    0.000178
2009   7  10  55022   0.159873   0.525814   0.2351892  -0.0000138   0.000164  -0.000227   0.000019   0.000023  0.0000436  0.0000012    0.000115    0.000227
2009   7  11  55023   0.162761   0.524983   0.2351179   0.0001423   0.000165  -0.000134   0.000011   0.000013  0.0000511  0.0000013    0.000115    0.000227
2009   7  12  55024   0.165862   0.524230   0.2348945   0.0003018   0.000155  -0.000024   0.000011   0.000013  0.0000614  0.0000014    0.000110    0.000212
2009   7  13  55025   0.169017   0.523477   0.2345864   0.0003191   0.000174   0.000043   0.000021   0.000026  0.0000435  0.0000014    0.000086    0.000155
2009   7  14  55026   0.171964   0.522364   0.2342843   0.0003124   0.000207   0.000051   0.000026   0.000026  0.0000335  0.0000014    0.000086    0.000155
2009   7  15  55027   0.175540   0.521293   0.2339892   0.0002686   0.000211  -0.000001   0.000026   0.000010  0.0000425  0.0000014    0.000102    0.000169
2009   7  16  55028   0.179217   0.520178   0.2337753   0.0001094   0.000224  -0.000043   0.000026   0.000013  0.0000474  0.0000013    0.000129    0.000265
2009   7  17  55029   0.182689   0.518945   0.2337270  -0.0000058   0.000195  -0.000071   0.000021   0.000025  0.0000346  0.0000013    0.000138    0.000315
2009   7  18  55030   0.185919   0.518379   0.2338088  -0.0000985   0.000139  -0.000078   0.000012   0.000032  0.0000387  0.0000014    0.000138    0.000316
2009   7  19  55031   0.188825   0.517403   0.2339512  -0.0001597   0.000100  -0.000077   0.000012   0.000033  0.0000591  0.0000013    0.000138    0.000315
2009   7  20  55032   0.191892   0.516001   0.2340928  -0.0001163   0.000148  -0.000095   0.000021   0.000024  0.0000481  0.0000013    0.000061    0.000115
2009   7  21  55033   0.194965   0.514911   0.2341639  -0.0000166   0.000220  -0.000089   0.000026   0.000012  0.0000264  0.0000013    0.000059    0.000112
2009   7  22  55034   0.197916   0.513651   0.2340936   0.0001463   0.000303  -0.000069   0.000027   0.000010  0.0000192  0.0000013    0.000059    0.000112
2009   7  23  55035   0.200669   0.512275   0.2338078   0.0003692   0.000327  -0.000021   0.000027   0.000012  0.0000282  0.0000013    0.000066    0.000124
2009   7  24  55036   0.203103   0.510680   0.2332872   0.0006081   0.000286   0.000006   0.000021   0.000025  0.0000395  0.0000013    0.000100    0.000201
2009   7  25  55037   0.205414   0.508853   0.2325774   0.0007680   0.000208  -0.000021   0.000011   0.000031  0.0000432  0.0000013    0.000104    0.000211
2009   7  26  55038   0.207819   0.506944   0.2318151   0.0007456   0.000152  -0.000091   0.000011   0.000024  0.0000588  0.0000013    0.000105    0.000200
2009   7  27  55039   0.210574   0.504848   0.2311163   0.0006409   0.000167  -0.000180   0.000020   0.000012  0.0000432  0.0000013    0.000167    0.000163
2009   7  28  55040   0.213249   0.502838   0.2305573   0.0004657   0.000242  -0.000199   0.000025   0.000012  0.0000357  0.0000013    0.000167    0.000163
2009   7  29  55041   0.215574   0.500319   0.2302320   0.0001994   0.000321  -0.000160   0.000020   0.000020  0.0000410  0.0000013    0.000164    0.000163
2009   7  30  55042   0.217599   0.497905   0.2301558  -0.0000387   0.000353  -0.000084   0.000010   0.000013  0.0000466  0.0000013    0.000083    0.000120
2009   7  31  55043   0.219518   0.495610   0.2303013  -0.0002034   0.000321  -0.000019   0.000008   0.000012  0.0000403  0.0000013    0.000077    0.000115
2009   8   1  55044   0.221758   0.493021   0.2305808  -0.0003100   0.000254  -0.000005   0.000008   0.000011  0.0000477  0.0000013    0.000077    0.000115
2009   8   2  55045   0.223954   0.490410   0.2309277  -0.0003284   0.000214  -0.000056   0.000008   0.000009  0.0000641  0.0000013    0.000079    0.000121
2009   8   3  55046   0.225925   0.487700   0.2312186  -0.0002438   0.000300  -0.000138   0.000010   0.000012  0.0000466  0.0000013    0.000099    0.000248
2009   8   4  55047   0.227931   0.485078   0.2313929  -0.0001233   0.000347  -0.000231   0.000019   0.000023  0.0000360  0.0000013    0.000099    0.000249
2009   8   5  55048   0.230016   0.482445   0.2314601   0.0000119   0.000321  -0.000291   0.000025   0.000028  0.0000441  0.0000013    0.000098    0.000240
2009   8   6  55049   0.232017   0.480026   0.2313619   0.0001914   0.000267  -0.000273   0.000025   0.000029  0.0000477  0.0000013    0.000061    0.000095
2009   8   7  55050   0.234200   0.477646   0.2310531   0.0003821   0.000234  -0.000175   0.000025   0.000023  0.0000321  0.0000013    0.000057    0.000087
2009   8   8  55051   0.236326   0.475395   0.2305975   0.0005309   0.000258  -0.000034   0.000026   0.000013  0.0000378  0.0000012    0.000057    0.000087
2009   8   9  55052   0.238357   0.473239   0.2300194   0.0006265   0.000339   0.000089   0.000026   0.000013  0.0000536  0.0000013    0.000060    0.000092
2009   8  10  55053   0.240408   0.470806   0.2293569   0.0006552   0.000436   0.000131   0.000019   0.000024  0.0000473  0.0000014    0.000084    0.000199
2009   8  11  55054   0.242391   0.468335   0.2287055   0.0006067   0.000424   0.000089   0.000010   0.000023  0.0000480  0.0000014    0.000084    0.000200
2009   8  12  55055   0.244464   0.465767   0.2281561   0.0004706   0.000300  -0.000025   0.000010   0.000012  0.0000635  0.0000013    0.000096    0.000188
2009   8  13  55056   0.246667   0.463384   0.2277777   0.0002678   0.000094  -0.000121   0.000016   0.000009  0.0000521  0.0000013    0.000136    0.000207
2009   8  14  55057   0.248501   0.461388   0.2275965   0.0000952  -0.000061  -0.000162   0.000010   0.000009  0.0000350  0.0000013    0.000154    0.000211
2009   8  15  55058   0.249909   0.459232   0.2275889  -0.0000420  -0.000077  -0.000138   0.000010   0.000009  0.0000419  0.0000013    0.000154    0.000211
2009   8  16  55059   0.251481   0.456909   0.2276695  -0.0001019   0.000046  -0.000091   0.000012   0.000009  0.0000609  0.0000014    0.000157    0.000195
2009   8  17  55060   0.252852   0.454470   0.2277297   0.0000031   0.000164  -0.000101   0.000012   0.000010  0.0000518  0.0000014    0.000102    0.000151
2009   8  18  55061   0.253966   0.452086   0.2276236   0.0002466   0.000272  -0.000144   0.000010   0.000013  0.0000395  0.0000014    0.000102    0.000151
2009   8  19  55062   0.254992   0.449682   0.2272242   0.0005228   0.000282  -0.000204   0.000008   0.000025  0.0000478  0.0000014    0.000102    0.000151
2009   8  20  55063   0.256192   0.447185   0.2265611   0.0007520   0.000201  -0.000226   0.000011   0.000033  0.0000625  0.0000014    0.000130    0.000164
2009   8  21  55064   0.257970   0.444825   0.2256710   0.0009399   0.000079  -0.000169   0.000021   0.000034  0.0000481  0.0000014    0.000140    0.000168
2009   8  22  55065   0.259748   0.442591   0.2246673   0.0010052  -0.000018  -0.000054   0.000021   0.000034  0.0000472  0.0000014    0.000140    0.000168
2009   8  23  55066   0.260850   0.440424   0.2237220   0.0008794  -0.000038   0.000045   0.000011   0.000033  0.0000619  0.0000014    0.000128    0.000163
2009   8  24  55067   0.261895   0.438103   0.2229074   0.0006836   0.000031   0.000037   0.000011   0.000025  0.0000443  0.0000014    0.000090    0.000140
2009   8  25  55068   0.263050   0.435889   0.2223059   0.0004791   0.000162  -0.000073   0.000020   0.000013  0.0000384  0.0000014    0.000090    0.000140
2009   8  26  55069   0.264228   0.433621   0.2219266   0.0002836   0.000297  -0.000224   0.000020   0.000013  0.0000519  0.0000014    0.000079    0.000140
2009   8  27  55070   0.265360   0.431237   0.2217221   0.0001285   0.000360  -0.000312   0.000010   0.000025  0.0000638  0.0000013    0.000162    0.000209
2009   8  28  55071   0.266404   0.428807   0.2216320   0.0000467   0.000339  -0.000279   0.000008   0.000032  0.0000589  0.0000013    0.000300    0.000245
2009   8  29  55072   0.267570   0.426252   0.2215747   0.0000482   0.000271  -0.000148   0.000010   0.000032  0.0000661  0.0000013    0.000302    0.000245
2009   8  30  55073   0.268849   0.423614   0.2215041   0.0000938   0.000225  -0.000023   0.000020   0.000025  0.0000706  0.0000013    0.000188    0.000230
2009   8  31  55074   0.269851   0.420873   0.2213814   0.0001680   0.000262  -0.000032   0.000025   0.000013  0.0000405  0.0000013    0.000080    0.000167
2009   9   1  55075   0.270466   0.418052   0.2211614   0.0002888   0.000328  -0.000149   0.000020   0.000010  0.0000269  0.0000013    0.000080    0.000167
2009   9   2  55076   0.270889   0.414940   0.2207808   0.0004618   0.000371  -0.000301   0.000011   0.000012  0.0000349  0.0000013    0.000080    0.000167
2009   9   3  55077   0.271351   0.411780   0.2202247   0.0006440   0.000352  -0.000400   0.000008   0.000012  0.0000561  0.0000013    0.000125    0.000144
2009   9   4  55078   0.272111   0.408907   0.2194980   0.0008154   0.000277  -0.000395   0.000011   0.000010  0.0000434  0.0000013    0.000149    0.000140
2009   9   5  55079   0.272730   0.406322   0.2186240   0.0009373   0.000187  -0.000302   0.000021   0.000012  0.0000480  0.0000013    0.000149    0.000140
2009   9   6  55080   0.272783   0.403643   0.2176694   0.0009842   0.000134  -0.000193   0.000027   0.000013  0.0000561  0.0000013    0.000149    0.000140
2009   9   7  55081   0.272470   0.400677   0.2167268   0.0009278   0.000157  -0.000153   0.000021   0.000010  0.0000555  0.0000014    0.000057    0.000092
2009   9   8  55082   0.272314   0.397533   0.2158642   0.0007935   0.000206  -0.000166   0.000010   0.000013  0.0000339  0.0000014    0.000055    0.000090
2009   9   9  55083   0.272149   0.394592   0.2151560   0.0006181   0.000247  -0.000218   0.000008   0.000025  0.0000234  0.0000014    0.000055    0.000090
2009   9  10  55084   0.271857   0.391833   0.2146383   0.0004424   0.000238  -0.000248   0.000008   0.000025  0.0000284  0.0000014    0.000061    0.000099
2009   9  11  55085   0.271503   0.389045   0.2142894   0.0003048   0.000187  -0.000238   0.000008   0.000014  0.0000378  0.0000014    0.000099    0.000140
2009   9  12  55086   0.271582   0.385955   0.2140299   0.0002674   0.000130  -0.000194   0.000010   0.000014  0.0000421  0.0000014    0.000104    0.000144
2009   9  13  55087   0.271955   0.382833   0.2137372   0.0003585   0.000101  -0.000149   0.000011   0.000026  0.0000581  0.0000014    0.000088    0.000133
2009   9  14  55088   0.272480   0.379813   0.2133058   0.0005339   0.000118  -0.000138   0.000011   0.000025  0.0000360  0.0000014    0.000052    0.000093
2009   9  15  55089   0.273176   0.376621   0.2126827   0.0007438   0.000161  -0.000131   0.000010   0.000013  0.0000248  0.0000014    0.000052    0.000093
2009   9  16  55090   0.274166   0.373717   0.2118068   0.0009983   0.000195  -0.000116   0.000010   0.000013  0.0000324  0.0000014    0.000052    0.000093
2009   9  17  55091   0.275183   0.371097   0.2106605   0.0012581   0.000183  -0.000096   0.000011   0.000021  0.0000534  0.0000014    0.000098    0.000198
2009   9  18  55092   0.275601   0.368447   0.2093297   0.0013590   0.000118  -0.000090   0.000008   0.000013  0.0000405  0.0000014    0.000141    0.000369
2009   9  19  55093   0.275535   0.365858   0.2079719   0.0013176   0.000030  -0.000121   0.000008   0.000010  0.0000429  0.0000014    0.000141    0.000370
2009   9  20  55094   0.274901   0.363332   0.2067043   0.0011887  -0.000021  -0.000184   0.000008   0.000010  0.0000575  0.0000014    0.000128    0.000292
2009   9  21  55095   0.274069   0.360607   0.2056194   0.0009374   0.000080  -0.000226   0.000008   0.000013  0.0000452  0.0000015    0.000078    0.000157
2009   9  22  55096   0.273420   0.357648   0.2048252   0.0006419   0.000173  -0.000249   0.000008   0.000013  0.0000393  0.0000015    0.000078    0.000157
2009   9  23  55097   0.272754   0.354594   0.2042898   0.0004405   0.000209  -0.000233   0.000008   0.000010  0.0000518  0.0000016    0.000088    0.000180
2009   9  24  55098   0.271977   0.351418   0.2039116   0.0003389   0.000225  -0.000167   0.000008   0.000010  0.0000483  0.0000016    0.000127    0.000255
2009   9  25  55099   0.271179   0.348046   0.2036108   0.0002898   0.000277  -0.000065   0.000008   0.000013  0.0000299  0.0000015    0.000099    0.000156
2009   9  26  55100   0.270256   0.345106   0.2033421   0.0002725   0.000264   0.000022   0.000011   0.000013  0.0000352  0.0000014    0.000088    0.000130
2009   9  27  55101   0.269120   0.342044   0.2030629   0.0003038   0.000169   0.000037   0.000019   0.000011  0.0000491  0.0000014    0.000083    0.000126
2009   9  28  55102   0.268266   0.339026   0.2026874   0.0004688   0.000102  -0.000027   0.000011   0.000010  0.0000291  0.0000014    0.000068    0.000116
2009   9  29  55103   0.267556   0.336716   0.2020980   0.0007186   0.000071  -0.000155   0.000009   0.000011  0.0000187  0.0000015    0.000068    0.000116
2009   9  30  55104   0.266532   0.334179   0.2012313   0.0009820   0.000117  -0.000276   0.000008   0.000013  0.0000239  0.0000015    0.000068    0.000116
2009  10   1  55105   0.265627   0.331396   0.2001257   0.0011855   0.000199  -0.000327   0.000008   0.000012  0.0000459  0.0000015    0.000088    0.000173
2009  10   2  55106   0.265018   0.328470   0.1988894   0.0012597   0.000245  -0.000280   0.000008   0.000010  0.0000378  0.0000014    0.000094    0.000200
2009  10   3  55107   0.264643   0.325718   0.1976031   0.0012985   0.000221  -0.000172   0.000008   0.000010  0.0000378  0.0000014    0.000094    0.000200
2009  10   4  55108   0.264197   0.323052   0.1962730   0.0013171   0.000160  -0.000079   0.000011   0.000010  0.0000527  0.0000014    0.000093    0.000208
2009  10   5  55109   0.263687   0.320434   0.1950065   0.0012073   0.000192  -0.000069   0.000018   0.000010  0.0000510  0.0000014    0.000093    0.000312
2009  10   6  55110   0.263129   0.317934   0.1939067   0.0010091   0.000172  -0.000155   0.000010   0.000010  0.0000423  0.0000014    0.000101    0.000342
2009  10   7  55111   0.262406   0.315614   0.1929687   0.0008403   0.000093  -0.000292   0.000008   0.000010  0.0000458  0.0000014    0.000147    0.000503
2009  10   8  55112   0.261931   0.313435   0.1922078   0.0007001   0.000093  -0.000350   0.000008   0.000010  0.0000419  0.0000014    0.000144    0.000346
2009  10   9  55113   0.261976   0.311007   0.1915874   0.0006125   0.000174  -0.000288   0.000008   0.000013  0.0000284  0.0000014    0.000082    0.000184
2009  10  10  55114   0.261770   0.308585   0.1909997   0.0005905   0.000240  -0.000171   0.000008   0.000026  0.0000349  0.0000013    0.000080    0.000180
2009  10  11  55115   0.261087   0.306042   0.1903863   0.0006535   0.000267  -0.000082   0.000008   0.000032  0.0000551  0.0000013    0.000080    0.000180
2009  10  12  55116   0.260106   0.303696   0.1896804   0.0008260   0.000304  -0.000068   0.000008   0.000032  0.0000438  0.0000014    0.000064    0.000134
2009  10  13  55117   0.258819   0.301437   0.1887434   0.0010752   0.000266  -0.000139   0.000010   0.000032  0.0000331  0.0000014    0.000063    0.000132
2009  10  14  55118   0.257114   0.299177   0.1875469   0.0012940   0.000210  -0.000248   0.000010   0.000031  0.0000255  0.0000014    0.000063    0.000132
2009  10  15  55119   0.254926   0.296260   0.1861589   0.0014271   0.000147  -0.000324   0.000008   0.000025  0.0000298  0.0000014    0.000067    0.000140
2009  10  16  55120   0.253523   0.293107   0.1846774   0.0014862   0.000105  -0.000299   0.000008   0.000013  0.0000283  0.0000014    0.000082    0.000172
2009  10  17  55121   0.252758   0.290588   0.1832093   0.0014288   0.000094  -0.000167   0.000008   0.000010  0.0000313  0.0000013    0.000084    0.000175
2009  10  18  55122   0.251873   0.288031   0.1818805   0.0012218   0.000125  -0.000011   0.000010   0.000010  0.0000515  0.0000014    0.000088    0.000186
2009  10  19  55123   0.250923   0.285609   0.1807778   0.0009705   0.000205   0.000022   0.000011   0.000010  0.0000527  0.0000014    0.000150    0.000351
2009  10  20  55124   0.249993   0.283480   0.1798922   0.0007848   0.000283  -0.000052   0.000012   0.000010  0.0000458  0.0000014    0.000150    0.000353
2009  10  21  55125   0.249051   0.281582   0.1791810   0.0006431   0.000324  -0.000199   0.000022   0.000010  0.0000452  0.0000015    0.000150    0.000349
2009  10  22  55126   0.247970   0.279314   0.1785809   0.0005729   0.000300  -0.000323   0.000022   0.000012  0.0000483  0.0000015    0.000131    0.000222
2009  10  23  55127   0.247269   0.276702   0.1780241   0.0005578   0.000216  -0.000344   0.000011   0.000013  0.0000413  0.0000015    0.000128    0.000209
2009  10  24  55128   0.246094   0.273996   0.1774895   0.0005430   0.000107  -0.000260   0.000008   0.000011  0.0000483  0.0000015    0.000128    0.000209
2009  10  25  55129   0.244738   0.271092   0.1769323   0.0006280   0.000021  -0.000150   0.000009   0.000011  0.0000589  0.0000015    0.000111    0.000180
2009  10  26  55130   0.243947   0.268855   0.1762274   0.0008076  -0.000013  -0.000115   0.000012   0.000011  0.0000278  0.0000015    0.000067    0.000109
2009  10  27  55131   0.242991   0.266693   0.1753319   0.0009885   0.000013  -0.000141   0.000019   0.000015  0.0000179  0.0000015    0.000067    0.000109
2009  10  28  55132   0.241789   0.264315   0.1742660   0.0011354   0.000063  -0.000201   0.000012   0.000024  0.0000232  0.0000014    0.000067    0.000109
2009  10  29  55133   0.240659   0.262263   0.1730897   0.0012078   0.000095  -0.000241   0.000011   0.000015  0.0000406  0.0000014    0.000097    0.000143
2009  10  30  55134   0.239398   0.259831   0.1718481   0.0012541   0.000082  -0.000226   0.000011   0.000014  0.0000306  0.0000015    0.000110    0.000155
2009  10  31  55135   0.237660   0.257665   0.1705715   0.0012901   0.000032  -0.000178   0.000009   0.000014  0.0000342  0.0000015    0.000110    0.000155
2009  11   1  55136   0.235624   0.255753   0.1693252   0.0011781  -0.000012  -0.000161   0.000009   0.000011  0.0000482  0.0000014    0.000103    0.000155
2009  11   2  55137   0.234512   0.253433   0.1681899   0.0010419   0.000006  -0.000249   0.000009   0.000010  0.0000336  0.0000014    0.000076    0.000150
2009  11   3  55138   0.234369   0.251688   0.1672155   0.0009265   0.000080  -0.000366   0.000009   0.000010  0.0000226  0.0000015    0.000076    0.000150
2009  11   4  55139   0.233965   0.250172   0.1663927   0.0007567   0.000173  -0.000454   0.000011   0.000010  0.0000261  0.0000015    0.000076    0.000150
2009  11   5  55140   0.233275   0.248329   0.1656782   0.0006703   0.000223  -0.000457   0.000018   0.000011  0.0000355  0.0000015    0.000077    0.000142
2009  11   6  55141   0.231979   0.246321   0.1650247   0.0006795   0.000189  -0.000375   0.000011   0.000014  0.0000242  0.0000015    0.000077    0.000141
2009  11   7  55142   0.229701   0.243787   0.1643591   0.0007282   0.000085  -0.000263   0.000009   0.000014  0.0000287  0.0000015    0.000077    0.000141
2009  11   8  55143   0.227153   0.241138   0.1636044   0.0008312  -0.000023  -0.000195   0.000009   0.000011  0.0000385  0.0000015    0.000080    0.000148
2009  11   9  55144   0.224919   0.238715   0.1627109   0.0009741  -0.000030  -0.000219   0.000012   0.000012  0.0000360  0.0000016    0.000098    0.000153
2009  11  10  55145   0.222861   0.236482   0.1616785   0.0011428   0.000013  -0.000272   0.000012   0.000015  0.0000325  0.0000016    0.000098    0.000153
2009  11  11  55146   0.220589   0.234441   0.1604443   0.0012815   0.000082  -0.000310   0.000010   0.000015  0.0000361  0.0000016    0.000106    0.000191
2009  11  12  55147   0.218075   0.232326   0.1591099   0.0013410   0.000130  -0.000281   0.000010   0.000012  0.0000417  0.0000016    0.000237    0.000390
2009  11  13  55148   0.215648   0.230299   0.1578028   0.0012862   0.000140  -0.000195   0.000010   0.000012  0.0000398  0.0000016    0.000172    0.000279
2009  11  14  55149   0.212895   0.228421   0.1566526   0.0010728   0.000133  -0.000104   0.000014   0.000011  0.0000391  0.0000016    0.000138    0.000225
2009  11  15  55150   0.209651   0.226717   0.1557107   0.0008374   0.000133  -0.000070   0.000026   0.000012  0.0000428  0.0000016    0.000111    0.000193
2009  11  16  55151   0.206225   0.225217   0.1549674   0.0006414   0.000140  -0.000129   0.000025   0.000012  0.0000270  0.0000016    0.000082    0.000137
2009  11  17  55152   0.203185   0.223797   0.1544057   0.0005036   0.000083  -0.000227   0.000013   0.000015  0.0000179  0.0000016    0.000082    0.000136
2009  11  18  55153   0.200539   0.222414   0.1539348   0.0004323  -0.000027  -0.000310   0.000013   0.000015  0.0000226  0.0000017    0.000082    0.000137
2009  11  19  55154   0.198028   0.221004   0.1535405   0.0003457  -0.000106  -0.000335   0.000014   0.000012  0.0000457  0.0000017    0.000159    0.000231
2009  11  20  55155   0.195725   0.219474   0.1531970   0.0003617  -0.000059  -0.000311   0.000014   0.000012  0.0000474  0.0000017    0.000241    0.000294
2009  11  21  55156   0.193553   0.218131   0.1527786   0.0005200   0.000122  -0.000279   0.000015   0.000012  0.0000465  0.0000016    0.000242    0.000295
2009  11  22  55157   0.191470   0.216818   0.1521625   0.0007286   0.000312  -0.000283   0.000015   0.000012  0.0000470  0.0000015    0.000166    0.000245
2009  11  23  55158   0.189666   0.215380   0.1513066   0.0009303   0.000331  -0.000324   0.000021   0.000014  0.0000355  0.0000014    0.000079    0.000142
2009  11  24  55159   0.187807   0.214059   0.1502890   0.0010664   0.000154  -0.000348   0.000013   0.000014  0.0000263  0.0000014    0.000086    0.000152
2009  11  25  55160   0.185852   0.212923   0.1491477   0.0011815  -0.000172  -0.000319   0.000012   0.000014  0.0000321  0.0000014    0.000127    0.000212
2009  11  26  55161   0.183566   0.212472   0.1478980   0.0012854  -0.000490  -0.000247   0.000012   0.000013  0.0000561  0.0000015    0.000281    0.000342
2009  11  27  55162   0.180905   0.212040   0.1465624   0.0013482  -0.000668  -0.000163   0.000011   0.000011  0.0000715  0.0000015    0.000537    0.000407
2009  11  28  55163   0.177988   0.211106   0.1452134   0.0013085  -0.000681  -0.000098   0.000011   0.000011  0.0000614  0.0000015    0.000212    0.000323
2009  11  29  55164   0.174951   0.210174   0.1439510   0.0011803  -0.000564  -0.000086   0.000009   0.000011  0.0000419  0.0000015    0.000052    0.000115
2009  11  30  55165   0.172164   0.209543   0.1428394   0.0010009  -0.000384  -0.000158   0.000008   0.000010  0.0000229  0.0000014    0.000052    0.000115
2009  12   1  55166   0.168826   0.208827   0.1419477   0.0007947  -0.000152  -0.000209   0.000010   0.000010  0.0000161  0.0000014    0.000052    0.000115
2009  12   2  55167   0.165160   0.207714   0.1412393   0.0006546   0.000043  -0.000210   0.000010   0.000010  0.0000208  0.0000014    0.000053    0.000115
2009  12   3  55168   0.161806   0.206279   0.1406037   0.0006333   0.000157  -0.000173   0.000008   0.000013  0.0000420  0.0000014    0.000086    0.000181
2009  12   4  55169   0.158953   0.204810   0.1399429   0.0007365   0.000184  -0.000150   0.000010   0.000013  0.0000437  0.0000013    0.000107    0.000216
2009  12   5  55170   0.156627   0.203392   0.1391732   0.0008854   0.000153  -0.000184   0.000019   0.000011  0.0000395  0.0000014    0.000107    0.000217
2009  12   6  55171   0.154426   0.202192   0.1382419   0.0010341   0.000104  -0.000266   0.000014   0.000011  0.0000348  0.0000015    0.000090    0.000174
2009  12   7  55172   0.152201   0.201316   0.1371264   0.0012171   0.000061  -0.000234   0.000014   0.000012  0.0000248  0.0000016    0.000054    0.000111
2009  12   8  55173   0.149659   0.200610   0.1358335   0.0013645   0.000072  -0.000283   0.000013   0.000012  0.0000179  0.0000017    0.000054    0.000111
2009  12   9  55174   0.147229   0.199698   0.1344071   0.0014225   0.000118  -0.000312   0.000013   0.000012  0.0000238  0.0000017    0.000054    0.000111
2009  12  10  55175   0.145071   0.198654   0.1330066   0.0013542   0.000148  -0.000286   0.000013   0.000012  0.0000393  0.0000017    0.000081    0.000149
2009  12  11  55176   0.142597   0.197765   0.1317627   0.0011552   0.000127  -0.000200   0.000013   0.000012  0.0000290  0.0000017    0.000094    0.000163
2009  12  12  55177   0.140247   0.196839   0.1307325   0.0009191   0.000076  -0.000122   0.000022   0.000012  0.0000308  0.0000017    0.000094    0.000163
2009  12  13  55178   0.138330   0.196219   0.1298972   0.0007621   0.000047  -0.000138   0.000015   0.000012  0.0000372  0.0000016    0.000091    0.000167
2009  12  14  55179   0.136166   0.196026   0.1291983   0.0006486   0.000027  -0.000238   0.000014   0.000012  0.0000370  0.0000016    0.000042    0.000070
2009  12  15  55180   0.133235   0.195686   0.1285928   0.0005614   0.000027  -0.000287   0.000013   0.000012  0.0000381  0.0000016    0.000042    0.000070
2009  12  16  55181   0.130465   0.195209   0.1280177   0.0005781   0.000035  -0.000250   0.000013   0.000012  0.0000448  0.0000016    0.000042    0.000071
2009  12  17  55182   0.127844   0.194714   0.1274134   0.0006338   0.000049  -0.000155   0.000013   0.000013  0.0000481  0.0000016    0.000083    0.000141
2009  12  18  55183   0.125368   0.194073   0.1267537   0.0007036   0.000061  -0.000083   0.000011   0.000013  0.0000614  0.0000016    0.000131    0.000228
2009  12  19  55184   0.123387   0.193721   0.1260165   0.0008211   0.000066  -0.000103   0.000014   0.000013  0.0000489  0.0000016    0.000132    0.000228
2009  12  20  55185   0.121726   0.193707   0.1251296   0.0009926   0.000063  -0.000203   0.000022   0.000013  0.0000386  0.0000016    0.000100    0.000186
2009  12  21  55186   0.120027   0.193626   0.1240639   0.0011412   0.000036  -0.000306   0.000012   0.000012  0.0000282  0.0000016    0.000052    0.000090
2009  12  22  55187   0.118087   0.193266   0.1228472   0.0012649   0.000057  -0.000327   0.000009   0.000015  0.0000195  0.0000015    0.000054    0.000095
2009  12  23  55188   0.115990   0.192969   0.1215294   0.0013305   0.000088  -0.000242   0.000009   0.000015  0.0000241  0.0000015    0.000060    0.000119
2009  12  24  55189   0.113848   0.192554   0.1201995   0.0012821   0.000057  -0.000144   0.000009   0.000015  0.0000461  0.0000014    0.000077    0.000150
2009  12  25  55190   0.112055   0.192112   0.1189618   0.0012176  -0.000062  -0.000109   0.000010   0.000016  0.0000687  0.0000015    0.000082    0.000158
2009  12  26  55191   0.110388   0.191913   0.1178151   0.0010965  -0.000220  -0.000143   0.000012   0.000016  0.0000570  0.0000015    0.000082    0.000156
2009  12  27  55192   0.108640   0.191827   0.1167822   0.0009447  -0.000327  -0.000206   0.000013   0.000016  0.0000512  0.0000016    0.000079    0.000116
2009  12  28  55193   0.106775   0.191897   0.1159200   0.0007603  -0.000281  -0.000252   0.000011   0.000013  0.0000366  0.0000016    0.000066    0.000110
2009  12  29  55194   0.104823   0.191947   0.1152871   0.0005221  -0.000141  -0.000199   0.000010   0.000012  0.0000257  0.0000016    0.000069    0.000116
2009  12  30  55195   0.102778   0.192071   0.1148624   0.0003703   0.000058  -0.000057   0.000010   0.000013  0.0000410  0.0000016    0.000090    0.000154
2009  12  31  55196   0.100697   0.192310   0.1145010   0.0004012   0.000204   0.000137   0.000010   0.000013  0.0000971  0.0000017    0.000102    0.000196
