

                   INTERNATIONAL EARTH ROTATION SERVICE
                        EARTH ROTATION PARAMETERS
                          EOP (IERS) C04

  
             FORMAT(3(I4),I7,2(F11.6),2(F12.7),2(F12.6),2(F11.6),2(F12.7),2F12.6)
**********************************************************************************
  
      Date      MJD      x          y        UT1-UTC       LOD         dX        dY        x Err     y Err   UT1-UTC Err  Lod Err     dY Err       dY Err  
                         "          "           s           s          "         "           "          "          s         s            "           "
     (0h UTC)

1997   1   1  50449  -0.023193   0.095413  -0.1109748   0.0019930   0.000072  -0.000055   0.000118   0.000232  0.0000230  0.0000087    0.000095    0.000063
1997   1   2  50450  -0.026761   0.095843  -0.1129857   0.0020051   0.000009  -0.000172   0.000155   0.000319  0.0000792  0.0000092    0.000095    0.000063
1997   1   3  50451  -0.030304   0.096621  -0.1150701   0.0019781  -0.000031  -0.000284   0.000328   0.000352  0.0002167  0.0000121    0.000095    0.000063
1997   1   4  50452  -0.033671   0.097780  -0.1170846   0.0019399  -0.000035  -0.000366   0.000414   0.000436  0.0001457  0.0000219    0.000094    0.000063
1997   1   5  50453  -0.036930   0.099300  -0.1189221   0.0018989   0.000002  -0.000398   0.000402   0.000427  0.0001101  0.0000213    0.000078    0.000049
1997   1   6  50454  -0.040389   0.100882  -0.1208045   0.0018591   0.000070  -0.000370   0.000408   0.000322  0.0001123  0.0000113    0.000078    0.000049
1997   1   7  50455  -0.043956   0.102224  -0.1226818   0.0018451   0.000151  -0.000289   0.000255   0.000277  0.0000456  0.0000086    0.000079    0.000049
1997   1   8  50456  -0.047450   0.103484  -0.1245132   0.0018650   0.000221  -0.000169   0.000123   0.000198  0.0000203  0.0000086    0.000082    0.000050
1997   1   9  50457  -0.050403   0.104713  -0.1263883   0.0019192   0.000268  -0.000019   0.000110   0.000170  0.0000155  0.0000114    0.000094    0.000052
1997   1  10  50458  -0.053088   0.106017  -0.1283619   0.0020109   0.000232   0.000014   0.000107   0.000199  0.0000171  0.0000193    0.000083    0.000052
1997   1  11  50459  -0.055993   0.107296  -0.1304384   0.0021053   0.000103  -0.000033   0.000092   0.000229  0.0000257  0.0000120    0.000072    0.000054
1997   1  12  50460  -0.058985   0.108351  -0.1325923   0.0021798  -0.000077  -0.000066   0.000087   0.000162  0.0000273  0.0000089    0.000078    0.000060
1997   1  13  50461  -0.061767   0.109508  -0.1347997   0.0022445  -0.000176  -0.000065   0.000086   0.000128  0.0000446  0.0000084    0.000080    0.000062
1997   1  14  50462  -0.064106   0.110862  -0.1370310   0.0022401  -0.000174  -0.000032   0.000079   0.000122  0.0000244  0.0000081    0.000070    0.000040
1997   1  15  50463  -0.066086   0.112510  -0.1392424   0.0021443  -0.000069   0.000026   0.000070   0.000118  0.0000117  0.0000082    0.000070    0.000039
1997   1  16  50464  -0.068005   0.114423  -0.1413534   0.0020317   0.000116   0.000057   0.000074   0.000117  0.0000150  0.0000089    0.000070    0.000039
1997   1  17  50465  -0.069930   0.116385  -0.1433589   0.0018991   0.000337   0.000067   0.000081   0.000121  0.0000462  0.0000098    0.000070    0.000039
1997   1  18  50466  -0.071958   0.118252  -0.1452109   0.0017215   0.000536   0.000066   0.000085   0.000133  0.0001333  0.0000130    0.000070    0.000039
1997   1  19  50467  -0.074165   0.120314  -0.1468348   0.0015711   0.000660   0.000055   0.000101   0.000154  0.0001728  0.0000225    0.000065    0.000047
1997   1  20  50468  -0.076674   0.122644  -0.1483738   0.0014795   0.000673   0.000042   0.000107   0.000167  0.0000653  0.0000146    0.000065    0.000047
1997   1  21  50469  -0.079594   0.124492  -0.1498366   0.0014326   0.000563   0.000032   0.000096   0.000176  0.0000274  0.0000115    0.000066    0.000047
1997   1  22  50470  -0.082274   0.126436  -0.1512214   0.0014232   0.000346   0.000032   0.000087   0.000188  0.0000135  0.0000122    0.000069    0.000049
1997   1  23  50471  -0.084827   0.128825  -0.1526400   0.0014625   0.000055   0.000044   0.000076   0.000142  0.0000091  0.0000131    0.000082    0.000054
1997   1  24  50472  -0.087622   0.130560  -0.1541308   0.0015045  -0.000176   0.000056   0.000078   0.000131  0.0000111  0.0000136    0.000098    0.000058
1997   1  25  50473  -0.090518   0.132268  -0.1556346   0.0015226  -0.000284   0.000062   0.000086   0.000145  0.0000353  0.0000178    0.000102    0.000059
1997   1  26  50474  -0.093647   0.134079  -0.1571441   0.0015765  -0.000275   0.000057   0.000079   0.000133  0.0000554  0.0000341    0.000095    0.000055
1997   1  27  50475  -0.096825   0.135707  -0.1586944   0.0016339  -0.000177   0.000036   0.000085   0.000116  0.0000484  0.0000431    0.000046    0.000028
1997   1  28  50476  -0.099841   0.137581  -0.1603543   0.0016667  -0.000036  -0.000001   0.000094   0.000104  0.0000201  0.0000346    0.000046    0.000028
1997   1  29  50477  -0.102814   0.139468  -0.1620296   0.0016507   0.000093  -0.000051   0.000058   0.000095  0.0000107  0.0000188    0.000046    0.000028
1997   1  30  50478  -0.105661   0.141166  -0.1636109   0.0015746   0.000136  -0.000109   0.000050   0.000095  0.0000093  0.0000186    0.000039    0.000025
1997   1  31  50479  -0.108274   0.143381  -0.1651630   0.0015042   0.000123  -0.000161   0.000045   0.000083  0.0000065  0.0000276    0.000026    0.000019
1997   2   1  50480  -0.111275   0.145681  -0.1666622   0.0014110   0.000080  -0.000184   0.000048   0.000096  0.0000063  0.0000161    0.000025    0.000019
1997   2   2  50481  -0.114535   0.147724  -0.1680466   0.0013020   0.000027  -0.000175   0.000076   0.000199  0.0000147  0.0000120    0.000027    0.000020
1997   2   3  50482  -0.117429   0.149901  -0.1693235   0.0012521  -0.000020  -0.000151   0.000112   0.000247  0.0000145  0.0000111    0.000127    0.000080
1997   2   4  50483  -0.120033   0.152186  -0.1705848   0.0012745  -0.000045  -0.000125   0.000101   0.000196  0.0000133  0.0000105    0.000119    0.000077
1997   2   5  50484  -0.122627   0.154615  -0.1719027   0.0013766  -0.000043  -0.000128   0.000096   0.000170  0.0000150  0.0000105    0.000092    0.000065
1997   2   6  50485  -0.124842   0.156965  -0.1733250   0.0015423   0.000018   0.000016   0.000105   0.000173  0.0000185  0.0000138    0.000089    0.000070
1997   2   7  50486  -0.126757   0.159232  -0.1749698   0.0017169   0.000100   0.000252   0.000116   0.000202  0.0000594  0.0000264    0.000099    0.000098
1997   2   8  50487  -0.128714   0.161580  -0.1768069   0.0019039   0.000058   0.000340   0.000121   0.000228  0.0000614  0.0000336    0.000100    0.000102
1997   2   9  50488  -0.130489   0.164407  -0.1787927   0.0020319  -0.000017   0.000335   0.000094   0.000144  0.0000399  0.0000322    0.000097    0.000081
1997   2  10  50489  -0.132224   0.167672  -0.1808058   0.0020757  -0.000075   0.000254   0.000076   0.000108  0.0000160  0.0000315    0.000094    0.000068
1997   2  11  50490  -0.134169   0.170532  -0.1828481   0.0020828  -0.000067   0.000130   0.000069   0.000100  0.0000117  0.0000321    0.000083    0.000060
1997   2  12  50491  -0.136271   0.172983  -0.1849246   0.0020209   0.000059   0.000003   0.000061   0.000090  0.0000089  0.0000323    0.000064    0.000046
1997   2  13  50492  -0.138432   0.175481  -0.1868790   0.0018623   0.000152  -0.000061   0.000063   0.000084  0.0000108  0.0000321    0.000070    0.000053
1997   2  14  50493  -0.140381   0.178438  -0.1886582   0.0016996   0.000183  -0.000067   0.000074   0.000088  0.0000260  0.0000253    0.000104    0.000093
1997   2  15  50494  -0.142311   0.181606  -0.1903362   0.0016133   0.000147  -0.000077   0.000081   0.000092  0.0000586  0.0000129    0.000110    0.000104
1997   2  16  50495  -0.144781   0.184390  -0.1919670   0.0015562   0.000068  -0.000075   0.000092   0.000107  0.0001334  0.0000095    0.000110    0.000104
1997   2  17  50496  -0.147559   0.186848  -0.1934797   0.0015198  -0.000022  -0.000064   0.000092   0.000132  0.0001284  0.0000091    0.000082    0.000058
1997   2  18  50497  -0.150199   0.189219  -0.1949982   0.0015313  -0.000088  -0.000048   0.000083   0.000135  0.0000542  0.0000093    0.000082    0.000058
1997   2  19  50498  -0.152637   0.191353  -0.1965581   0.0015720  -0.000099  -0.000029   0.000081   0.000119  0.0000321  0.0000099    0.000082    0.000058
1997   2  20  50499  -0.154958   0.193414  -0.1981564   0.0016396  -0.000020  -0.000008   0.000083   0.000114  0.0000240  0.0000107    0.000094    0.000065
1997   2  21  50500  -0.157101   0.195767  -0.1998445   0.0017433   0.000095   0.000006   0.000088   0.000117  0.0000241  0.0000116    0.000139    0.000090
1997   2  22  50501  -0.159004   0.198419  -0.2016311   0.0018384   0.000180   0.000007   0.000091   0.000123  0.0000319  0.0000123    0.000145    0.000094
1997   2  23  50502  -0.160410   0.201025  -0.2035129   0.0019373   0.000223  -0.000010   0.000098   0.000164  0.0000546  0.0000134    0.000145    0.000093
1997   2  24  50503  -0.161612   0.203718  -0.2054776   0.0020244   0.000216  -0.000046   0.000101   0.000211  0.0000947  0.0000184    0.000057    0.000034
1997   2  25  50504  -0.163110   0.206947  -0.2075026   0.0020325   0.000163  -0.000102   0.000092   0.000173  0.0000281  0.0000291    0.000056    0.000033
1997   2  26  50505  -0.165096   0.210424  -0.2095111   0.0019991   0.000075  -0.000172   0.000080   0.000151  0.0000143  0.0000171    0.000056    0.000033
1997   2  27  50506  -0.167669   0.214002  -0.2114950   0.0020015  -0.000004  -0.000249   0.000085   0.000162  0.0000118  0.0000130    0.000056    0.000033
1997   2  28  50507  -0.170080   0.217445  -0.2135029   0.0020301  -0.000069  -0.000317   0.000108   0.000183  0.0000403  0.0000130    0.000056    0.000033
1997   3   1  50508  -0.172037   0.220516  -0.2155204   0.0020330  -0.000114  -0.000365   0.000119   0.000182  0.0001248  0.0000171    0.000056    0.000033
1997   3   2  50509  -0.173539   0.223451  -0.2175424   0.0020241  -0.000131  -0.000382   0.000097   0.000154  0.0000925  0.0000324    0.000106    0.000055
1997   3   3  50510  -0.174596   0.226590  -0.2195887   0.0020235  -0.000120  -0.000363   0.000083   0.000135  0.0000756  0.0000314    0.000110    0.000056
1997   3   4  50511  -0.175314   0.229937  -0.2216519   0.0020535  -0.000087  -0.000313   0.000088   0.000159  0.0000315  0.0000163    0.000110    0.000056
1997   3   5  50512  -0.176238   0.233238  -0.2237553   0.0021455  -0.000042  -0.000239   0.000108   0.000153  0.0000157  0.0000130    0.000110    0.000056
1997   3   6  50513  -0.177082   0.236499  -0.2259744   0.0023064  -0.000001  -0.000158   0.000102   0.000158  0.0000149  0.0000170    0.000110    0.000056
1997   3   7  50514  -0.178142   0.239835  -0.2283998   0.0025114   0.000030  -0.000083   0.000092   0.000271  0.0000516  0.0000333    0.000110    0.000056
1997   3   8  50515  -0.179785   0.243033  -0.2310583   0.0027142   0.000045  -0.000027   0.000097   0.000347  0.0002110  0.0000343    0.000110    0.000056
1997   3   9  50516  -0.181975   0.246039  -0.2338734   0.0028481   0.000044   0.000005   0.000114   0.000323  0.0001893  0.0000179    0.000057    0.000036
1997   3  10  50517  -0.184252   0.249015  -0.2367207   0.0028766   0.000028   0.000011   0.000170   0.000367  0.0000678  0.0000136    0.000057    0.000036
1997   3  11  50518  -0.185851   0.252050  -0.2395394   0.0028227   0.000004   0.000000   0.000206   0.000353  0.0000183  0.0000132    0.000057    0.000036
1997   3  12  50519  -0.186475   0.255193  -0.2422845   0.0026965  -0.000021  -0.000021   0.000132   0.000229  0.0000088  0.0000132    0.000057    0.000036
1997   3  13  50520  -0.186581   0.258900  -0.2448906   0.0025347  -0.000036  -0.000031   0.000139   0.000279  0.0000083  0.0000135    0.000057    0.000036
1997   3  14  50521  -0.186757   0.262287  -0.2473523   0.0024099  -0.000037  -0.000036   0.000142   0.000353  0.0000286  0.0000141    0.000057    0.000036
1997   3  15  50522  -0.186505   0.266318  -0.2497159   0.0023620  -0.000027  -0.000037   0.000139   0.000311  0.0000766  0.0000146    0.000060    0.000038
1997   3  16  50523  -0.186816   0.270401  -0.2520520   0.0023494  -0.000007  -0.000038   0.000134   0.000264  0.0000685  0.0000146    0.000541    0.000359
1997   3  17  50524  -0.187548   0.274333  -0.2544149   0.0023460   0.000020  -0.000046   0.000128   0.000195  0.0000578  0.0000142    0.000403    0.000281
1997   3  18  50525  -0.188314   0.277943  -0.2567794   0.0023728   0.000047  -0.000066   0.000119   0.000112  0.0000294  0.0000170    0.000184    0.000134
1997   3  19  50526  -0.188748   0.281464  -0.2591480   0.0024046   0.000066  -0.000101   0.000104   0.000097  0.0000130  0.0000172    0.000094    0.000067
1997   3  20  50527  -0.188915   0.285085  -0.2615884   0.0024281   0.000091  -0.000132   0.000108   0.000091  0.0000091  0.0000184    0.000078    0.000050
1997   3  21  50528  -0.189212   0.288729  -0.2640592   0.0024609   0.000106  -0.000155   0.000146   0.000106  0.0000110  0.0000270    0.000076    0.000046
1997   3  22  50529  -0.189541   0.292461  -0.2665680   0.0024957   0.000102  -0.000169   0.000162   0.000199  0.0000363  0.0000180    0.000076    0.000046
1997   3  23  50530  -0.189655   0.296203  -0.2691230   0.0025441   0.000082  -0.000171   0.000169   0.000241  0.0000621  0.0000144    0.000093    0.000078
1997   3  24  50531  -0.189543   0.299863  -0.2716711   0.0025819   0.000052  -0.000161   0.000130   0.000206  0.0000211  0.0000142    0.000093    0.000078
1997   3  25  50532  -0.189466   0.303661  -0.2742364   0.0025760   0.000019  -0.000145   0.000112   0.000177  0.0000163  0.0000187    0.000086    0.000061
1997   3  26  50533  -0.189601   0.307814  -0.2768021   0.0025479  -0.000010  -0.000125   0.000096   0.000178  0.0000122  0.0000373    0.000069    0.000040
1997   3  27  50534  -0.189975   0.311750  -0.2793048   0.0024969   0.000015  -0.000121   0.000099   0.000200  0.0000129  0.0000498    0.000064    0.000036
1997   3  28  50535  -0.190397   0.315485  -0.2817654   0.0024523   0.000087  -0.000135   0.000175   0.000308  0.0000419  0.0000507    0.000064    0.000035
1997   3  29  50536  -0.190704   0.319358  -0.2841822   0.0024292   0.000164  -0.000159   0.000196   0.000267  0.0000879  0.0000408    0.000057    0.000034
1997   3  30  50537  -0.191160   0.323344  -0.2866047   0.0023895   0.000210  -0.000184   0.000080   0.000130  0.0000688  0.0000218    0.000031    0.000023
1997   3  31  50538  -0.191424   0.326725  -0.2889921   0.0023848   0.000199  -0.000198   0.000053   0.000090  0.0000115  0.0000166    0.000031    0.000023
1997   4   1  50539  -0.191120   0.329777  -0.2914022   0.0024491   0.000117  -0.000197   0.000041   0.000069  0.0000101  0.0000159    0.000033    0.000025
1997   4   2  50540  -0.190378   0.333357  -0.2939030   0.0025588  -0.000067  -0.000165   0.000040   0.000066  0.0000133  0.0000158    0.000048    0.000033
1997   4   3  50541  -0.189377   0.337183  -0.2965137   0.0026887  -0.000058  -0.000166   0.000052   0.000076  0.0000133  0.0000202    0.000081    0.000048
1997   4   4  50542  -0.188241   0.341020  -0.2992859   0.0028378   0.000008  -0.000175   0.000058   0.000101  0.0000168  0.0000323    0.000090    0.000052
1997   4   5  50543  -0.186875   0.344773  -0.3021539   0.0029478   0.000029  -0.000164   0.000060   0.000128  0.0000552  0.0000202    0.000091    0.000053
1997   4   6  50544  -0.185948   0.348513  -0.3050608   0.0029524   0.000026  -0.000137   0.000078   0.000118  0.0000958  0.0000162    0.000105    0.000068
1997   4   7  50545  -0.185445   0.351932  -0.3080429   0.0028840  -0.000003  -0.000096   0.000090   0.000123  0.0000187  0.0000208    0.000103    0.000067
1997   4   8  50546  -0.184631   0.355138  -0.3109424   0.0027826  -0.000054  -0.000046   0.000087   0.000137  0.0000141  0.0000313    0.000085    0.000054
1997   4   9  50547  -0.183549   0.358671  -0.3136431   0.0026423  -0.000107   0.000009   0.000069   0.000129  0.0000097  0.0000179    0.000058    0.000036
1997   4  10  50548  -0.182655   0.362254  -0.3161960   0.0024808  -0.000230   0.000034   0.000075   0.000112  0.0000103  0.0000135    0.000053    0.000032
1997   4  11  50549  -0.181742   0.366036  -0.3186228   0.0023537  -0.000402   0.000024   0.000106   0.000111  0.0000353  0.0000129    0.000052    0.000032
1997   4  12  50550  -0.180475   0.369881  -0.3209197   0.0022697  -0.000562  -0.000008   0.000096   0.000110  0.0000932  0.0000123    0.000052    0.000032
1997   4  13  50551  -0.179532   0.373893  -0.3231317   0.0022052  -0.000659  -0.000049   0.000080   0.000118  0.0000719  0.0000117    0.000086    0.000046
1997   4  14  50552  -0.179177   0.377752  -0.3253346   0.0021720  -0.000654  -0.000082   0.000085   0.000128  0.0000506  0.0000114    0.000089    0.000047
1997   4  15  50553  -0.178902   0.381217  -0.3275362   0.0021721  -0.000538  -0.000094   0.000086   0.000151  0.0000358  0.0000114    0.000089    0.000047
1997   4  16  50554  -0.178394   0.384333  -0.3297117   0.0022156  -0.000322  -0.000075   0.000072   0.000148  0.0000179  0.0000114    0.000091    0.000050
1997   4  17  50555  -0.177748   0.387291  -0.3319618   0.0022908  -0.000020  -0.000025   0.000077   0.000140  0.0000101  0.0000111    0.000097    0.000063
1997   4  18  50556  -0.176881   0.390444  -0.3342990   0.0023349   0.000104   0.000015   0.000082   0.000137  0.0000118  0.0000108    0.000103    0.000081
1997   4  19  50557  -0.175642   0.393688  -0.3366513   0.0023415   0.000003   0.000027   0.000079   0.000131  0.0000348  0.0000111    0.000104    0.000087
1997   4  20  50558  -0.174732   0.397010  -0.3390035   0.0023570  -0.000199   0.000015   0.000089   0.000165  0.0000490  0.0000146    0.000201    0.000102
1997   4  21  50559  -0.174032   0.400449  -0.3413609   0.0023706  -0.000378  -0.000014   0.000103   0.000238  0.0000305  0.0000287    0.000210    0.000100
1997   4  22  50560  -0.173137   0.404072  -0.3436822   0.0023145  -0.000410  -0.000049   0.000097   0.000230  0.0000223  0.0000287    0.000183    0.000083
1997   4  23  50561  -0.172557   0.407756  -0.3459241   0.0022181  -0.000181  -0.000076   0.000091   0.000197  0.0000169  0.0000146    0.000136    0.000058
1997   4  24  50562  -0.171855   0.411204  -0.3480754   0.0021279   0.000070  -0.000108   0.000097   0.000217  0.0000222  0.0000111    0.000122    0.000051
1997   4  25  50563  -0.170520   0.414303  -0.3501581   0.0020551   0.000263  -0.000142   0.000102   0.000256  0.0000750  0.0000105    0.000120    0.000050
1997   4  26  50564  -0.168702   0.417481  -0.3521954   0.0019966   0.000373  -0.000169   0.000101   0.000249  0.0001136  0.0000105    0.000120    0.000050
1997   4  27  50565  -0.166902   0.420780  -0.3541890   0.0019585   0.000383  -0.000185   0.000131   0.000277  0.0001103  0.0000107    0.000097    0.000052
1997   4  28  50566  -0.165434   0.423969  -0.3561437   0.0019558   0.000296  -0.000188   0.000249   0.000327  0.0000993  0.0000104    0.000096    0.000052
1997   4  29  50567  -0.164337   0.426947  -0.3581045   0.0020007   0.000143  -0.000177   0.000166   0.000315  0.0000381  0.0000099    0.000097    0.000052
1997   4  30  50568  -0.163406   0.429363  -0.3601419   0.0021033  -0.000032  -0.000154   0.000117   0.000260  0.0000178  0.0000096    0.000099    0.000054
1997   5   1  50569  -0.162227   0.431742  -0.3623130   0.0022173  -0.000177  -0.000120   0.000108   0.000263  0.0000148  0.0000096    0.000109    0.000062
1997   5   2  50570  -0.160616   0.434437  -0.3646006   0.0023257  -0.000265  -0.000112   0.000120   0.000315  0.0000185  0.0000099    0.000119    0.000069
1997   5   3  50571  -0.158583   0.437143  -0.3669777   0.0024361  -0.000284  -0.000132   0.000165   0.000400  0.0000607  0.0000099    0.000121    0.000071
1997   5   4  50572  -0.156269   0.439881  -0.3694301   0.0025080  -0.000248  -0.000154   0.000139   0.000315  0.0001055  0.0000096    0.000125    0.000077
1997   5   5  50573  -0.153585   0.443030  -0.3719359   0.0025032  -0.000184  -0.000159   0.000116   0.000157  0.0000265  0.0000096    0.000123    0.000076
1997   5   6  50574  -0.150623   0.446512  -0.3744305   0.0024321  -0.000125  -0.000130   0.000119   0.000131  0.0000168  0.0000099    0.000107    0.000063
1997   5   7  50575  -0.147989   0.449726  -0.3768348   0.0023159  -0.000100  -0.000052   0.000100   0.000142  0.0000121  0.0000101    0.000075    0.000044
1997   5   8  50576  -0.145380   0.452526  -0.3790729   0.0021910  -0.000127  -0.000014   0.000112   0.000131  0.0000154  0.0000098    0.000068    0.000039
1997   5   9  50577  -0.142430   0.455295  -0.3812161   0.0020972  -0.000202  -0.000031   0.000127   0.000128  0.0000528  0.0000093    0.000067    0.000039
1997   5  10  50578  -0.139390   0.458204  -0.3833041   0.0020211  -0.000293  -0.000083   0.000105   0.000145  0.0000627  0.0000090    0.000067    0.000039
1997   5  11  50579  -0.136420   0.461236  -0.3852792   0.0019704  -0.000364  -0.000147   0.000120   0.000190  0.0000449  0.0000090    0.000078    0.000048
1997   5  12  50580  -0.133806   0.464165  -0.3872370   0.0019529  -0.000386  -0.000200   0.000179   0.000268  0.0000607  0.0000090    0.000079    0.000048
1997   5  13  50581  -0.131610   0.466719  -0.3891815   0.0019430  -0.000341  -0.000219   0.000229   0.000248  0.0000244  0.0000090    0.000079    0.000049
1997   5  14  50582  -0.129619   0.469291  -0.3911185   0.0019501  -0.000229  -0.000194   0.000135   0.000184  0.0000103  0.0000095    0.000080    0.000050
1997   5  15  50583  -0.127479   0.471658  -0.3930731   0.0019710  -0.000058  -0.000112   0.000103   0.000133  0.0000076  0.0000123    0.000080    0.000056
1997   5  16  50584  -0.124999   0.473715  -0.3950525   0.0019922   0.000053  -0.000069   0.000119   0.000159  0.0000092  0.0000123    0.000081    0.000062
1997   5  17  50585  -0.122328   0.475831  -0.3970671   0.0020259   0.000064  -0.000087   0.000193   0.000264  0.0000281  0.0000099    0.000081    0.000063
1997   5  18  50586  -0.119431   0.478041  -0.3991225   0.0020591   0.000006  -0.000139   0.000270   0.000289  0.0000303  0.0000099    0.000044    0.000036
1997   5  19  50587  -0.116377   0.480500  -0.4012029   0.0020810  -0.000085  -0.000192   0.000108   0.000210  0.0000080  0.0000105    0.000043    0.000035
1997   5  20  50588  -0.113530   0.483199  -0.4032874   0.0020902  -0.000161  -0.000213   0.000063   0.000129  0.0000082  0.0000110    0.000043    0.000035
1997   5  21  50589  -0.110747   0.486004  -0.4053617   0.0020717  -0.000174  -0.000169   0.000060   0.000122  0.0000091  0.0000114    0.000044    0.000035
1997   5  22  50590  -0.108168   0.488620  -0.4074253   0.0020280  -0.000170  -0.000110   0.000085   0.000181  0.0000136  0.0000117    0.000044    0.000035
1997   5  23  50591  -0.105778   0.490968  -0.4094405   0.0019813  -0.000158  -0.000057   0.000154   0.000316  0.0000447  0.0000123    0.000044    0.000035
1997   5  24  50592  -0.103453   0.493227  -0.4114183   0.0019687  -0.000141  -0.000022   0.000282   0.000340  0.0000705  0.0000157    0.000044    0.000035
1997   5  25  50593  -0.101262   0.495545  -0.4134167   0.0020044  -0.000125  -0.000022   0.000201   0.000352  0.0000801  0.0000174    0.000084    0.000053
1997   5  26  50594  -0.099116   0.497806  -0.4154230   0.0020777  -0.000116  -0.000063   0.000185   0.000348  0.0000790  0.0000142    0.000088    0.000054
1997   5  27  50595  -0.096816   0.499921  -0.4174974   0.0021775  -0.000116  -0.000145   0.000172   0.000294  0.0000518  0.0000137    0.000088    0.000054
1997   5  28  50596  -0.094249   0.501894  -0.4197033   0.0023058  -0.000125  -0.000256   0.000112   0.000217  0.0000303  0.0000136    0.000088    0.000054
1997   5  29  50597  -0.091680   0.504021  -0.4220675   0.0024466  -0.000130  -0.000382   0.000111   0.000230  0.0000308  0.0000170    0.000088    0.000054
1997   5  30  50598  -0.089355   0.506070  -0.4245783   0.0025180  -0.000136  -0.000493   0.000171   0.000308  0.0000596  0.0000262    0.000088    0.000054
1997   5  31  50599  -0.087163   0.507885  -0.4271254   0.0025066  -0.000146  -0.000561   0.000285   0.000306  0.0000724  0.0000153    0.000092    0.000058
1997   6   1  50600  -0.084941   0.510168  -0.4295964   0.0024577  -0.000155  -0.000564   0.000166   0.000212  0.0000676  0.0000113    0.000125    0.000098
1997   6   2  50601  -0.082613   0.512269  -0.4320335   0.0023420  -0.000165  -0.000493   0.000121   0.000167  0.0000300  0.0000101    0.000122    0.000095
1997   6   3  50602  -0.080208   0.513787  -0.4343054   0.0021518  -0.000171  -0.000353   0.000106   0.000153  0.0000217  0.0000093    0.000103    0.000075
1997   6   4  50603  -0.077507   0.515220  -0.4363478   0.0019413  -0.000173  -0.000158   0.000080   0.000142  0.0000147  0.0000087    0.000072    0.000049
1997   6   5  50604  -0.074935   0.516960  -0.4382189   0.0017516  -0.000161   0.000049   0.000086   0.000149  0.0000155  0.0000081    0.000065    0.000043
1997   6   6  50605  -0.072611   0.518433  -0.4399012   0.0016036  -0.000137   0.000234   0.000147   0.000165  0.0000449  0.0000078    0.000065    0.000043
1997   6   7  50606  -0.070258   0.519270  -0.4414659   0.0015095  -0.000103   0.000368   0.000197   0.000170  0.0000805  0.0000078    0.000064    0.000043
1997   6   8  50607  -0.067992   0.519823  -0.4429414   0.0014621  -0.000065   0.000430   0.000138   0.000192  0.0000886  0.0000081    0.000121    0.000082
1997   6   9  50608  -0.065290   0.520131  -0.4443955   0.0014679  -0.000031   0.000409   0.000112   0.000226  0.0000457  0.0000084    0.000126    0.000085
1997   6  10  50609  -0.061891   0.520545  -0.4458858   0.0015182  -0.000006   0.000312   0.000107   0.000212  0.0000345  0.0000084    0.000126    0.000085
1997   6  11  50610  -0.058161   0.521323  -0.4473914   0.0015775   0.000006   0.000156   0.000107   0.000198  0.0000234  0.0000081    0.000126    0.000085
1997   6  12  50611  -0.054346   0.522468  -0.4489585   0.0016100  -0.000012  -0.000051   0.000125   0.000220  0.0000258  0.0000079    0.000126    0.000085
1997   6  13  50612  -0.050534   0.524121  -0.4505735   0.0016058  -0.000038  -0.000252   0.000127   0.000228  0.0000763  0.0000081    0.000126    0.000085
1997   6  14  50613  -0.046652   0.525929  -0.4521389   0.0015848  -0.000057  -0.000400   0.000121   0.000218  0.0001274  0.0000086    0.000132    0.000090
1997   6  15  50614  -0.042978   0.527240  -0.4537023   0.0015441  -0.000061  -0.000466   0.000163   0.000260  0.0001359  0.0000086    0.000292    0.000227
1997   6  16  50615  -0.039480   0.528143  -0.4552603   0.0014811  -0.000046  -0.000439   0.000170   0.000325  0.0000669  0.0000081    0.000252    0.000181
1997   6  17  50616  -0.035959   0.528910  -0.4567552   0.0013844  -0.000017  -0.000327   0.000130   0.000312  0.0000219  0.0000078    0.000140    0.000090
1997   6  18  50617  -0.032454   0.529725  -0.4580828   0.0012542   0.000023  -0.000154   0.000107   0.000211  0.0000112  0.0000078    0.000078    0.000048
1997   6  19  50618  -0.028877   0.530567  -0.4592555   0.0011372   0.000035  -0.000007   0.000132   0.000214  0.0000119  0.0000081    0.000066    0.000041
1997   6  20  50619  -0.025146   0.531414  -0.4603378   0.0010353   0.000012   0.000075   0.000323   0.000323  0.0000387  0.0000084    0.000065    0.000040
1997   6  21  50620  -0.021231   0.532273  -0.4613339   0.0009631  -0.000032   0.000090   0.000334   0.000341  0.0000703  0.0000084    0.000065    0.000040
1997   6  22  50621  -0.017170   0.532897  -0.4623124   0.0009963  -0.000078   0.000053   0.000168   0.000255  0.0001278  0.0000084    0.000096    0.000082
1997   6  23  50622  -0.012980   0.533205  -0.4633510   0.0011110  -0.000101  -0.000004   0.000131   0.000210  0.0001437  0.0000084    0.000097    0.000086
1997   6  24  50623  -0.008815   0.533681  -0.4644988   0.0012137  -0.000082  -0.000041   0.000134   0.000187  0.0000397  0.0000084    0.000097    0.000086
1997   6  25  50624  -0.004893   0.534205  -0.4657445   0.0013033  -0.000012  -0.000030   0.000140   0.000161  0.0000202  0.0000084    0.000097    0.000086
1997   6  26  50625  -0.001169   0.534698  -0.4670758   0.0013690   0.000166   0.000141   0.000137   0.000184  0.0000219  0.0000084    0.000097    0.000086
1997   6  27  50626   0.002587   0.535247  -0.4684696   0.0013678   0.000367   0.000368   0.000127   0.000208  0.0000605  0.0000086    0.000097    0.000086
1997   6  28  50627   0.006468   0.535558  -0.4698100   0.0013030   0.000519   0.000557   0.000123   0.000185  0.0000852  0.0000107    0.000097    0.000086
1997   6  29  50628   0.010609   0.535716  -0.4710266   0.0011701   0.000576   0.000646   0.000129   0.000221  0.0000854  0.0000106    0.000066    0.000052
1997   6  30  50629   0.014943   0.536021  -0.4721457   0.0010080   0.000510   0.000593   0.000136   0.000310  0.0000775  0.0000106    0.000065    0.000052
1997   7   1  50630   0.019231   0.536500   0.5269034   0.0008565   0.000324   0.000388   0.000125   0.000287  0.0000198  0.0000109    0.000066    0.000053
1997   7   2  50631   0.023501   0.536953   0.5261412   0.0007041   0.000045   0.000054   0.000102   0.000190  0.0000112  0.0000097    0.000066    0.000056
1997   7   3  50632   0.027478   0.537135   0.5254847   0.0005799  -0.000270  -0.000339   0.000108   0.000199  0.0000152  0.0000109    0.000066    0.000060
1997   7   4  50633   0.031228   0.537089   0.5249362   0.0005176  -0.000453  -0.000576   0.000138   0.000340  0.0000451  0.0000114    0.000066    0.000064
1997   7   5  50634   0.035026   0.536993   0.5244354   0.0005144  -0.000494  -0.000632   0.000151   0.000503  0.0001183  0.0000114    0.000066    0.000067
1997   7   6  50635   0.038823   0.536554   0.5238837   0.0005877  -0.000424  -0.000539   0.000200   0.000844  0.0000936  0.0000117    0.000074    0.000065
1997   7   7  50636   0.042768   0.535795   0.5232042   0.0007015  -0.000299  -0.000359   0.000345   0.000562  0.0001052  0.0000120    0.000085    0.000062
1997   7   8  50637   0.046751   0.535073   0.5224619   0.0008072  -0.000183  -0.000174   0.000269   0.000437  0.0000295  0.0000120    0.000086    0.000062
1997   7   9  50638   0.050861   0.534513   0.5216871   0.0008862  -0.000136  -0.000060   0.000143   0.000288  0.0000138  0.0000116    0.000090    0.000065
1997   7  10  50639   0.054718   0.534234   0.5207947   0.0009385  -0.000214  -0.000093   0.000121   0.000237  0.0000127  0.0000111    0.000110    0.000074
1997   7  11  50640   0.058174   0.533653   0.5198127   0.0010054  -0.000242  -0.000114   0.000141   0.000287  0.0000173  0.0000108    0.000136    0.000083
1997   7  12  50641   0.061660   0.532963   0.5187671   0.0010709  -0.000181  -0.000082   0.000175   0.000402  0.0000607  0.0000135    0.000144    0.000086
1997   7  13  50642   0.065291   0.532578   0.5176693   0.0011059  -0.000092  -0.000031   0.000111   0.000267  0.0001141  0.0000157    0.000124    0.000085
1997   7  14  50643   0.069041   0.531918   0.5165491   0.0011171  -0.000023   0.000008   0.000082   0.000174  0.0000224  0.0000136    0.000119    0.000084
1997   7  15  50644   0.072692   0.530965   0.5154449   0.0010934  -0.000021   0.000010   0.000075   0.000154  0.0000143  0.0000140    0.000095    0.000076
1997   7  16  50645   0.075953   0.530215   0.5143839   0.0010342  -0.000138  -0.000063   0.000067   0.000137  0.0000100  0.0000147    0.000063    0.000059
1997   7  17  50646   0.078898   0.529477   0.5133647   0.0010199  -0.000178  -0.000087   0.000079   0.000136  0.0000127  0.0000153    0.000056    0.000054
1997   7  18  50647   0.081699   0.528932   0.5122884   0.0010937  -0.000118  -0.000047   0.000137   0.000163  0.0000503  0.0000156    0.000055    0.000053
1997   7  19  50648   0.084572   0.528172   0.5110969   0.0012139   0.000002   0.000033   0.000117   0.000171  0.0003725  0.0000159    0.000055    0.000053
1997   7  20  50649   0.087880   0.526995   0.5098089   0.0013949   0.000137   0.000125   0.000103   0.000151  0.0005240  0.0000162    0.000152    0.000080
1997   7  21  50650   0.091729   0.525609   0.5083345   0.0016115   0.000234   0.000195   0.000117   0.000141  0.0001407  0.0000162    0.000171    0.000082
1997   7  22  50651   0.095624   0.524338   0.5066483   0.0017856   0.000247   0.000215   0.000116   0.000139  0.0000350  0.0000165    0.000173    0.000083
1997   7  23  50652   0.099104   0.523475   0.5047817   0.0019156   0.000148   0.000165   0.000111   0.000131  0.0000158  0.0000170    0.000179    0.000086
1997   7  24  50653   0.102140   0.522764   0.5028186   0.0020046  -0.000070   0.000033   0.000103   0.000126  0.0000113  0.0000170    0.000107    0.000063
1997   7  25  50654   0.105441   0.521927   0.5008001   0.0020108  -0.000328  -0.000092   0.000071   0.000118  0.0000073  0.0000165    0.000048    0.000030
1997   7  26  50655   0.108131   0.520728   0.4988081   0.0019237  -0.000510  -0.000193   0.000090   0.000149  0.0000081  0.0000159    0.000039    0.000024
1997   7  27  50656   0.110392   0.520478   0.4969404   0.0017799  -0.000560  -0.000260   0.000134   0.000180  0.0000245  0.0000158    0.000037    0.000023
1997   7  28  50657   0.112503   0.519333   0.4952547   0.0016131  -0.000502  -0.000275   0.000100   0.000173  0.0000902  0.0000193    0.000057    0.000030
1997   7  29  50658   0.114949   0.517629   0.4937374   0.0014570  -0.000379  -0.000234   0.000093   0.000165  0.0000258  0.0000186    0.000063    0.000031
1997   7  30  50659   0.117590   0.515965   0.4923436   0.0013362  -0.000240  -0.000144   0.000092   0.000162  0.0000134  0.0000148    0.000063    0.000031
1997   7  31  50660   0.120175   0.514837   0.4910435   0.0012495  -0.000261  -0.000010   0.000086   0.000201  0.0000142  0.0000141    0.000063    0.000031
1997   8   1  50661   0.123053   0.513879   0.4898214   0.0012325  -0.000359   0.000129   0.000087   0.000226  0.0000522  0.0000139    0.000063    0.000031
1997   8   2  50662   0.126449   0.512644   0.4885909   0.0012604  -0.000449   0.000234   0.000092   0.000181  0.0003554  0.0000141    0.000065    0.000033
1997   8   3  50663   0.129663   0.511060   0.4872903   0.0012650  -0.000490   0.000281   0.000093   0.000151  0.0001658  0.0000150    0.000131    0.000076
1997   8   4  50664   0.132534   0.509491   0.4860358   0.0012814  -0.000448   0.000257   0.000090   0.000127  0.0000226  0.0000200    0.000130    0.000076
1997   8   5  50665   0.135302   0.508001   0.4847189   0.0013574  -0.000307   0.000169   0.000087   0.000115  0.0000200  0.0000311    0.000121    0.000074
1997   8   6  50666   0.137708   0.506781   0.4833037   0.0014228  -0.000063   0.000027   0.000087   0.000121  0.0000231  0.0000185    0.000101    0.000071
1997   8   7  50667   0.140553   0.505243   0.4819156   0.0014451   0.000076  -0.000086   0.000099   0.000176  0.0000296  0.0000139    0.000093    0.000069
1997   8   8  50668   0.142211   0.504072   0.4804544   0.0014647   0.000061  -0.000142   0.000107   0.000268  0.0000806  0.0000136    0.000092    0.000069
1997   8   9  50669   0.144670   0.502379   0.4789471   0.0014733  -0.000044  -0.000150   0.000097   0.000303  0.0001317  0.0000168    0.000096    0.000071
1997   8  10  50670   0.147055   0.500675   0.4774651   0.0014436  -0.000177  -0.000129   0.000100   0.000336  0.0000524  0.0000163    0.000124    0.000080
1997   8  11  50671   0.149324   0.498602   0.4760689   0.0013513  -0.000271  -0.000105   0.000131   0.000287  0.0000183  0.0000130    0.000121    0.000078
1997   8  12  50672   0.151454   0.496258   0.4747815   0.0012598  -0.000267  -0.000105   0.000128   0.000232  0.0000169  0.0000129    0.000097    0.000062
1997   8  13  50673   0.153485   0.494349   0.4735528   0.0012121  -0.000113  -0.000152   0.000104   0.000197  0.0000121  0.0000132    0.000064    0.000041
1997   8  14  50674   0.155462   0.492461   0.4723167   0.0011858  -0.000058  -0.000209   0.000112   0.000220  0.0000131  0.0000132    0.000058    0.000037
1997   8  15  50675   0.157456   0.490250   0.4711907   0.0011937  -0.000133  -0.000263   0.000150   0.000340  0.0000458  0.0000135    0.000057    0.000036
1997   8  16  50676   0.159413   0.488146   0.4700158   0.0012673  -0.000285  -0.000302   0.000136   0.000263  0.0002125  0.0000138    0.000057    0.000036
1997   8  17  50677   0.161225   0.486251   0.4686191   0.0014075  -0.000455  -0.000315   0.000088   0.000129  0.0002883  0.0000142    0.000077    0.000059
1997   8  18  50678   0.162997   0.484174   0.4671313   0.0015874  -0.000574  -0.000296   0.000069   0.000125  0.0000977  0.0000186    0.000078    0.000061
1997   8  19  50679   0.165000   0.481803   0.4655140   0.0017405  -0.000584  -0.000247   0.000082   0.000183  0.0000424  0.0000317    0.000079    0.000061
1997   8  20  50680   0.167019   0.479467   0.4637299   0.0018561  -0.000452  -0.000173   0.000079   0.000118  0.0000186  0.0000211    0.000084    0.000066
1997   8  21  50681   0.169061   0.477217   0.4618215   0.0019129  -0.000160  -0.000085   0.000082   0.000120  0.0000107  0.0000170    0.000108    0.000086
1997   8  22  50682   0.171508   0.474962   0.4599495   0.0018470   0.000095  -0.000017   0.000125   0.000205  0.0000127  0.0000178    0.000148    0.000122
1997   8  23  50683   0.174066   0.472744   0.4581561   0.0016940   0.000229   0.000019   0.000101   0.000234  0.0000453  0.0000184    0.000163    0.000137
1997   8  24  50684   0.176816   0.470416   0.4564811   0.0015099   0.000235   0.000029   0.000085   0.000186  0.0002117  0.0000235    0.000632    0.000179
1997   8  25  50685   0.179563   0.468362   0.4550251   0.0013843   0.000137   0.000020   0.000086   0.000196  0.0001201  0.0000422    0.000513    0.000161
1997   8  26  50686   0.181747   0.466895   0.4537391   0.0013112  -0.000015  -0.000002   0.000083   0.000240  0.0000347  0.0000485    0.000184    0.000094
1997   8  27  50687   0.183763   0.465352   0.4524535   0.0013025  -0.000150  -0.000033   0.000080   0.000145  0.0000189  0.0000481    0.000095    0.000055
1997   8  28  50688   0.185980   0.463508   0.4510986   0.0013214  -0.000241  -0.000041   0.000084   0.000123  0.0000217  0.0000387    0.000086    0.000052
1997   8  29  50689   0.188183   0.461676   0.4497456   0.0013043  -0.000144  -0.000150   0.000090   0.000134  0.0000545  0.0000213    0.000087    0.000054
1997   8  30  50690   0.190260   0.459780   0.4484698   0.0013186   0.000089  -0.000322   0.000108   0.000137  0.0000838  0.0000212    0.000088    0.000055
1997   8  31  50691   0.192569   0.457910   0.4471074   0.0013557   0.000354  -0.000482   0.000137   0.000159  0.0000651  0.0000374    0.000091    0.000059
1997   9   1  50692   0.194936   0.456255   0.4456551   0.0014699   0.000538  -0.000561   0.000149   0.000215  0.0000798  0.0000472    0.000096    0.000066
1997   9   2  50693   0.197404   0.454612   0.4441319   0.0015636   0.000548  -0.000505   0.000144   0.000218  0.0000421  0.0000499    0.000097    0.000067
1997   9   3  50694   0.200223   0.452794   0.4425661   0.0016258   0.000333  -0.000294   0.000115   0.000185  0.0000208  0.0000501    0.000104    0.000071
1997   9   4  50695   0.202926   0.450820   0.4409533   0.0016462  -0.000134   0.000087   0.000112   0.000210  0.0000202  0.0000494    0.000143    0.000093
1997   9   5  50696   0.205022   0.448890   0.4393224   0.0016177  -0.000493   0.000340   0.000120   0.000243  0.0000282  0.0000492    0.000229    0.000132
1997   9   6  50697   0.206616   0.446624   0.4377332   0.0015960  -0.000614   0.000377   0.000115   0.000216  0.0000868  0.0000484    0.000260    0.000146
1997   9   7  50698   0.208047   0.443836   0.4362102   0.0015349  -0.000542   0.000272   0.000101   0.000213  0.0000796  0.0000477    0.000028    0.000031
1997   9   8  50699   0.209496   0.440933   0.4347040   0.0014610  -0.000350   0.000108   0.000075   0.000140  0.0000150  0.0000486    0.000027    0.000030
1997   9   9  50700   0.211337   0.438528   0.4332658   0.0014210  -0.000140  -0.000020   0.000052   0.000104  0.0000107  0.0000510    0.000029    0.000031
1997   9  10  50701   0.212788   0.436148   0.4319170   0.0013803  -0.000033   0.000002   0.000052   0.000091  0.0000104  0.0000525    0.000040    0.000034
1997   9  11  50702   0.213898   0.433377   0.4305400   0.0013821  -0.000001  -0.000036   0.000067   0.000095  0.0000140  0.0000423    0.000054    0.000035
1997   9  12  50703   0.215334   0.430647   0.4290662   0.0014952  -0.000041  -0.000149   0.000091   0.000109  0.0000443  0.0000226    0.000058    0.000036
1997   9  13  50704   0.216822   0.428273   0.4274792   0.0016294  -0.000122  -0.000276   0.000104   0.000123  0.0001584  0.0000172    0.000064    0.000039
1997   9  14  50705   0.217643   0.426303   0.4257558   0.0018021  -0.000200  -0.000365   0.000104   0.000153  0.0001688  0.0000165    0.000165    0.000090
1997   9  15  50706   0.217919   0.424371   0.4238451   0.0020316  -0.000229  -0.000371   0.000149   0.000207  0.0000562  0.0000159    0.000163    0.000089
1997   9  16  50707   0.218082   0.422188   0.4216893   0.0022716  -0.000181  -0.000258   0.000181   0.000224  0.0000367  0.0000157    0.000147    0.000087
1997   9  17  50708   0.218081   0.419303   0.4193116   0.0024229  -0.000038  -0.000003   0.000135   0.000227  0.0000249  0.0000168    0.000114    0.000078
1997   9  18  50709   0.218498   0.416800   0.4168449   0.0024522   0.000106   0.000249   0.000125   0.000216  0.0000232  0.0000232    0.000105    0.000075
1997   9  19  50710   0.219174   0.414308   0.4144359   0.0023733   0.000212   0.000446   0.000130   0.000193  0.0000591  0.0000458    0.000104    0.000075
1997   9  20  50711   0.219880   0.411848   0.4121811   0.0021999   0.000264   0.000564   0.000125   0.000186  0.0000958  0.0000458    0.000104    0.000075
1997   9  21  50712   0.220539   0.409392   0.4101011   0.0020120   0.000254   0.000587   0.000127   0.000219  0.0001690  0.0000233    0.000055    0.000039
1997   9  22  50713   0.221181   0.406900   0.4081679   0.0018588   0.000187   0.000520   0.000155   0.000303  0.0000761  0.0000172    0.000055    0.000039
1997   9  23  50714   0.221618   0.404248   0.4063642   0.0017549   0.000081   0.000382   0.000117   0.000237  0.0000185  0.0000163    0.000055    0.000039
1997   9  24  50715   0.221666   0.401286   0.4046435   0.0017186  -0.000039   0.000202   0.000086   0.000163  0.0000090  0.0000162    0.000055    0.000039
1997   9  25  50716   0.221472   0.398043   0.4029332   0.0017474  -0.000122   0.000037   0.000108   0.000184  0.0000118  0.0000165    0.000055    0.000039
1997   9  26  50717   0.221194   0.394790   0.4011511   0.0018181  -0.000173  -0.000107   0.000176   0.000281  0.0000434  0.0000175    0.000055    0.000039
1997   9  27  50718   0.221019   0.391540   0.3992684   0.0018763  -0.000195  -0.000222   0.000137   0.000265  0.0000953  0.0000221    0.000055    0.000039
1997   9  28  50719   0.220979   0.388298   0.3973214   0.0019145  -0.000189  -0.000298   0.000098   0.000159  0.0000972  0.0000210    0.000098    0.000061
1997   9  29  50720   0.221013   0.385303   0.3953313   0.0019641  -0.000163  -0.000329   0.000084   0.000145  0.0001041  0.0000168    0.000101    0.000063
1997   9  30  50721   0.221044   0.382409   0.3933314   0.0020063  -0.000127  -0.000312   0.000085   0.000191  0.0000605  0.0000202    0.000101    0.000063
1997  10   1  50722   0.221117   0.379590   0.3913490   0.0020375  -0.000090  -0.000251   0.000084   0.000142  0.0000341  0.0000217    0.000101    0.000063
1997  10   2  50723   0.221469   0.376645   0.3893356   0.0020798  -0.000056  -0.000144   0.000084   0.000139  0.0000281  0.0000229    0.000101    0.000063
1997  10   3  50724   0.221770   0.373442   0.3872494   0.0020752  -0.000034  -0.000018   0.000088   0.000194  0.0000820  0.0000349    0.000101    0.000063
1997  10   4  50725   0.221813   0.370256   0.3851823   0.0020031  -0.000027   0.000098   0.000096   0.000150  0.0000714  0.0000213    0.000102    0.000064
1997  10   5  50726   0.222032   0.367286   0.3832381   0.0019149  -0.000036   0.000186   0.000122   0.000139  0.0000471  0.0000152    0.000118    0.000075
1997  10   6  50727   0.222370   0.364631   0.3814091   0.0018597  -0.000056   0.000228   0.000150   0.000172  0.0000392  0.0000136    0.000117    0.000073
1997  10   7  50728   0.222523   0.362268   0.3795445   0.0018480  -0.000082   0.000221   0.000139   0.000186  0.0000315  0.0000129    0.000110    0.000064
1997  10   8  50729   0.222646   0.359799   0.3776529   0.0018611  -0.000108   0.000170   0.000106   0.000146  0.0000217  0.0000124    0.000094    0.000048
1997  10   9  50730   0.222605   0.357449   0.3758877   0.0019107  -0.000114   0.000118   0.000122   0.000148  0.0000167  0.0000123    0.000087    0.000042
1997  10  10  50731   0.222476   0.355105   0.3739755   0.0020085  -0.000097   0.000087   0.000146   0.000169  0.0000196  0.0000123    0.000086    0.000042
1997  10  11  50732   0.222556   0.352585   0.3718362   0.0021444  -0.000065   0.000086   0.000122   0.000168  0.0000890  0.0000124    0.000086    0.000042
1997  10  12  50733   0.223071   0.350049   0.3695229   0.0022970  -0.000031   0.000120   0.000108   0.000175  0.0000924  0.0000150    0.000110    0.000076
1997  10  13  50734   0.223877   0.347473   0.3671191   0.0024537  -0.000009   0.000179   0.000099   0.000188  0.0000998  0.0000134    0.000111    0.000079
1997  10  14  50735   0.224543   0.344816   0.3645753   0.0025675  -0.000011   0.000250   0.000094   0.000184  0.0000395  0.0000104    0.000111    0.000079
1997  10  15  50736   0.225022   0.342159   0.3620021   0.0025939  -0.000039   0.000316   0.000087   0.000165  0.0000207  0.0000099    0.000111    0.000079
1997  10  16  50737   0.225501   0.339573   0.3594558   0.0025594  -0.000125   0.000337   0.000102   0.000169  0.0000224  0.0000096    0.000111    0.000079
1997  10  17  50738   0.225811   0.336827   0.3569273   0.0024506  -0.000219   0.000328   0.000119   0.000191  0.0000659  0.0000096    0.000111    0.000079
1997  10  18  50739   0.225938   0.333788   0.3545557   0.0022655  -0.000283   0.000303   0.000102   0.000204  0.0000890  0.0000099    0.000109    0.000079
1997  10  19  50740   0.226186   0.330631   0.3523913   0.0020869  -0.000296   0.000268   0.000112   0.000236  0.0000712  0.0000131    0.000092    0.000083
1997  10  20  50741   0.226819   0.327687   0.3503680   0.0019523  -0.000248   0.000231   0.000154   0.000256  0.0000303  0.0000230    0.000090    0.000079
1997  10  21  50742   0.227653   0.324975   0.3485002   0.0018541  -0.000143   0.000197   0.000119   0.000187  0.0000166  0.0000146    0.000081    0.000063
1997  10  22  50743   0.228249   0.322535   0.3467117   0.0017855   0.000005   0.000175   0.000078   0.000135  0.0000095  0.0000114    0.000064    0.000043
1997  10  23  50744   0.228130   0.320069   0.3449487   0.0017582   0.000109   0.000137   0.000096   0.000160  0.0000112  0.0000146    0.000058    0.000038
1997  10  24  50745   0.227659   0.317453   0.3431815   0.0017796   0.000140   0.000081   0.000235   0.000264  0.0000332  0.0000232    0.000057    0.000037
1997  10  25  50746   0.227108   0.314702   0.3413830   0.0018305   0.000113   0.000026   0.000197   0.000253  0.0000870  0.0000138    0.000060    0.000039
1997  10  26  50747   0.226328   0.311976   0.3395312   0.0018952   0.000050  -0.000016   0.000087   0.000157  0.0000827  0.0000105    0.000138    0.000091
1997  10  27  50748   0.225451   0.309059   0.3376057   0.0019649  -0.000018  -0.000024   0.000063   0.000116  0.0000531  0.0000102    0.000136    0.000089
1997  10  28  50749   0.224372   0.305748   0.3356214   0.0020153  -0.000063   0.000011   0.000059   0.000102  0.0000379  0.0000105    0.000125    0.000080
1997  10  29  50750   0.222844   0.302379   0.3336038   0.0020396  -0.000048   0.000081   0.000058   0.000116  0.0000182  0.0000108    0.000104    0.000063
1997  10  30  50751   0.221127   0.299073   0.3315422   0.0020742  -0.000075   0.000253   0.000059   0.000151  0.0000099  0.0000108    0.000113    0.000065
1997  10  31  50752   0.219308   0.295869   0.3294273   0.0021138  -0.000113   0.000424   0.000068   0.000129  0.0000110  0.0000108    0.000132    0.000072
1997  11   1  50753   0.218020   0.292694   0.3272890   0.0021242  -0.000135   0.000519   0.000075   0.000131  0.0000260  0.0000111    0.000137    0.000074
1997  11   2  50754   0.217608   0.289584   0.3251602   0.0020947  -0.000139   0.000528   0.000090   0.000106  0.0001898  0.0000116    0.000120    0.000068
1997  11   3  50755   0.217258   0.287107   0.3230663   0.0020576  -0.000122   0.000449   0.000115   0.000080  0.0000903  0.0000120    0.000047    0.000031
1997  11   4  50756   0.216624   0.285071   0.3210399   0.0020445  -0.000082   0.000297   0.000073   0.000075  0.0000205  0.0000120    0.000047    0.000031
1997  11   5  50757   0.215938   0.282847   0.3190269   0.0020645  -0.000023   0.000103   0.000061   0.000071  0.0000099  0.0000120    0.000047    0.000031
1997  11   6  50758   0.215345   0.280464   0.3168886   0.0021561   0.000057  -0.000080   0.000060   0.000074  0.0000126  0.0000122    0.000047    0.000031
1997  11   7  50759   0.214684   0.278125   0.3146177   0.0022869   0.000135  -0.000221   0.000059   0.000078  0.0000477  0.0000119    0.000047    0.000031
1997  11   8  50760   0.214029   0.275768   0.3122666   0.0024090   0.000187  -0.000303   0.000069   0.000083  0.0000937  0.0000115    0.000047    0.000031
1997  11   9  50761   0.213314   0.273309   0.3098209   0.0025432   0.000201  -0.000311   0.000069   0.000091  0.0000763  0.0000117    0.000089    0.000060
1997  11  10  50762   0.212515   0.271054   0.3071986   0.0026574   0.000169  -0.000247   0.000066   0.000085  0.0000669  0.0000148    0.000093    0.000063
1997  11  11  50763   0.211488   0.268689   0.3045114   0.0026843   0.000097  -0.000128   0.000062   0.000084  0.0000251  0.0000161    0.000094    0.000063
1997  11  12  50764   0.210086   0.265852   0.3018782   0.0026068  -0.000002   0.000019   0.000052   0.000088  0.0000126  0.0000162    0.000101    0.000068
1997  11  13  50765   0.208632   0.263102   0.2993300   0.0024363  -0.000111   0.000171   0.000050   0.000087  0.0000168  0.0000162    0.000144    0.000095
1997  11  14  50766   0.207082   0.260800   0.2969788   0.0022034  -0.000188   0.000254   0.000060   0.000088  0.0000494  0.0000133    0.000288    0.000166
1997  11  15  50767   0.205362   0.258589   0.2949024   0.0019599  -0.000209   0.000248   0.000071   0.000097  0.0000487  0.0000135    0.000422    0.000207
1997  11  16  50768   0.203882   0.256730   0.2930680   0.0017750  -0.000179   0.000191   0.000083   0.000133  0.0000389  0.0000137    0.000087    0.000047
1997  11  17  50769   0.202783   0.254915   0.2913855   0.0016600  -0.000109   0.000127   0.000122   0.000186  0.0000156  0.0000135    0.000084    0.000046
1997  11  18  50770   0.201572   0.252561   0.2897839   0.0015958  -0.000020   0.000099   0.000107   0.000096  0.0000124  0.0000135    0.000076    0.000044
1997  11  19  50771   0.200586   0.250252   0.2882146   0.0015850   0.000070   0.000149   0.000092   0.000073  0.0000110  0.0000138    0.000060    0.000040
1997  11  20  50772   0.199064   0.248008   0.2866328   0.0015958   0.000100   0.000216   0.000117   0.000091  0.0000132  0.0000144    0.000067    0.000046
1997  11  21  50773   0.197096   0.245539   0.2850176   0.0016043   0.000076   0.000283   0.000216   0.000111  0.0000462  0.0000149    0.000193    0.000139
1997  11  22  50774   0.195259   0.242757   0.2833833   0.0016090   0.000079   0.000336   0.000226   0.000119  0.0000773  0.0000150    0.000282    0.000215
1997  11  23  50775   0.193802   0.239843   0.2817727   0.0016376   0.000082   0.000349   0.000167   0.000222  0.0000675  0.0000146    0.000163    0.000092
1997  11  24  50776   0.192205   0.237014   0.2801477   0.0016649   0.000078   0.000303   0.000119   0.000272  0.0000126  0.0000142    0.000116    0.000062
1997  11  25  50777   0.190286   0.234472   0.2785109   0.0016465   0.000060   0.000193   0.000103   0.000228  0.0000100  0.0000169    0.000106    0.000061
1997  11  26  50778   0.188380   0.232169   0.2768759   0.0015998   0.000019   0.000034   0.000096   0.000193  0.0000104  0.0000157    0.000084    0.000055
1997  11  27  50779   0.186130   0.230251   0.2752579   0.0015434   0.000034  -0.000150   0.000105   0.000205  0.0000111  0.0000127    0.000078    0.000053
1997  11  28  50780   0.183628   0.228556   0.2736992   0.0014927   0.000107  -0.000318   0.000163   0.000306  0.0000397  0.0000125    0.000077    0.000053
1997  11  29  50781   0.180983   0.226774   0.2722287   0.0014459   0.000203  -0.000424   0.000281   0.000313  0.0001323  0.0000126    0.000077    0.000053
1997  11  30  50782   0.178256   0.225147   0.2708216   0.0014118   0.000282  -0.000435   0.000164   0.000263  0.0001262  0.0000160    0.000068    0.000054
1997  12   1  50783   0.175693   0.223374   0.2694241   0.0013975   0.000307  -0.000337   0.000115   0.000240  0.0000999  0.0000222    0.000068    0.000054
1997  12   2  50784   0.173519   0.221367   0.2680400   0.0013985   0.000249  -0.000141   0.000106   0.000217  0.0000236  0.0000121    0.000069    0.000055
1997  12   3  50785   0.171809   0.219200   0.2666491   0.0014330   0.000100   0.000120   0.000089   0.000169  0.0000115  0.0000090    0.000075    0.000060
1997  12   4  50786   0.170286   0.217188   0.2651838   0.0015061  -0.000137   0.000411   0.000088   0.000177  0.0000152  0.0000087    0.000110    0.000087
1997  12   5  50787   0.168482   0.215584   0.2636013   0.0016342  -0.000359   0.000580   0.000118   0.000220  0.0000475  0.0000087    0.000245    0.000178
1997  12   6  50788   0.166276   0.213902   0.2618744   0.0018242  -0.000504   0.000589   0.000122   0.000234  0.0000619  0.0000087    0.000597    0.000313
1997  12   7  50789   0.163859   0.212104   0.2599670   0.0020379  -0.000539   0.000485   0.000099   0.000255  0.0000585  0.0000113    0.000245    0.000155
1997  12   8  50790   0.161410   0.210299   0.2578414   0.0022152  -0.000455   0.000333   0.000098   0.000284  0.0000731  0.0000187    0.000231    0.000143
1997  12   9  50791   0.159035   0.208479   0.2555425   0.0022816  -0.000266   0.000205   0.000100   0.000256  0.0000419  0.0000119    0.000180    0.000103
1997  12  10  50792   0.156989   0.206739   0.2532430   0.0022247   0.000029   0.000190   0.000088   0.000187  0.0000199  0.0000089    0.000122    0.000065
1997  12  11  50793   0.155385   0.205137   0.2511000   0.0021103   0.000056   0.000120   0.000087   0.000162  0.0000115  0.0000087    0.000126    0.000065
1997  12  12  50794   0.153823   0.203691   0.2490342   0.0019734   0.000012   0.000058   0.000095   0.000188  0.0000135  0.0000089    0.000145    0.000072
1997  12  13  50795   0.151980   0.202213   0.2471288   0.0018083   0.000024   0.000042   0.000091   0.000197  0.0000390  0.0000089    0.000150    0.000074
1997  12  14  50796   0.149656   0.200751   0.2454310   0.0016463   0.000052   0.000054   0.000065   0.000108  0.0000493  0.0000109    0.000097    0.000063
1997  12  15  50797   0.146761   0.198652   0.2438699   0.0015385   0.000082   0.000078   0.000050   0.000099  0.0000129  0.0000108    0.000095    0.000062
1997  12  16  50798   0.143742   0.196109   0.2423550   0.0014964   0.000101   0.000094   0.000048   0.000124  0.0000120  0.0000086    0.000083    0.000056
1997  12  17  50799   0.141077   0.194089   0.2408650   0.0014868   0.000095   0.000084   0.000044   0.000071  0.0000088  0.0000084    0.000046    0.000033
1997  12  18  50800   0.138806   0.192284   0.2393947   0.0015052   0.000024   0.000069   0.000032   0.000050  0.0000044  0.0000084    0.000025    0.000018
1997  12  19  50801   0.137048   0.191175   0.2378623   0.0015456  -0.000010  -0.000023   0.000034   0.000061  0.0000049  0.0000087    0.000021    0.000015
1997  12  20  50802   0.134968   0.190518   0.2362628   0.0015973   0.000041  -0.000190   0.000052   0.000136  0.0000159  0.0000089    0.000020    0.000015
1997  12  21  50803   0.132268   0.189471   0.2346162   0.0016534   0.000112  -0.000324   0.000070   0.000148  0.0000747  0.0000087    0.000070    0.000052
1997  12  22  50804   0.129479   0.188109   0.2329612   0.0017096   0.000154  -0.000341   0.000100   0.000150  0.0000244  0.0000084    0.000132    0.000101
1997  12  23  50805   0.126591   0.186750   0.2312483   0.0017286   0.000121  -0.000183   0.000101   0.000179  0.0000206  0.0000084    0.000122    0.000085
1997  12  24  50806   0.123593   0.185044   0.2295330   0.0016756  -0.000021   0.000183   0.000090   0.000145  0.0000184  0.0000087    0.000103    0.000063
1997  12  25  50807   0.120682   0.183209   0.2279368   0.0016066  -0.000156   0.000537   0.000113   0.000172  0.0000156  0.0000092    0.000096    0.000056
1997  12  26  50808   0.117990   0.181629   0.2263808   0.0015260  -0.000247   0.000789   0.000142   0.000283  0.0000217  0.0000116    0.000095    0.000055
1997  12  27  50809   0.115377   0.180142   0.2248698   0.0014099  -0.000279   0.000902   0.000099   0.000188  0.0000756  0.0000116    0.000095    0.000055
1997  12  28  50810   0.112982   0.178884   0.2234592   0.0013124  -0.000247   0.000858   0.000063   0.000093  0.0000764  0.0000093    0.000051    0.000029
1997  12  29  50811   0.110497   0.177919   0.2221635   0.0012837  -0.000160   0.000674   0.000047   0.000070  0.0000567  0.0000090    0.000051    0.000029
1997  12  30  50812   0.107619   0.176961   0.2208880   0.0013115  -0.000042   0.000398   0.000045   0.000071  0.0000167  0.0000093    0.000051    0.000029
1997  12  31  50813   0.104825   0.175913   0.2195574   0.0013838   0.000080   0.000089   0.000046   0.000075  0.0000087  0.0000098    0.000051    0.000029
