

                   INTERNATIONAL EARTH ROTATION SERVICE
                        EARTH ROTATION PARAMETERS
                          EOP (IERS) C04

  
             FORMAT(3(I4),I7,2(F11.6),2(F12.7),2(F12.6),2(F11.6),2(F12.7),2F12.6)
**********************************************************************************
  
      Date      MJD      x          y        UT1-UTC       LOD         dX        dY        x Err     y Err   UT1-UTC Err  Lod Err     dY Err       dY Err  
                         "          "           s           s          "         "           "          "          s         s            "           "
     (0h UTC)

1993   1   1  48988   0.207686   0.359755   0.0621388   0.0027393   0.000642  -0.000150   0.000358   0.000712  0.0000345  0.0001745    0.000130    0.000125
1993   1   2  48989   0.207448   0.355721   0.0594347   0.0026724   0.000719  -0.000143   0.000845   0.001635  0.0001401  0.0000875    0.000141    0.000140
1993   1   3  48990   0.208004   0.352578   0.0568014   0.0025834   0.000568  -0.000129   0.000610   0.001034  0.0001405  0.0000918    0.000160    0.000072
1993   1   4  48991   0.208431   0.350191   0.0542692   0.0024818   0.000278  -0.000118   0.000425   0.000471  0.0000436  0.0000843    0.000157    0.000070
1993   1   5  48992   0.208751   0.347592   0.0518309   0.0024260  -0.000016  -0.000120   0.000239   0.000294  0.0000282  0.0000405    0.000132    0.000065
1993   1   6  48993   0.209271   0.344435   0.0494003   0.0024251  -0.000200  -0.000134   0.000155   0.000210  0.0000374  0.0000466    0.000100    0.000056
1993   1   7  48994   0.210145   0.342069   0.0469536   0.0024240  -0.000226  -0.000101   0.000206   0.000260  0.0000651  0.0000679    0.000120    0.000071
1993   1   8  48995   0.211051   0.339268   0.0445203   0.0024752  -0.000150  -0.000030   0.000774   0.000611  0.0000983  0.0001172    0.000207    0.000138
1993   1   9  48996   0.211946   0.335551   0.0419769   0.0026258  -0.000129   0.000064   0.001325   0.001113  0.0001693  0.0001091    0.000218    0.000149
1993   1  10  48997   0.212977   0.333377   0.0392597   0.0027719  -0.000126   0.000151   0.000641   0.000508  0.0001198  0.0001016    0.000195    0.000128
1993   1  11  48998   0.213488   0.331589   0.0364479   0.0028915  -0.000144   0.000203   0.000272   0.000212  0.0000340  0.0000722    0.000187    0.000122
1993   1  12  48999   0.214369   0.329093   0.0335117   0.0029869  -0.000175   0.000192   0.000152   0.000204  0.0000246  0.0000405    0.000187    0.000122
1993   1  13  49000   0.215148   0.326832   0.0305175   0.0029648  -0.000194   0.000086   0.000147   0.000313  0.0000469  0.0000716    0.000185    0.000122
1993   1  14  49001   0.215272   0.324766   0.0276198   0.0028684  -0.000207  -0.000034   0.000135   0.000192  0.0001186  0.0000601    0.000128    0.000127
1993   1  15  49002   0.214864   0.322292   0.0248030   0.0027083  -0.000206  -0.000131   0.000114   0.000155  0.0000732  0.0001098    0.000126    0.000127
1993   1  16  49003   0.214100   0.319394   0.0222081   0.0024823  -0.000151  -0.000117   0.000151   0.000204  0.0001010  0.0001055    0.000126    0.000127
1993   1  17  49004   0.213064   0.315511   0.0198290   0.0022783  -0.000086  -0.000041   0.000244   0.000337  0.0001378  0.0000718    0.000114    0.000082
1993   1  18  49005   0.212266   0.312361   0.0176327   0.0021259  -0.000049   0.000042   0.000158   0.000181  0.0000425  0.0000797    0.000102    0.000061
1993   1  19  49006   0.212038   0.310626   0.0155534   0.0020460  -0.000076   0.000084   0.000127   0.000148  0.0000215  0.0000272    0.000094    0.000056
1993   1  20  49007   0.211601   0.307635   0.0135155   0.0020463  -0.000177   0.000056   0.000081   0.000108  0.0000118  0.0000158    0.000070    0.000041
1993   1  21  49008   0.211334   0.304703   0.0114384   0.0021184  -0.000181   0.000070   0.000084   0.000110  0.0000100  0.0000200    0.000072    0.000043
1993   1  22  49009   0.211191   0.301852   0.0092628   0.0022177  -0.000092   0.000126   0.000129   0.000137  0.0000281  0.0000413    0.000142    0.000086
1993   1  23  49010   0.211336   0.299228   0.0069961   0.0023088  -0.000049   0.000150   0.000152   0.000153  0.0000726  0.0000694    0.000172    0.000107
1993   1  24  49011   0.211860   0.297045   0.0046473   0.0024116  -0.000061   0.000148   0.000230   0.000246  0.0001108  0.0000496    0.000119    0.000072
1993   1  25  49012   0.212092   0.295241   0.0021817   0.0025352  -0.000104   0.000147   0.000121   0.000141  0.0000265  0.0000689    0.000090    0.000054
1993   1  26  49013   0.211760   0.293347  -0.0004099   0.0026491  -0.000157   0.000158   0.000112   0.000134  0.0000270  0.0000373    0.000095    0.000057
1993   1  27  49014   0.211444   0.291372  -0.0031010   0.0027366  -0.000203   0.000187   0.000135   0.000210  0.0000480  0.0000380    0.000156    0.000097
1993   1  28  49015   0.211105   0.289270  -0.0058675   0.0027527  -0.000263   0.000233   0.000144   0.000229  0.0000490  0.0000548    0.000259    0.000185
1993   1  29  49016   0.210467   0.286961  -0.0085932   0.0027048  -0.000317   0.000270   0.000137   0.000148  0.0000615  0.0000818    0.000226    0.000213
1993   1  30  49017   0.209357   0.284539  -0.0112686   0.0026272  -0.000286   0.000203   0.000118   0.000122  0.0001147  0.0000837    0.000193    0.000189
1993   1  31  49018   0.208298   0.281990  -0.0138453   0.0025118  -0.000184   0.000049   0.000131   0.000160  0.0001059  0.0000722    0.000158    0.000145
1993   2   1  49019   0.207141   0.279208  -0.0162975   0.0023925  -0.000093  -0.000097   0.000137   0.000246  0.0000296  0.0000630    0.000134    0.000118
1993   2   2  49020   0.205958   0.276279  -0.0186441   0.0023384  -0.000093  -0.000139   0.000161   0.000222  0.0000200  0.0000337    0.000150    0.000123
1993   2   3  49021   0.205108   0.273374  -0.0209970   0.0023810  -0.000204  -0.000047   0.000164   0.000139  0.0000378  0.0000499    0.000249    0.000148
1993   2   4  49022   0.204771   0.270390  -0.0234359   0.0024698  -0.000218  -0.000065   0.000136   0.000137  0.0000798  0.0000442    0.000259    0.000196
1993   2   5  49023   0.205100   0.267777  -0.0259669   0.0026439  -0.000060  -0.000153   0.000134   0.000241  0.0000506  0.0000710    0.000164    0.000163
1993   2   6  49024   0.205760   0.265699  -0.0287435   0.0029099   0.000103  -0.000175   0.000173   0.000316  0.0000623  0.0000638    0.000142    0.000142
1993   2   7  49025   0.206012   0.263235  -0.0317856   0.0031508   0.000170  -0.000107   0.000394   0.000445  0.0000770  0.0000403    0.000122    0.000090
1993   2   8  49026   0.205293   0.260863  -0.0350188   0.0033170   0.000128   0.000002   0.000316   0.000486  0.0000183  0.0000469    0.000107    0.000068
1993   2   9  49027   0.204153   0.258917  -0.0383750   0.0033819  -0.000048   0.000102   0.000244   0.000380  0.0000167  0.0000203    0.000108    0.000068
1993   2  10  49028   0.203491   0.256131  -0.0417350   0.0032979  -0.000299   0.000152   0.000245   0.000327  0.0000222  0.0000202    0.000122    0.000075
1993   2  11  49029   0.202494   0.253491  -0.0449359   0.0030925  -0.000275   0.000133   0.000258   0.000348  0.0000237  0.0000243    0.000179    0.000116
1993   2  12  49030   0.201861   0.251073  -0.0479067   0.0028039  -0.000146   0.000071   0.000200   0.000293  0.0000263  0.0000200    0.000148    0.000106
1993   2  13  49031   0.200241   0.248551  -0.0505507   0.0025222  -0.000124  -0.000019   0.000101   0.000152  0.0000162  0.0000207    0.000088    0.000056
1993   2  14  49032   0.198836   0.246088  -0.0529712   0.0023361  -0.000112  -0.000061   0.000110   0.000121  0.0000150  0.0000208    0.000075    0.000047
1993   2  15  49033   0.197955   0.243487  -0.0552478   0.0022113  -0.000036  -0.000037   0.000118   0.000110  0.0000254  0.0000189    0.000121    0.000062
1993   2  16  49034   0.197440   0.240713  -0.0574182   0.0021981   0.000076   0.000005   0.000097   0.000131  0.0000228  0.0000352    0.000159    0.000078
1993   2  17  49035   0.196949   0.238047  -0.0596655   0.0022485   0.000183   0.000028   0.000123   0.000251  0.0000451  0.0000670    0.000237    0.000134
1993   2  18  49036   0.196208   0.235659  -0.0619324   0.0023382   0.000176   0.000025   0.000187   0.000318  0.0001111  0.0000565    0.000167    0.000146
1993   2  19  49037   0.195586   0.233541  -0.0643527   0.0025045   0.000083   0.000008   0.000105   0.000238  0.0000678  0.0000913    0.000124    0.000108
1993   2  20  49038   0.194765   0.231886  -0.0669442   0.0026453  -0.000039   0.000011   0.000105   0.000143  0.0000714  0.0000891    0.000123    0.000108
1993   2  21  49039   0.193415   0.230391  -0.0696382   0.0027592  -0.000162   0.000031   0.000184   0.000145  0.0001104  0.0000541    0.000132    0.000091
1993   2  22  49040   0.191537   0.229078  -0.0724512   0.0028515  -0.000256   0.000067   0.000114   0.000217  0.0000368  0.0000687    0.000147    0.000077
1993   2  23  49041   0.189149   0.227826  -0.0753263   0.0028770  -0.000293   0.000113   0.000112   0.000232  0.0000270  0.0000412    0.000147    0.000077
1993   2  24  49042   0.186411   0.225904  -0.0781893   0.0028008  -0.000248   0.000165   0.000213   0.000247  0.0000457  0.0000663    0.000146    0.000078
1993   2  25  49043   0.183998   0.223555  -0.0809133   0.0026884  -0.000151   0.000218   0.000221   0.000248  0.0001055  0.0000571    0.000137    0.000111
1993   2  26  49044   0.182096   0.221229  -0.0835552   0.0025732  -0.000029   0.000266   0.000118   0.000253  0.0000685  0.0000847    0.000136    0.000113
1993   2  27  49045   0.180265   0.219271  -0.0860546   0.0024430   0.000081   0.000301   0.000120   0.000279  0.0000639  0.0000769    0.000136    0.000113
1993   2  28  49046   0.178355   0.217301  -0.0884436   0.0023233   0.000150   0.000321   0.000250   0.000309  0.0000853  0.0000451    0.000114    0.000100
1993   3   1  49047   0.176315   0.215090  -0.0907119   0.0022418   0.000162   0.000321   0.000211   0.000203  0.0000262  0.0000524    0.000096    0.000089
1993   3   2  49048   0.174148   0.212927  -0.0929460   0.0022042   0.000112   0.000296   0.000191   0.000188  0.0000195  0.0000295    0.000096    0.000088
1993   3   3  49049   0.172256   0.211051  -0.0951457   0.0022326   0.000010   0.000244   0.000228   0.000176  0.0000327  0.0000332    0.000104    0.000075
1993   3   4  49050   0.170930   0.209492  -0.0974399   0.0023786  -0.000126   0.000200   0.000226   0.000142  0.0000469  0.0000417    0.000117    0.000073
1993   3   5  49051   0.169693   0.208112  -0.0999275   0.0025921  -0.000275   0.000193   0.000283   0.000148  0.0000507  0.0000503    0.000160    0.000099
1993   3   6  49052   0.168362   0.206744  -0.1026350   0.0028216  -0.000351   0.000103   0.000258   0.000193  0.0000537  0.0000386    0.000206    0.000125
1993   3   7  49053   0.167021   0.205025  -0.1055596   0.0030376  -0.000339  -0.000043   0.000315   0.000433  0.0000265  0.0000362    0.000162    0.000115
1993   3   8  49054   0.165397   0.203340  -0.1086761   0.0032059  -0.000267  -0.000152   0.000294   0.000601  0.0000186  0.0000237    0.000128    0.000101
1993   3   9  49055   0.163977   0.202016  -0.1119233   0.0032777  -0.000170  -0.000144   0.000199   0.000402  0.0000209  0.0000279    0.000130    0.000102
1993   3  10  49056   0.163096   0.200251  -0.1151853   0.0032070  -0.000085   0.000008   0.000181   0.000323  0.0000371  0.0000465    0.000137    0.000104
1993   3  11  49057   0.162374   0.198486  -0.1183085   0.0030422  -0.000071   0.000107   0.000284   0.000508  0.0000721  0.0000529    0.000145    0.000108
1993   3  12  49058   0.162418   0.197664  -0.1212653   0.0028496  -0.000104   0.000154   0.000419   0.000840  0.0000687  0.0000718    0.000160    0.000114
1993   3  13  49059   0.161783   0.195601  -0.1240236   0.0026583  -0.000087   0.000173   0.000472   0.000775  0.0000715  0.0000840    0.000160    0.000114
1993   3  14  49060   0.160038   0.194599  -0.1266078   0.0025352  -0.000038   0.000167   0.000604   0.000571  0.0000993  0.0000484    0.000142    0.000100
1993   3  15  49061   0.157815   0.193025  -0.1291200   0.0024952   0.000007   0.000145   0.000318   0.000235  0.0000253  0.0000618    0.000125    0.000086
1993   3  16  49062   0.155426   0.191475  -0.1316195   0.0025052   0.000019   0.000125   0.000243   0.000178  0.0000243  0.0000314    0.000128    0.000082
1993   3  17  49063   0.153340   0.189923  -0.1341462   0.0025420  -0.000002   0.000119   0.000214   0.000167  0.0000375  0.0000459    0.000144    0.000082
1993   3  18  49064   0.150311   0.188541  -0.1367142   0.0026228   0.000080   0.000085   0.000278   0.000203  0.0000676  0.0000474    0.000202    0.000124
1993   3  19  49065   0.148296   0.187190  -0.1393972   0.0027185   0.000178   0.000035   0.000401   0.000232  0.0000572  0.0000684    0.000169    0.000110
1993   3  20  49066   0.146255   0.185938  -0.1421501   0.0027954   0.000184   0.000026   0.000426   0.000247  0.0000692  0.0000944    0.000146    0.000093
1993   3  21  49067   0.144143   0.184356  -0.1449803   0.0028688   0.000104   0.000058   0.000344   0.000393  0.0001315  0.0000554    0.000134    0.000080
1993   3  22  49068   0.142346   0.182847  -0.1478752   0.0028956   0.000010   0.000092   0.000231   0.000328  0.0000415  0.0000797    0.000127    0.000070
1993   3  23  49069   0.140441   0.181600  -0.1507566   0.0028659  -0.000013   0.000088   0.000183   0.000298  0.0000279  0.0000313    0.000140    0.000079
1993   3  24  49070   0.138411   0.180160  -0.1535924   0.0028291   0.000054   0.000032   0.000102   0.000217  0.0000210  0.0000200    0.000146    0.000096
1993   3  25  49071   0.135933   0.178994  -0.1564024   0.0027530  -0.000032  -0.000002   0.000071   0.000112  0.0000121  0.0000186    0.000092    0.000062
1993   3  26  49072   0.133084   0.177996  -0.1590904   0.0025858  -0.000363   0.000054   0.000073   0.000118  0.0000162  0.0000310    0.000107    0.000075
1993   3  27  49073   0.129996   0.176808  -0.1615726   0.0024401  -0.000573   0.000091   0.000087   0.000140  0.0000500  0.0000576    0.000146    0.000115
1993   3  28  49074   0.126566   0.175559  -0.1639775   0.0023867  -0.000524   0.000072   0.000102   0.000152  0.0000990  0.0000395    0.000121    0.000106
1993   3  29  49075   0.123208   0.174311  -0.1663613   0.0023319  -0.000292   0.000024   0.000118   0.000288  0.0000290  0.0000608    0.000097    0.000088
1993   3  30  49076   0.120404   0.172929  -0.1686633   0.0022999   0.000012  -0.000018   0.000137   0.000313  0.0000226  0.0000360    0.000097    0.000088
1993   3  31  49077   0.117965   0.171580  -0.1709861   0.0023714   0.000142   0.000013   0.000151   0.000300  0.0000430  0.0000598    0.000097    0.000088
1993   4   1  49078   0.115503   0.170457  -0.1734294   0.0025382   0.000217   0.000067   0.000123   0.000262  0.0000971  0.0000521    0.000097    0.000088
1993   4   2  49079   0.112912   0.169727  -0.1760777   0.0027599   0.000226   0.000132   0.000141   0.000151  0.0000612  0.0000929    0.000097    0.000088
1993   4   3  49080   0.110115   0.169179  -0.1789491   0.0029922   0.000181   0.000192   0.000151   0.000150  0.0000888  0.0000934    0.000132    0.000121
1993   4   4  49081   0.106868   0.168805  -0.1820425   0.0031907   0.000105   0.000232   0.000138   0.000193  0.0001256  0.0000639    0.000132    0.000121
1993   4   5  49082   0.103512   0.168333  -0.1852930   0.0033190   0.000025   0.000241   0.000096   0.000109  0.0000391  0.0000765    0.000132    0.000121
1993   4   6  49083   0.100334   0.167631  -0.1886350   0.0033488  -0.000027   0.000216   0.000096   0.000109  0.0000274  0.0000433    0.000132    0.000121
1993   4   7  49084   0.097063   0.167170  -0.1919518   0.0032404  -0.000025   0.000159   0.000168   0.000194  0.0000476  0.0000563    0.000148    0.000114
1993   4   8  49085   0.093578   0.166671  -0.1950963   0.0030307  -0.000020   0.000112   0.000186   0.000233  0.0000852  0.0000839    0.000180    0.000107
1993   4   9  49086   0.090212   0.166042  -0.1980173   0.0028500  -0.000078   0.000067   0.000191   0.000242  0.0001202  0.0001637    0.000181    0.000107
1993   4  10  49087   0.087297   0.165441  -0.2008181   0.0027284  -0.000154   0.000058   0.000228   0.000288  0.0002423  0.0001245    0.000180    0.000107
1993   4  11  49088   0.084449   0.165141  -0.2035020   0.0026423  -0.000191   0.000108   0.000249   0.000325  0.0001287  0.0001390    0.000123    0.000142
1993   4  12  49089   0.081611   0.164988  -0.2061267   0.0026164  -0.000155   0.000215   0.000138   0.000185  0.0000357  0.0000761    0.000124    0.000144
1993   4  13  49090   0.079310   0.164808  -0.2087511   0.0026503  -0.000012   0.000379   0.000104   0.000135  0.0000234  0.0000335    0.000140    0.000161
1993   4  14  49091   0.077658   0.164865  -0.2114364   0.0027397   0.000208   0.000532   0.000123   0.000127  0.0000313  0.0000338    0.000202    0.000191
1993   4  15  49092   0.076252   0.164831  -0.2142346   0.0028571   0.000320   0.000406   0.000118   0.000133  0.0000442  0.0000377    0.000167    0.000124
1993   4  16  49093   0.074355   0.164720  -0.2171505   0.0029265   0.000224   0.000009   0.000091   0.000163  0.0000440  0.0000556    0.000132    0.000092
1993   4  17  49094   0.072291   0.164360  -0.2200829   0.0029725   0.000163  -0.000320   0.000115   0.000260  0.0000670  0.0000808    0.000123    0.000085
1993   4  18  49095   0.070007   0.163865  -0.2230858   0.0029923   0.000172  -0.000460   0.000201   0.000300  0.0001175  0.0000520    0.000140    0.000087
1993   4  19  49096   0.067372   0.163606  -0.2260546   0.0029140   0.000198  -0.000419   0.000120   0.000149  0.0000371  0.0000712    0.000173    0.000092
1993   4  20  49097   0.064760   0.163814  -0.2289004   0.0028295   0.000192  -0.000220   0.000118   0.000145  0.0000249  0.0000390    0.000194    0.000103
1993   4  21  49098   0.062075   0.164313  -0.2317016   0.0027930   0.000127   0.000055   0.000191   0.000201  0.0000410  0.0000353    0.000220    0.000134
1993   4  22  49099   0.059354   0.164591  -0.2344777   0.0027921   0.000077   0.000186   0.000167   0.000119  0.0000457  0.0000456    0.000135    0.000090
1993   4  23  49100   0.056626   0.164478  -0.2372821   0.0027275   0.000005   0.000080   0.000189   0.000123  0.0000503  0.0000640    0.000140    0.000088
1993   4  24  49101   0.053865   0.164156  -0.2399362   0.0025803  -0.000034  -0.000075   0.000293   0.000240  0.0000823  0.0000778    0.000164    0.000094
1993   4  25  49102   0.051056   0.164079  -0.2424547   0.0025477  -0.000034  -0.000173   0.000255   0.000383  0.0001053  0.0000571    0.000171    0.000112
1993   4  26  49103   0.048416   0.164116  -0.2450512   0.0025479  -0.000035  -0.000197   0.000120   0.000339  0.0000320  0.0000635    0.000174    0.000155
1993   4  27  49104   0.045984   0.164204  -0.2475740   0.0025511  -0.000075  -0.000114   0.000109   0.000298  0.0000218  0.0000286    0.000181    0.000140
1993   4  28  49105   0.043841   0.164418  -0.2501754   0.0027169  -0.000153   0.000048   0.000096   0.000227  0.0000252  0.0000196    0.000167    0.000094
1993   4  29  49106   0.041700   0.164567  -0.2530226   0.0029734  -0.000079   0.000058   0.000073   0.000118  0.0000174  0.0000256    0.000120    0.000066
1993   4  30  49107   0.039909   0.164947  -0.2561252   0.0031658   0.000142   0.000050   0.000074   0.000098  0.0000261  0.0000457    0.000137    0.000074
1993   5   1  49108   0.038274   0.165591  -0.2593425   0.0033513   0.000289   0.000058   0.000104   0.000132  0.0000741  0.0001208    0.000174    0.000092
1993   5   2  49109   0.036349   0.165941  -0.2628016   0.0034976   0.000299   0.000084   0.000193   0.000267  0.0002155  0.0000821    0.000178    0.000093
1993   5   3  49110   0.034750   0.165994  -0.2663014   0.0034748   0.000241   0.000123   0.000217   0.000314  0.0000901  0.0001209    0.000158    0.000083
1993   5   4  49111   0.033406   0.166402  -0.2697139   0.0033036   0.000175   0.000169   0.000160   0.000245  0.0000263  0.0000520    0.000154    0.000081
1993   5   5  49112   0.030994   0.166707  -0.2728817   0.0030497   0.000197   0.000233   0.000163   0.000229  0.0000139  0.0000212    0.000146    0.000076
1993   5   6  49113   0.029080   0.166836  -0.2758054   0.0027711   0.000055   0.000089   0.000152   0.000233  0.0000160  0.0000216    0.000157    0.000086
1993   5   7  49114   0.027308   0.166945  -0.2784363   0.0025324  -0.000246  -0.000107   0.000150   0.000268  0.0000292  0.0000461    0.000172    0.000129
1993   5   8  49115   0.025323   0.166728  -0.2808958   0.0024349  -0.000489  -0.000267   0.000219   0.000329  0.0000762  0.0001923    0.000177    0.000202
1993   5   9  49116   0.023399   0.166239  -0.2833338   0.0024042  -0.000544  -0.000364   0.000282   0.000307  0.0003555  0.0002068    0.000178    0.000232
1993   5  10  49117   0.021384   0.166026  -0.2857250   0.0023931  -0.000456  -0.000372   0.000231   0.000273  0.0003375  0.0002111    0.000191    0.000205
1993   5  11  49118   0.019480   0.166291  -0.2881310   0.0023959  -0.000273  -0.000283   0.000206   0.000242  0.0000668  0.0001800    0.000180    0.000177
1993   5  12  49119   0.017753   0.166733  -0.2905198   0.0024140  -0.000064  -0.000118   0.000129   0.000164  0.0000225  0.0000401    0.000128    0.000106
1993   5  13  49120   0.016431   0.167174  -0.2929573   0.0024638   0.000074   0.000100   0.000064   0.000085  0.0000135  0.0000180    0.000080    0.000061
1993   5  14  49121   0.015424   0.167745  -0.2954423   0.0025035   0.000237   0.000248   0.000058   0.000087  0.0000135  0.0000260    0.000083    0.000065
1993   5  15  49122   0.014098   0.168472  -0.2979562   0.0025718   0.000357   0.000310   0.000090   0.000186  0.0000385  0.0001060    0.000111    0.000093
1993   5  16  49123   0.012775   0.169052  -0.3005750   0.0026353   0.000358   0.000304   0.000159   0.000228  0.0001984  0.0000431    0.000123    0.000102
1993   5  17  49124   0.011714   0.169650  -0.3032146   0.0026014   0.000274   0.000228   0.000177   0.000197  0.0000477  0.0001094    0.000130    0.000085
1993   5  18  49125   0.010197   0.170590  -0.3057666   0.0025216   0.000139   0.000104   0.000224   0.000163  0.0000203  0.0000324    0.000134    0.000085
1993   5  19  49126   0.008701   0.171563  -0.3082496   0.0024446  -0.000014  -0.000037   0.000283   0.000169  0.0000172  0.0000223    0.000149    0.000085
1993   5  20  49127   0.007830   0.172496  -0.3106519   0.0023254  -0.000032  -0.000166   0.000194   0.000200  0.0000243  0.0000315    0.000159    0.000086
1993   5  21  49128   0.006803   0.173347  -0.3129022   0.0022195   0.000073  -0.000247   0.000167   0.000195  0.0000458  0.0000287    0.000095    0.000074
1993   5  22  49129   0.005116   0.174566  -0.3151001   0.0021768   0.000206  -0.000260   0.000213   0.000172  0.0000332  0.0000474    0.000090    0.000072
1993   5  23  49130   0.003168   0.175895  -0.3172733   0.0021360   0.000113  -0.000138   0.000374   0.000162  0.0000490  0.0000569    0.000091    0.000072
1993   5  24  49131   0.001272   0.176561  -0.3193956   0.0021222  -0.000023   0.000004   0.000403   0.000158  0.0000806  0.0000393    0.000154    0.000125
1993   5  25  49132  -0.001070   0.177161  -0.3215413   0.0022335  -0.000076   0.000079   0.000221   0.000147  0.0000295  0.0000498    0.000162    0.000121
1993   5  26  49133  -0.004292   0.178107  -0.3238789   0.0024088   0.000063  -0.000002   0.000184   0.000146  0.0000190  0.0000253    0.000135    0.000090
1993   5  27  49134  -0.007029   0.178452  -0.3263622   0.0025924   0.000138  -0.000057   0.000182   0.000147  0.0000211  0.0000234    0.000162    0.000110
1993   5  28  49135  -0.008860   0.178305  -0.3290526   0.0027505   0.000175  -0.000121   0.000177   0.000150  0.0000277  0.0000581    0.000228    0.000186
1993   5  29  49136  -0.010462   0.178432  -0.3318402   0.0028476   0.000222  -0.000230   0.000182   0.000161  0.0000952  0.0002474    0.000253    0.000232
1993   5  30  49137  -0.011833   0.178927  -0.3347177   0.0028748   0.000248  -0.000332   0.000240   0.000214  0.0004672  0.0001515    0.000240    0.000216
1993   5  31  49138  -0.013486   0.179586  -0.3375587   0.0027901   0.000240  -0.000390   0.000481   0.000424  0.0002077  0.0002500    0.000107    0.000082
1993   6   1  49139  -0.015392   0.180165  -0.3402728   0.0026020   0.000195  -0.000379   0.000362   0.000437  0.0000329  0.0001115    0.000108    0.000082
1993   6   2  49140  -0.017534   0.180721  -0.3427501   0.0022922   0.000120  -0.000295   0.000198   0.000331  0.0000153  0.0000275    0.000117    0.000089
1993   6   3  49141  -0.019578   0.180854  -0.3448612   0.0021272   0.000021  -0.000140   0.000225   0.000372  0.0000222  0.0000307    0.000181    0.000136
1993   6   4  49142  -0.021273   0.181015  -0.3470234   0.0020199  -0.000032   0.000025   0.000367   0.000547  0.0000460  0.0000486    0.000330    0.000221
1993   6   5  49143  -0.023120   0.181765  -0.3489279   0.0018431  -0.000021   0.000116   0.000451   0.000707  0.0000750  0.0001390    0.000325    0.000204
1993   6   6  49144  -0.024987   0.183041  -0.3507349   0.0018392   0.000046   0.000116   0.000525   0.000532  0.0002320  0.0000984    0.000340    0.000188
1993   6   7  49145  -0.026592   0.184135  -0.3526230   0.0019301   0.000149   0.000047   0.000348   0.000240  0.0001218  0.0001309    0.000412    0.000160
1993   6   8  49146  -0.028400   0.185037  -0.3546013   0.0020352   0.000259  -0.000052   0.000215   0.000181  0.0000297  0.0000695    0.000230    0.000113
1993   6   9  49147  -0.030194   0.186031  -0.3566913   0.0021216   0.000370  -0.000154   0.000146   0.000152  0.0000171  0.0000246    0.000151    0.000081
1993   6  10  49148  -0.031985   0.186997  -0.3588378   0.0021902   0.000280  -0.000100   0.000166   0.000155  0.0000195  0.0000307    0.000191    0.000107
1993   6  11  49149  -0.033618   0.187774  -0.3610625   0.0022279   0.000114   0.000073   0.000308   0.000233  0.0000443  0.0001360    0.000281    0.000189
1993   6  12  49150  -0.035023   0.188431  -0.3632826   0.0022556   0.000061   0.000250   0.000229   0.000457  0.0002525  0.0001229    0.000331    0.000334
1993   6  13  49151  -0.035604   0.189763  -0.3655619   0.0022498   0.000090   0.000338   0.000168   0.000525  0.0002016  0.0001454    0.000240    0.000053
1993   6  14  49152  -0.036213   0.191438  -0.3677709   0.0021372   0.000161   0.000266   0.000138   0.000331  0.0000384  0.0001112    0.000226    0.000051
1993   6  15  49153  -0.037676   0.192950  -0.3698278   0.0020280   0.000224  -0.000002   0.000109   0.000174  0.0000209  0.0000292    0.000184    0.000054
1993   6  16  49154  -0.039190   0.194457  -0.3718230   0.0019233   0.000218  -0.000480   0.000104   0.000172  0.0000200  0.0000222    0.000128    0.000067
1993   6  17  49155  -0.040771   0.195804  -0.3736757   0.0018082   0.000194  -0.000839   0.000147   0.000275  0.0000234  0.0000537    0.000112    0.000083
1993   6  18  49156  -0.042674   0.196839  -0.3754468   0.0017245   0.000164  -0.000968   0.000283   0.000427  0.0000874  0.0002607    0.000110    0.000087
1993   6  19  49157  -0.044748   0.197653  -0.3771396   0.0016807   0.000128  -0.000911   0.000203   0.000480  0.0004980  0.0002520    0.000113    0.000093
1993   6  20  49158  -0.047192   0.198501  -0.3788302   0.0016904   0.000095  -0.000729   0.000212   0.000503  0.0004167  0.0002836    0.000128    0.000160
1993   6  21  49159  -0.049601   0.199531  -0.3805457   0.0017681   0.000071  -0.000508   0.000480   0.000497  0.0000692  0.0002233    0.000127    0.000155
1993   6  22  49160  -0.051830   0.200179  -0.3823873   0.0019294   0.000056  -0.000344   0.000350   0.000372  0.0000298  0.0000427    0.000116    0.000125
1993   6  23  49161  -0.053592   0.200974  -0.3844127   0.0021067   0.000027  -0.000353   0.000157   0.000272  0.0000162  0.0000219    0.000093    0.000084
1993   6  24  49162  -0.054955   0.202114  -0.3865913   0.0022380   0.000178  -0.000190   0.000155   0.000282  0.0000139  0.0000176    0.000100    0.000086
1993   6  25  49163  -0.055909   0.203205  -0.3888641   0.0023113   0.000336   0.000023   0.000166   0.000233  0.0000189  0.0000171    0.000105    0.000109
1993   6  26  49164  -0.056399   0.204399  -0.3911816   0.0023251   0.000244   0.000081   0.000135   0.000188  0.0000202  0.0000261    0.000087    0.000109
1993   6  27  49165  -0.057045   0.205939  -0.3934831   0.0022865   0.000045   0.000042   0.000226   0.000314  0.0000333  0.0000565    0.000117    0.000153
1993   6  28  49166  -0.058856   0.206431  -0.3957316   0.0020953  -0.000108  -0.000040   0.000499   0.000538  0.0000927  0.0000398    0.000215    0.000183
1993   6  29  49167  -0.060246   0.207677  -0.3976626   0.0018088  -0.000157  -0.000120   0.000262   0.000481  0.0000463  0.0000595    0.000201    0.000142
1993   6  30  49168  -0.061477   0.208673  -0.3993511   0.0016706  -0.000055  -0.000153   0.000189   0.000390  0.0000263  0.0000357    0.000155    0.000121
1993   7   1  49169  -0.062743   0.209868   0.5989823   0.0015524   0.000069  -0.000198   0.000219   0.000396  0.0000252  0.0000523    0.000139    0.000112
1993   7   2  49170  -0.063972   0.211038   0.5975217   0.0014414   0.000154  -0.000268   0.000566   0.000598  0.0000783  0.0002098    0.000137    0.000111
1993   7   3  49171  -0.065103   0.212251   0.5960743   0.0014006   0.000205  -0.000333   0.000857   0.000527  0.0003945  0.0003231    0.000136    0.000111
1993   7   4  49172  -0.066250   0.213650   0.5946994   0.0013675   0.000223  -0.000370   0.000438   0.000277  0.0005679  0.0003117    0.000084    0.000053
1993   7   5  49173  -0.067032   0.214814   0.5933272   0.0014464   0.000220  -0.000361   0.000333   0.000259  0.0002288  0.0003035    0.000084    0.000052
1993   7   6  49174  -0.067491   0.215994   0.5918048   0.0015411   0.000210  -0.000303   0.000295   0.000234  0.0000390  0.0001238    0.000085    0.000053
1993   7   7  49175  -0.068034   0.216866   0.5902511   0.0015832   0.000213  -0.000197   0.000196   0.000173  0.0000188  0.0000342    0.000092    0.000057
1993   7   8  49176  -0.068381   0.217407   0.5886489   0.0016234   0.000250  -0.000047   0.000194   0.000204  0.0000294  0.0000551    0.000141    0.000088
1993   7   9  49177  -0.068411   0.218273   0.5870166   0.0016680   0.000276   0.000039   0.000279   0.000377  0.0000914  0.0000945    0.000341    0.000237
1993   7  10  49178  -0.068484   0.219482   0.5853253   0.0016044   0.000282   0.000020   0.000417   0.000537  0.0001597  0.0001299    0.000386    0.000326
1993   7  11  49179  -0.068715   0.220190   0.5838196   0.0015149   0.000272  -0.000074   0.000650   0.000640  0.0001685  0.0001069    0.000208    0.000137
1993   7  12  49180  -0.068648   0.221430   0.5823049   0.0014852   0.000253  -0.000178   0.000378   0.000482  0.0000540  0.0000953    0.000111    0.000069
1993   7  13  49181  -0.068760   0.222813   0.5808543   0.0014259   0.000233  -0.000232   0.000195   0.000277  0.0000221  0.0000346    0.000099    0.000065
1993   7  14  49182  -0.069530   0.224212   0.5794526   0.0013714   0.000229  -0.000171   0.000133   0.000236  0.0000153  0.0000211    0.000077    0.000057
1993   7  15  49183  -0.070873   0.225761   0.5781052   0.0013147   0.000184  -0.000084   0.000166   0.000222  0.0000201  0.0000243    0.000085    0.000066
1993   7  16  49184  -0.071374   0.227235   0.5768107   0.0012720   0.000180  -0.000021   0.000248   0.000279  0.0000334  0.0000279    0.000130    0.000102
1993   7  17  49185  -0.071922   0.228752   0.5755420   0.0012490   0.000242  -0.000025   0.000151   0.000329  0.0000358  0.0000348    0.000130    0.000088
1993   7  18  49186  -0.072215   0.230423   0.5742884   0.0012926   0.000291  -0.000116   0.000159   0.000367  0.0000363  0.0000442    0.000104    0.000068
1993   7  19  49187  -0.072280   0.232187   0.5729325   0.0014688   0.000268  -0.000248   0.000320   0.000588  0.0000526  0.0000311    0.000110    0.000068
1993   7  20  49188  -0.072481   0.233871   0.5713351   0.0016976   0.000188  -0.000298   0.000234   0.000396  0.0000258  0.0000348    0.000113    0.000070
1993   7  21  49189  -0.073290   0.235906   0.5695388   0.0019304   0.000060  -0.000139   0.000175   0.000257  0.0000169  0.0000223    0.000113    0.000074
1993   7  22  49190  -0.074107   0.237475   0.5674958   0.0021507   0.000001  -0.000001   0.000169   0.000242  0.0000188  0.0000244    0.000134    0.000091
1993   7  23  49191  -0.074540   0.239369   0.5652731   0.0022634  -0.000013   0.000093   0.000226   0.000332  0.0000318  0.0000704    0.000162    0.000108
1993   7  24  49192  -0.074948   0.241290   0.5630073   0.0022355  -0.000018   0.000157   0.000330   0.000571  0.0001219  0.0002406    0.000170    0.000112
1993   7  25  49193  -0.075624   0.242760   0.5608311   0.0020987  -0.000005   0.000174   0.000189   0.000464  0.0004494  0.0001792    0.000167    0.000108
1993   7  26  49194  -0.076716   0.244173   0.5588231   0.0019011   0.000020   0.000143   0.000179   0.000358  0.0002365  0.0002462    0.000110    0.000061
1993   7  27  49195  -0.077904   0.245628   0.5570265   0.0016529   0.000047   0.000075   0.000160   0.000313  0.0000430  0.0001277    0.000111    0.000061
1993   7  28  49196  -0.079167   0.247131   0.5555032   0.0014643   0.000071  -0.000010   0.000112   0.000222  0.0000190  0.0000302    0.000118    0.000065
1993   7  29  49197  -0.080185   0.248898   0.5540773   0.0014258   0.000107  -0.000105   0.000108   0.000123  0.0000173  0.0000162    0.000148    0.000082
1993   7  30  49198  -0.081239   0.250711   0.5526288   0.0014710   0.000028  -0.000100   0.000100   0.000094  0.0000135  0.0000164    0.000120    0.000062
1993   7  31  49199  -0.082390   0.252430   0.5511143   0.0015164  -0.000050  -0.000075   0.000102   0.000116  0.0000155  0.0000324    0.000098    0.000050
1993   8   1  49200  -0.083790   0.254210   0.5495807   0.0015472  -0.000026  -0.000109   0.000130   0.000255  0.0000514  0.0000520    0.000098    0.000050
1993   8   2  49201  -0.084966   0.255882   0.5480130   0.0016555   0.000048  -0.000153   0.000150   0.000310  0.0000885  0.0000455    0.000138    0.000105
1993   8   3  49202  -0.085581   0.257624   0.5462717   0.0018148   0.000134  -0.000179   0.000146   0.000158  0.0000395  0.0000574    0.000126    0.000088
1993   8   4  49203  -0.086406   0.259767   0.5443924   0.0019118   0.000180  -0.000155   0.000130   0.000116  0.0000263  0.0000313    0.000107    0.000066
1993   8   5  49204  -0.087820   0.262012   0.5424608   0.0019857   0.000213  -0.000101   0.000163   0.000113  0.0000231  0.0000269    0.000146    0.000085
1993   8   6  49205  -0.089667   0.264010   0.5404345   0.0020394   0.000223  -0.000047   0.000181   0.000142  0.0000275  0.0000312    0.000265    0.000159
1993   8   7  49206  -0.091449   0.265901   0.5383946   0.0019889   0.000234   0.000006   0.000152   0.000160  0.0000393  0.0000727    0.000251    0.000164
1993   8   8  49207  -0.093024   0.267799   0.5364670   0.0018606   0.000258   0.000052   0.000173   0.000177  0.0001179  0.0000494    0.000206    0.000137
1993   8   9  49208  -0.094257   0.269631   0.5346799   0.0017353   0.000250   0.000066   0.000197   0.000307  0.0000596  0.0000747    0.000111    0.000077
1993   8  10  49209  -0.094849   0.271628   0.5329976   0.0016130   0.000183   0.000032   0.000159   0.000195  0.0000316  0.0000439    0.000109    0.000073
1993   8  11  49210  -0.095241   0.273899   0.5314491   0.0015173   0.000003  -0.000084   0.000133   0.000158  0.0000281  0.0000320    0.000107    0.000067
1993   8  12  49211  -0.095974   0.276149   0.5299521   0.0014365   0.000021  -0.000061   0.000154   0.000212  0.0000325  0.0000536    0.000139    0.000094
1993   8  13  49212  -0.096581   0.278231   0.5285596   0.0014308   0.000150   0.000065   0.000197   0.000375  0.0000790  0.0001493    0.000209    0.000213
1993   8  14  49213  -0.096892   0.280372   0.5270688   0.0015662   0.000261   0.000199   0.000195   0.000261  0.0002661  0.0001391    0.000237    0.000441
1993   8  15  49214  -0.097355   0.282663   0.5254029   0.0017428   0.000320   0.000258   0.000155   0.000258  0.0001992  0.0001476    0.000132    0.000072
1993   8  16  49215  -0.098284   0.284698   0.5235623   0.0019407   0.000289   0.000183   0.000150   0.000322  0.0000290  0.0001129    0.000128    0.000069
1993   8  17  49216  -0.099182   0.286502   0.5215128   0.0021653   0.000149  -0.000055   0.000119   0.000193  0.0000267  0.0000305    0.000125    0.000071
1993   8  18  49217  -0.099844   0.288257   0.5192426   0.0023751  -0.000120  -0.000496   0.000107   0.000181  0.0000319  0.0000259    0.000123    0.000081
1993   8  19  49218  -0.100600   0.289776   0.5167936   0.0025270  -0.000244  -0.000661   0.000114   0.000174  0.0000251  0.0000223    0.000156    0.000109
1993   8  20  49219  -0.101331   0.291231   0.5142312   0.0025794  -0.000187  -0.000479   0.000090   0.000131  0.0000127  0.0000189    0.000115    0.000073
1993   8  21  49220  -0.101727   0.292733   0.5116745   0.0024936  -0.000088  -0.000158   0.000100   0.000130  0.0000127  0.0000254    0.000090    0.000057
1993   8  22  49221  -0.102094   0.294583   0.5092679   0.0022996  -0.000052   0.000099   0.000251   0.000190  0.0000381  0.0000295    0.000091    0.000057
1993   8  23  49222  -0.102394   0.296589   0.5070783   0.0020764  -0.000034   0.000247   0.000530   0.000383  0.0000463  0.0000329    0.000211    0.000115
1993   8  24  49223  -0.102127   0.298354   0.5051011   0.0018756  -0.000017   0.000235   0.000367   0.000430  0.0000277  0.0000392    0.000209    0.000116
1993   8  25  49224  -0.101948   0.300258   0.5033046   0.0017001  -0.000001   0.000035   0.000269   0.000375  0.0000321  0.0000309    0.000203    0.000121
1993   8  26  49225  -0.101622   0.302642   0.5016776   0.0016020   0.000261  -0.000144   0.000275   0.000432  0.0000341  0.0000337    0.000232    0.000167
1993   8  27  49226  -0.101422   0.304937   0.5000807   0.0015921   0.000516  -0.000289   0.000361   0.000486  0.0000352  0.0000348    0.000272    0.000268
1993   8  28  49227  -0.100903   0.307211   0.4984785   0.0016272   0.000573  -0.000406   0.000467   0.000452  0.0000356  0.0000341    0.000281    0.000314
1993   8  29  49228  -0.100512   0.309518   0.4968174   0.0017078   0.000504  -0.000458   0.000246   0.000421  0.0000329  0.0000350    0.000097    0.000069
1993   8  30  49229  -0.100567   0.311645   0.4950608   0.0018116   0.000361  -0.000434   0.000162   0.000220  0.0000345  0.0000342    0.000095    0.000066
1993   8  31  49230  -0.099946   0.313800   0.4931991   0.0019249   0.000214  -0.000342   0.000135   0.000165  0.0000355  0.0000325    0.000100    0.000065
1993   9   1  49231  -0.099652   0.315754   0.4912216   0.0020339   0.000146  -0.000215   0.000133   0.000159  0.0000305  0.0000354    0.000131    0.000065
1993   9   2  49232  -0.099588   0.317522   0.4891448   0.0021198   0.000092  -0.000034   0.000155   0.000159  0.0000353  0.0000751    0.000232    0.000090
1993   9   3  49233  -0.099433   0.319339   0.4869953   0.0021494   0.000088   0.000105   0.000170   0.000163  0.0001197  0.0002098    0.000372    0.000171
1993   9   4  49234  -0.099364   0.321102   0.4848575   0.0020720   0.000113   0.000161   0.000168   0.000204  0.0003843  0.0002372    0.000344    0.000239
1993   9   5  49235  -0.099291   0.323166   0.4828596   0.0019363   0.000127   0.000143   0.000154   0.000207  0.0003546  0.0002439    0.000233    0.000135
1993   9   6  49236  -0.099614   0.325132   0.4809885   0.0018415   0.000134   0.000062   0.000173   0.000197  0.0001035  0.0002032    0.000113    0.000057
1993   9   7  49237  -0.100397   0.326619   0.4791744   0.0018155   0.000138  -0.000055   0.000162   0.000166  0.0000518  0.0000693    0.000110    0.000058
1993   9   8  49238  -0.101045   0.328141   0.4773488   0.0017516   0.000143  -0.000172   0.000114   0.000131  0.0000351  0.0000447    0.000102    0.000059
1993   9   9  49239  -0.101419   0.329775   0.4756564   0.0016956   0.000191  -0.000243   0.000116   0.000165  0.0000375  0.0000830    0.000098    0.000060
1993   9  10  49240  -0.101438   0.331358   0.4739380   0.0017488   0.000284  -0.000253   0.000168   0.000307  0.0001310  0.0001764    0.000098    0.000061
1993   9  11  49241  -0.100975   0.333019   0.4721363   0.0018775   0.000385  -0.000214   0.000178   0.000203  0.0003153  0.0002219    0.000098    0.000061
1993   9  12  49242  -0.100493   0.334693   0.4701612   0.0020747   0.000459  -0.000150   0.000188   0.000204  0.0003128  0.0002690    0.000089    0.000061
1993   9  13  49243  -0.099872   0.336757   0.4679719   0.0023172   0.000471  -0.000090   0.000355   0.000397  0.0002227  0.0001797    0.000089    0.000061
1993   9  14  49244  -0.099126   0.339316   0.4655262   0.0025825   0.000398  -0.000058   0.000303   0.000382  0.0000465  0.0001229    0.000090    0.000062
1993   9  15  49245  -0.098099   0.341697   0.4628259   0.0027634   0.000237  -0.000072   0.000172   0.000241  0.0000232  0.0000359    0.000095    0.000066
1993   9  16  49246  -0.097344   0.344238   0.4600361   0.0028426  -0.000009  -0.000158   0.000190   0.000265  0.0000253  0.0000258    0.000134    0.000094
1993   9  17  49247  -0.097007   0.346550   0.4571849   0.0028036  -0.000224  -0.000151   0.000339   0.000390  0.0000285  0.0000287    0.000202    0.000145
1993   9  18  49248  -0.096854   0.348512   0.4544654   0.0026247  -0.000363  -0.000107   0.000384   0.000411  0.0000321  0.0000629    0.000196    0.000141
1993   9  19  49249  -0.096723   0.349959   0.4519523   0.0024074  -0.000411  -0.000107   0.000288   0.000307  0.0000973  0.0001145    0.000193    0.000139
1993   9  20  49250  -0.096700   0.351075   0.4496445   0.0021846  -0.000360  -0.000119   0.000141   0.000153  0.0001969  0.0000665    0.000070    0.000045
1993   9  21  49251  -0.097107   0.352315   0.4475609   0.0020407  -0.000223  -0.000129   0.000106   0.000141  0.0000357  0.0001073    0.000066    0.000042
1993   9  22  49252  -0.097424   0.353551   0.4455362   0.0020227  -0.000034  -0.000124   0.000090   0.000120  0.0000177  0.0000308    0.000071    0.000045
1993   9  23  49253  -0.097495   0.354969   0.4434928   0.0020417   0.000160  -0.000086   0.000092   0.000099  0.0000260  0.0000308    0.000113    0.000070
1993   9  24  49254  -0.097284   0.356736   0.4414378   0.0020873   0.000345  -0.000082   0.000137   0.000104  0.0000440  0.0000486    0.000247    0.000121
1993   9  25  49255  -0.097038   0.358726   0.4393100   0.0021776   0.000444  -0.000064   0.000207   0.000129  0.0000712  0.0001189    0.000287    0.000115
1993   9  26  49256  -0.096763   0.360572   0.4370795   0.0022786   0.000441  -0.000034   0.000114   0.000115  0.0001938  0.0000693    0.000309    0.000125
1993   9  27  49257  -0.096126   0.362410   0.4347546   0.0023704   0.000356  -0.000023   0.000111   0.000117  0.0000675  0.0001185    0.000319    0.000164
1993   9  28  49258  -0.095664   0.364493   0.4323456   0.0024221   0.000226  -0.000054   0.000144   0.000184  0.0000433  0.0000532    0.000187    0.000130
1993   9  29  49259  -0.095612   0.366637   0.4299216   0.0024084   0.000098  -0.000156   0.000085   0.000181  0.0000389  0.0000334    0.000110    0.000094
1993   9  30  49260  -0.095964   0.368736   0.4275421   0.0023744  -0.000008  -0.000240   0.000083   0.000156  0.0000235  0.0000249    0.000105    0.000084
1993  10   1  49261  -0.096227   0.370578   0.4251854   0.0023458  -0.000004  -0.000185   0.000074   0.000089  0.0000108  0.0000185    0.000059    0.000042
1993  10   2  49262  -0.095807   0.372267   0.4228601   0.0022725   0.000074  -0.000129   0.000082   0.000093  0.0000135  0.0000238    0.000048    0.000035
1993  10   3  49263  -0.095190   0.374071   0.4206459   0.0021580   0.000162  -0.000155   0.000213   0.000240  0.0000367  0.0000931    0.000047    0.000035
1993  10   4  49264  -0.094503   0.375993   0.4185444   0.0020999   0.000219  -0.000209   0.000749   0.000697  0.0001727  0.0000444    0.000091    0.000072
1993  10   5  49265  -0.094183   0.378237   0.4164403   0.0020974   0.000211  -0.000263   0.000760   0.000387  0.0000521  0.0000982    0.000137    0.000109
1993  10   6  49266  -0.093541   0.380371   0.4143372   0.0021254   0.000118  -0.000291   0.000429   0.000369  0.0000237  0.0000405    0.000141    0.000111
1993  10   7  49267  -0.092792   0.382039   0.4121715   0.0021963  -0.000077  -0.000253   0.000342   0.000519  0.0000288  0.0000383    0.000165    0.000120
1993  10   8  49268  -0.092384   0.383671   0.4099232   0.0022846  -0.000205  -0.000210   0.000418   0.000709  0.0000529  0.0000754    0.000258    0.000169
1993  10   9  49269  -0.091749   0.385190   0.4075812   0.0024109  -0.000238  -0.000195   0.000560   0.000813  0.0001219  0.0001207    0.000558    0.000308
1993  10  10  49270  -0.090140   0.386873   0.4050846   0.0025685  -0.000207  -0.000205   0.000576   0.000723  0.0001885  0.0000900    0.000412    0.000239
1993  10  11  49271  -0.088402   0.388804   0.4024370   0.0027993  -0.000137  -0.000196   0.000302   0.000569  0.0000581  0.0001057    0.000138    0.000089
1993  10  12  49272  -0.087296   0.390605   0.3994935   0.0030541  -0.000062  -0.000134   0.000165   0.000332  0.0000230  0.0000368    0.000115    0.000077
1993  10  13  49273  -0.086074   0.392953   0.3963533   0.0032355  -0.000031   0.000029   0.000139   0.000260  0.0000155  0.0000219    0.000087    0.000061
1993  10  14  49274  -0.084715   0.395500   0.3930604   0.0033038   0.000006   0.000063   0.000185   0.000331  0.0000208  0.0000231    0.000113    0.000082
1993  10  15  49275  -0.083469   0.397704   0.3897863   0.0032178   0.000068  -0.000043   0.000342   0.000527  0.0000307  0.0000260    0.000194    0.000173
1993  10  16  49276  -0.082716   0.399470   0.3866540   0.0030348   0.000117  -0.000133   0.000409   0.000481  0.0000311  0.0000450    0.000187    0.000182
1993  10  17  49277  -0.082102   0.400778   0.3837249   0.0027531   0.000119  -0.000116   0.000270   0.000255  0.0000592  0.0000233    0.000146    0.000092
1993  10  18  49278  -0.081520   0.401971   0.3811341   0.0025025   0.000085  -0.000078   0.000157   0.000184  0.0000154  0.0000334    0.000071    0.000033
1993  10  19  49279  -0.081494   0.403271   0.3786933   0.0023831   0.000025  -0.000082   0.000101   0.000121  0.0000077  0.0000127    0.000073    0.000035
1993  10  20  49280  -0.080819   0.404417   0.3763404   0.0023456  -0.000057  -0.000207   0.000100   0.000123  0.0000099  0.0000126    0.000085    0.000045
1993  10  21  49281  -0.080120   0.405910   0.3739826   0.0023932  -0.000055  -0.000255   0.000147   0.000150  0.0000175  0.0000189    0.000111    0.000071
1993  10  22  49282  -0.079787   0.407649   0.3715447   0.0024747  -0.000056  -0.000258   0.000225   0.000179  0.0000279  0.0000482    0.000134    0.000106
1993  10  23  49283  -0.079479   0.409228   0.3690314   0.0025723  -0.000111  -0.000262   0.000263   0.000182  0.0000789  0.0001118    0.000139    0.000118
1993  10  24  49284  -0.078813   0.410542   0.3664025   0.0026647  -0.000164  -0.000253   0.000264   0.000196  0.0001958  0.0001093    0.000202    0.000118
1993  10  25  49285  -0.078044   0.411861   0.3637074   0.0027110  -0.000179  -0.000225   0.000253   0.000346  0.0001397  0.0001160    0.000205    0.000117
1993  10  26  49286  -0.077290   0.413569   0.3609890   0.0027421  -0.000129  -0.000182   0.000218   0.000223  0.0000362  0.0000793    0.000178    0.000108
1993  10  27  49287  -0.076314   0.415503   0.3582346   0.0027675   0.000014  -0.000143   0.000165   0.000167  0.0000189  0.0000309    0.000138    0.000094
1993  10  28  49288  -0.075564   0.417170   0.3554661   0.0027253   0.000119  -0.000011   0.000185   0.000170  0.0000256  0.0000470    0.000183    0.000128
1993  10  29  49289  -0.075292   0.418697   0.3527946   0.0026346   0.000142   0.000087   0.000262   0.000224  0.0000750  0.0001054    0.000406    0.000289
1993  10  30  49290  -0.075095   0.420115   0.3502040   0.0025672   0.000084   0.000073   0.000284   0.000250  0.0001852  0.0001150    0.000754    0.000573
1993  10  31  49291  -0.074424   0.420890   0.3476627   0.0024616  -0.000016  -0.000011   0.000372   0.000268  0.0001549  0.0001173    0.000084    0.000063
1993  11   1  49292  -0.073335   0.421530   0.3452776   0.0022940  -0.000112  -0.000125   0.000395   0.000269  0.0000495  0.0000881    0.000081    0.000061
1993  11   2  49293  -0.073000   0.422649   0.3430652   0.0021972  -0.000156  -0.000219   0.000222   0.000158  0.0000213  0.0000326    0.000082    0.000061
1993  11   3  49294  -0.070866   0.423556   0.3408675   0.0021906  -0.000105  -0.000243   0.000145   0.000146  0.0000157  0.0000223    0.000088    0.000061
1993  11   4  49295  -0.069125   0.424308   0.3386636   0.0022098  -0.000021  -0.000208   0.000184   0.000187  0.0000233  0.0000452    0.000127    0.000087
1993  11   5  49296  -0.067547   0.425478   0.3364267   0.0022577   0.000096  -0.000099   0.000328   0.000235  0.0000746  0.0001388    0.000274    0.000198
1993  11   6  49297  -0.065191   0.427230   0.3341311   0.0023787   0.000226   0.000058   0.000298   0.000260  0.0002543  0.0001531    0.000736    0.000514
1993  11   7  49298  -0.062729   0.429064   0.3316606   0.0025707   0.000313   0.000200   0.000292   0.000381  0.0002316  0.0001682    0.000636    0.000353
1993  11   8  49299  -0.060531   0.430628   0.3289927   0.0028017   0.000293   0.000265   0.000209   0.000355  0.0000821  0.0001314    0.000247    0.000146
1993  11   9  49300  -0.058516   0.432227   0.3260733   0.0030019   0.000131   0.000213   0.000093   0.000304  0.0000312  0.0000507    0.000136    0.000094
1993  11  10  49301  -0.056619   0.433675   0.3230169   0.0030991  -0.000188   0.000014   0.000064   0.000240  0.0000194  0.0000287    0.000074    0.000054
1993  11  11  49302  -0.055124   0.435065   0.3199096   0.0030933  -0.000472  -0.000148   0.000077   0.000301  0.0000263  0.0000481    0.000064    0.000047
1993  11  12  49303  -0.054003   0.436146   0.3168621   0.0029622  -0.000644  -0.000216   0.000168   0.000385  0.0000768  0.0001292    0.000063    0.000046
1993  11  13  49304  -0.052625   0.437119   0.3140037   0.0027679  -0.000695  -0.000203   0.000235   0.000389  0.0002321  0.0001710    0.000063    0.000046
1993  11  14  49305  -0.051039   0.437759   0.3113251   0.0025501  -0.000627  -0.000134   0.000308   0.000499  0.0002652  0.0001625    0.000073    0.000063
1993  11  15  49306  -0.049726   0.438444   0.3088842   0.0023395  -0.000470  -0.000045   0.000601   0.000606  0.0000928  0.0001403    0.000074    0.000064
1993  11  16  49307  -0.048584   0.439390   0.3066179   0.0022239  -0.000272   0.000019   0.000322   0.000349  0.0000154  0.0000539    0.000074    0.000064
1993  11  17  49308  -0.047493   0.440391   0.3044110   0.0022219  -0.000088   0.000017   0.000165   0.000193  0.0000150  0.0000152    0.000078    0.000067
1993  11  18  49309  -0.046697   0.441504   0.3021594   0.0022743   0.000029  -0.000082   0.000149   0.000159  0.0000150  0.0000173    0.000099    0.000082
1993  11  19  49310  -0.046140   0.442709   0.2998590   0.0023328   0.000099  -0.000195   0.000170   0.000169  0.0000196  0.0000427    0.000132    0.000101
1993  11  20  49311  -0.045813   0.443812   0.2974979   0.0023975   0.000126  -0.000280   0.000185   0.000227  0.0000705  0.0001193    0.000143    0.000107
1993  11  21  49312  -0.045517   0.444993   0.2950713   0.0024396   0.000113  -0.000327   0.000227   0.000283  0.0002190  0.0001148    0.000141    0.000104
1993  11  22  49313  -0.044851   0.445958   0.2926274   0.0024633   0.000070  -0.000327   0.000247   0.000148  0.0001590  0.0001295    0.000089    0.000061
1993  11  23  49314  -0.043824   0.446612   0.2901547   0.0024832   0.000010  -0.000283   0.000172   0.000146  0.0000400  0.0000885    0.000089    0.000061
1993  11  24  49315  -0.042571   0.447512   0.2876721   0.0024545  -0.000051  -0.000211   0.000090   0.000205  0.0000180  0.0000312    0.000089    0.000061
1993  11  25  49316  -0.041534   0.448596   0.2852564   0.0023632  -0.000125  -0.000169   0.000091   0.000226  0.0000224  0.0000504    0.000089    0.000061
1993  11  26  49317  -0.040740   0.449605   0.2829535   0.0022536  -0.000178  -0.000139   0.000173   0.000294  0.0000828  0.0000988    0.000089    0.000061
1993  11  27  49318  -0.039927   0.450282   0.2807526   0.0021672  -0.000192  -0.000113   0.000234   0.000363  0.0001752  0.0000942    0.000085    0.000060
1993  11  28  49319  -0.039348   0.450862   0.2786173   0.0020776  -0.000165  -0.000094   0.000282   0.000515  0.0001056  0.0000984    0.000062    0.000046
1993  11  29  49320  -0.038981   0.451521   0.2765899   0.0019368  -0.000104  -0.000084   0.000184   0.000517  0.0000216  0.0000581    0.000063    0.000046
1993  11  30  49321  -0.038342   0.452045   0.2747304   0.0018149  -0.000024  -0.000081   0.000105   0.000270  0.0000107  0.0000177    0.000066    0.000047
1993  12   1  49322  -0.036695   0.452765   0.2729413   0.0017956   0.000083  -0.000057   0.000108   0.000205  0.0000139  0.0000172    0.000078    0.000051
1993  12   2  49323  -0.035272   0.453383   0.2711179   0.0018534  -0.000014  -0.000236   0.000162   0.000267  0.0000237  0.0000265    0.000093    0.000067
1993  12   3  49324  -0.034026   0.454118   0.2692158   0.0019572  -0.000142  -0.000413   0.000256   0.000550  0.0000391  0.0000712    0.000097    0.000088
1993  12   4  49325  -0.032441   0.455257   0.2671935   0.0021118  -0.000173  -0.000437   0.000398   0.000841  0.0001186  0.0000912    0.000098    0.000094
1993  12   5  49326  -0.030851   0.456470   0.2649945   0.0023054  -0.000160  -0.000370   0.000338   0.000622  0.0001434  0.0000767    0.000095    0.000069
1993  12   6  49327  -0.029463   0.457530   0.2625972   0.0024873  -0.000135  -0.000253   0.000158   0.000394  0.0000348  0.0000801    0.000095    0.000067
1993  12   7  49328  -0.028047   0.458596   0.2600438   0.0026396  -0.000131  -0.000140   0.000104   0.000190  0.0000168  0.0000263    0.000095    0.000065
1993  12   8  49329  -0.026451   0.459478   0.2573467   0.0027455  -0.000191  -0.000090   0.000114   0.000140  0.0000179  0.0000227    0.000101    0.000064
1993  12   9  49330  -0.025223   0.460368   0.2545803   0.0027026  -0.000226  -0.000111   0.000150   0.000171  0.0000287  0.0000383    0.000148    0.000089
1993  12  10  49331  -0.023923   0.461319   0.2519610   0.0025620  -0.000220  -0.000152   0.000144   0.000201  0.0000588  0.0000479    0.000265    0.000128
1993  12  11  49332  -0.022301   0.462274   0.2494618   0.0024620  -0.000183  -0.000126   0.000144   0.000206  0.0000672  0.0000740    0.000284    0.000130
1993  12  12  49333  -0.021069   0.463233   0.2470263   0.0023274  -0.000127  -0.000051   0.000188   0.000217  0.0000891  0.0000606    0.000334    0.000196
1993  12  13  49334  -0.020178   0.464312   0.2447836   0.0021655  -0.000080  -0.000048   0.000198   0.000168  0.0000541  0.0000584    0.000171    0.000145
1993  12  14  49335  -0.019208   0.465556   0.2426680   0.0021579  -0.000040  -0.000119   0.000141   0.000143  0.0000276  0.0000354    0.000099    0.000081
1993  12  15  49336  -0.018253   0.467009   0.2404463   0.0022778   0.000008  -0.000257   0.000109   0.000121  0.0000166  0.0000224    0.000075    0.000052
1993  12  16  49337  -0.017380   0.468262   0.2381027   0.0024214  -0.000006  -0.000278   0.000118   0.000130  0.0000171  0.0000360    0.000074    0.000050
1993  12  17  49338  -0.016195   0.469223   0.2356054   0.0025574  -0.000070  -0.000179   0.000159   0.000158  0.0000554  0.0000542    0.000179    0.000126
1993  12  18  49339  -0.014944   0.469967   0.2329971   0.0026146  -0.000108  -0.000095   0.000170   0.000208  0.0000914  0.0000745    0.000219    0.000160
1993  12  19  49340  -0.013640   0.470515   0.2303879   0.0026176  -0.000097  -0.000073   0.000181   0.000243  0.0000935  0.0000573    0.000176    0.000140
1993  12  20  49341  -0.012067   0.471096   0.2277736   0.0026086  -0.000067  -0.000077   0.000199   0.000181  0.0000232  0.0000534    0.000091    0.000078
1993  12  21  49342  -0.010290   0.471946   0.2251819   0.0026128  -0.000031  -0.000098   0.000135   0.000143  0.0000133  0.0000187    0.000085    0.000067
1993  12  22  49343  -0.007688   0.473135   0.2225585   0.0025896  -0.000011  -0.000122   0.000111   0.000132  0.0000143  0.0000154    0.000072    0.000050
1993  12  23  49344  -0.005017   0.474648   0.2200110   0.0024874   0.000002  -0.000126   0.000164   0.000199  0.0000176  0.0000323    0.000066    0.000045
1993  12  24  49345  -0.002295   0.475222   0.2175877   0.0023793   0.000007  -0.000104   0.000291   0.000424  0.0000502  0.0000729    0.000066    0.000044
1993  12  25  49346  -0.000061   0.476049   0.2152510   0.0022833   0.000002  -0.000068   0.000219   0.000570  0.0001282  0.0000991    0.000066    0.000044
1993  12  26  49347   0.001422   0.476766   0.2130140   0.0021876  -0.000009  -0.000033   0.000233   0.000806  0.0001479  0.0001232    0.000089    0.000068
1993  12  27  49348   0.002796   0.476843   0.2108633   0.0021180  -0.000020  -0.000015   0.000485   0.001039  0.0001182  0.0000849    0.000090    0.000069
1993  12  28  49349   0.004041   0.476356   0.2087605   0.0020998  -0.000026  -0.000027   0.000344   0.000560  0.0000218  0.0000665    0.000089    0.000069
1993  12  29  49350   0.005165   0.476244   0.2066426   0.0021520  -0.000020  -0.000072   0.000168   0.000258  0.0000148  0.0000169    0.000081    0.000064
1993  12  30  49351   0.006565   0.476057   0.2044356   0.0022820  -0.000002  -0.000155   0.000111   0.000157  0.0000120  0.0000128    0.000064    0.000054
1993  12  31  49352   0.008194   0.476017   0.2020646   0.0024679   0.000038  -0.000216   0.000137   0.000181  0.0000108  0.0000113    0.000057    0.000049
