

                   INTERNATIONAL EARTH ROTATION SERVICE
                        EARTH ROTATION PARAMETERS
                          EOP (IERS) C04

  
             FORMAT(3(I4),I7,2(F11.6),2(F12.7),2(F12.6),2(F11.6),2(F12.7),2F12.6)
**********************************************************************************
  
      Date      MJD      x          y        UT1-UTC       LOD         dX        dY        x Err     y Err   UT1-UTC Err  Lod Err     dY Err       dY Err  
                         "          "           s           s          "         "           "          "          s         s            "           "
     (0h UTC)

1989   1   1  47527  -0.160765   0.315763  -0.1159491   0.0014317   0.000378  -0.000463   0.001251   0.001278  0.0000855  0.0000893    0.000243    0.000190
1989   1   2  47528  -0.160519   0.318234  -0.1173375   0.0013338   0.000342  -0.000292   0.000446   0.000429  0.0000849  0.0000852    0.000238    0.000187
1989   1   3  47529  -0.159818   0.321054  -0.1186072   0.0011922   0.000316  -0.000109   0.000446   0.000429  0.0000849  0.0000849    0.000238    0.000187
1989   1   4  47530  -0.158335   0.323771  -0.1197212   0.0010241   0.000317   0.000063   0.000502   0.000483  0.0000849  0.0000849    0.000238    0.000187
1989   1   5  47531  -0.156682   0.326233  -0.1206664   0.0008620   0.000352   0.000178   0.001917   0.001870  0.0000849  0.0000766    0.000238    0.000187
1989   1   6  47532  -0.155519   0.328503  -0.1214705   0.0007526   0.000420   0.000206   0.004178   0.005256  0.0000683  0.0000761    0.000230    0.000244
1989   1   7  47533  -0.154608   0.330739  -0.1222100   0.0007429   0.000510   0.000139   0.000564   0.000705  0.0000674  0.0000678    0.000229    0.000252
1989   1   8  47534  -0.153250   0.333148  -0.1230000   0.0008595   0.000600  -0.000007   0.000509   0.000637  0.0000674  0.0000674    0.000229    0.000252
1989   1   9  47535  -0.151214   0.335846  -0.1239641   0.0010908   0.000744  -0.000280   0.000708   0.000911  0.0000674  0.0000674    0.000229    0.000252
1989   1  10  47536  -0.149505   0.338820  -0.1251942   0.0013831   0.000840  -0.000546   0.001522   0.002517  0.0000674  0.0000618    0.000229    0.000252
1989   1  11  47537  -0.148744   0.341666  -0.1267132   0.0016557   0.000819  -0.000699   0.001484   0.001669  0.0000562  0.0000607    0.000235    0.000237
1989   1  12  47538  -0.148386   0.343935  -0.1284633   0.0018326   0.000665  -0.000693   0.000904   0.000982  0.0000540  0.0000531    0.000235    0.000230
1989   1  13  47539  -0.147848   0.345842  -0.1303242   0.0018682   0.000388  -0.000518   0.000538   0.000463  0.0000501  0.0000495    0.000233    0.000216
1989   1  14  47540  -0.147543   0.348524  -0.1321495   0.0017574   0.000019  -0.000202   0.000577   0.000373  0.0000451  0.0000462    0.000230    0.000197
1989   1  15  47541  -0.147059   0.351424  -0.1338052   0.0015302  -0.000083  -0.000043   0.000893   0.000495  0.0000423  0.0000442    0.000229    0.000186
1989   1  16  47542  -0.146013   0.354130  -0.1351982   0.0012413   0.000046  -0.000073   0.001391   0.000793  0.0000434  0.0000464    0.000220    0.000182
1989   1  17  47543  -0.144834   0.356300  -0.1362976   0.0009604   0.000280  -0.000247   0.000465   0.000406  0.0000505  0.0000470    0.000200    0.000181
1989   1  18  47544  -0.144137   0.358167  -0.1371460   0.0007594   0.000474  -0.000484   0.000463   0.000405  0.0000507  0.0000558    0.000202    0.000182
1989   1  19  47545  -0.143993   0.360160  -0.1378535   0.0006875   0.000367  -0.000664   0.000568   0.000497  0.0000611  0.0001546    0.000243    0.000219
1989   1  20  47546  -0.142922   0.362565  -0.1385597   0.0007499   0.000185  -0.000752   0.002586   0.002279  0.0002586  0.0004381    0.000898    0.000853
1989   1  21  47547  -0.140345   0.365268  -0.1393856   0.0009112   0.000094  -0.000721   0.005735   0.005225  0.0008150  0.0001871    0.001046    0.001818
1989   1  22  47548  -0.138022   0.367945  -0.1404022   0.0011213   0.000105  -0.000596   0.000892   0.000760  0.0001157  0.0004416    0.000376    0.000334
1989   1  23  47549  -0.136944   0.369982  -0.1416342   0.0013418   0.000148  -0.000434   0.000620   0.000542  0.0000681  0.0001029    0.000228    0.000195
1989   1  24  47550  -0.136703   0.371351  -0.1430790   0.0015491   0.000108  -0.000291   0.000764   0.000698  0.0000901  0.0001011    0.000264    0.000244
1989   1  25  47551  -0.135663   0.373264  -0.1447162   0.0017181   0.000172  -0.000284   0.000965   0.000956  0.0001341  0.0001391    0.000306    0.000320
1989   1  26  47552  -0.133669   0.375817  -0.1464931   0.0018165   0.000356  -0.000392   0.002308   0.002401  0.0001880  0.0001402    0.000457    0.000437
1989   1  27  47553  -0.132073   0.378099  -0.1483250   0.0018235   0.000526  -0.000494   0.001793   0.001896  0.0001462  0.0001451    0.000660    0.000400
1989   1  28  47554  -0.131685   0.379718  -0.1501175   0.0017417   0.000576  -0.000476   0.000982   0.001053  0.0001023  0.0001215    0.000464    0.000289
1989   1  29  47555  -0.131224   0.381421  -0.1517910   0.0015970   0.000442  -0.000318   0.000813   0.000860  0.0000968  0.0002228    0.000440    0.000277
1989   1  30  47556  -0.130207   0.383429  -0.1533015   0.0014267   0.000176  -0.000103   0.002634   0.001845  0.0003433  0.0004003    0.001545    0.000928
1989   1  31  47557  -0.129406   0.385191  -0.1546430   0.0012630  -0.000108   0.000060   0.003582   0.002114  0.0007038  0.0002171    0.003790    0.001728
1989   2   1  47558  -0.128536   0.386944  -0.1558359   0.0011276  -0.000285   0.000104   0.001063   0.001255  0.0000909  0.0003957    0.000535    0.000294
1989   2   2  47559  -0.126840   0.389452  -0.1569182   0.0010397  -0.000260  -0.000014   0.000819   0.000850  0.0000875  0.0000987    0.000450    0.000282
1989   2   3  47560  -0.124296   0.392322  -0.1579481   0.0010255   0.000041  -0.000346   0.000697   0.000520  0.0001065  0.0001292    0.000377    0.000338
1989   2   4  47561  -0.121887   0.394818  -0.1590117   0.0011148   0.000402  -0.000517   0.001024   0.000687  0.0001709  0.0002002    0.000449    0.000528
1989   2   5  47562  -0.119943   0.397375  -0.1602202   0.0013199   0.000675  -0.000397   0.002061   0.001863  0.0002940  0.0001190    0.000636    0.000880
1989   2   6  47563  -0.118138   0.400452  -0.1616786   0.0016127   0.000774  -0.000153   0.000819   0.000814  0.0000672  0.0001784    0.000323    0.000218
1989   2   7  47564  -0.116284   0.403611  -0.1634435   0.0019257   0.000657  -0.000022   0.000542   0.000474  0.0000629  0.0000659    0.000290    0.000203
1989   2   8  47565  -0.114370   0.406186  -0.1654948   0.0021759   0.000310  -0.000310   0.000522   0.000365  0.0000646  0.0000647    0.000255    0.000203
1989   2   9  47566  -0.112263   0.408124  -0.1677366   0.0022835   0.000040  -0.000298   0.000518   0.000328  0.0000665  0.0000979    0.000240    0.000205
1989   2  10  47567  -0.110034   0.409679  -0.1699992   0.0022002  -0.000026   0.000052   0.000938   0.000802  0.0001311  0.0000980    0.000534    0.000395
1989   2  11  47568  -0.107961   0.411193  -0.1720906   0.0019461   0.000074   0.000256   0.000926   0.001128  0.0001295  0.0001036    0.000567    0.000405
1989   2  12  47569  -0.106131   0.412896  -0.1738725   0.0016046   0.000276  -0.000133   0.000635   0.000607  0.0000761  0.0000974    0.000301    0.000248
1989   2  13  47570  -0.103994   0.414262  -0.1753085   0.0012667   0.000519  -0.000515   0.000780   0.000690  0.0000652  0.0000700    0.000255    0.000214
1989   2  14  47571  -0.101277   0.415628  -0.1764343   0.0009917   0.000731  -0.000713   0.002365   0.001497  0.0000640  0.0000652    0.000250    0.000210
1989   2  15  47572  -0.098171   0.417659  -0.1773297   0.0008168   0.000855  -0.000741   0.002958   0.001706  0.0000651  0.0000649    0.000335    0.000182
1989   2  16  47573  -0.095250   0.420102  -0.1781064   0.0007676   0.000856  -0.000620   0.000650   0.000662  0.0000658  0.0000679    0.000346    0.000181
1989   2  17  47574  -0.092935   0.422626  -0.1788980   0.0008448   0.000727  -0.000399   0.000648   0.000570  0.0000707  0.0000793    0.000343    0.000188
1989   2  18  47575  -0.091187   0.424919  -0.1798196   0.0009996   0.000484  -0.000095   0.000670   0.000391  0.0000928  0.0000715    0.000290    0.000218
1989   2  19  47576  -0.088679   0.427296  -0.1809087   0.0011709   0.000206  -0.000226   0.000685   0.000288  0.0000723  0.0000780    0.000184    0.000217
1989   2  20  47577  -0.086919   0.429071  -0.1821601   0.0013409   0.000134  -0.000432   0.000871   0.000373  0.0000633  0.0000803    0.000168    0.000205
1989   2  21  47578  -0.085600   0.430491  -0.1835780   0.0015133   0.000241  -0.000434   0.000801   0.000670  0.0000882  0.0000764    0.000255    0.000214
1989   2  22  47579  -0.082791   0.432481  -0.1851659   0.0016441   0.000189  -0.000359   0.000646   0.000614  0.0000895  0.0000880    0.000279    0.000196
1989   2  23  47580  -0.080150   0.434189  -0.1868414   0.0016796   0.000087  -0.000220   0.000882   0.000820  0.0000878  0.0000885    0.000284    0.000186
1989   2  24  47581  -0.077233   0.435858  -0.1885005   0.0016227   0.000003  -0.000056   0.001926   0.001671  0.0000876  0.0001800    0.000285    0.000185
1989   2  25  47582  -0.073629   0.437884  -0.1900661   0.0015066  -0.000036   0.000084   0.007289   0.005504  0.0002722  0.0001988    0.001182    0.000623
1989   2  26  47583  -0.070283   0.440163  -0.1915005   0.0013678  -0.000002   0.000147   0.004128   0.003327  0.0003100  0.0002295    0.001594    0.000795
1989   2  27  47584  -0.067544   0.442709  -0.1927977   0.0012301   0.000114   0.000097   0.001389   0.001578  0.0001868  0.0002074    0.000700    0.000550
1989   2  28  47585  -0.064828   0.445507  -0.1939666   0.0011037   0.000311  -0.000081   0.000821   0.001196  0.0001048  0.0001380    0.000361    0.000330
1989   3   1  47586  -0.060978   0.448037  -0.1950210   0.0010024   0.000508  -0.000333   0.000929   0.001457  0.0000892  0.0000935    0.000304    0.000284
1989   3   2  47587  -0.058386   0.450028  -0.1959980   0.0009579   0.000626  -0.000583   0.001408   0.002218  0.0000821  0.0000745    0.000286    0.000253
1989   3   3  47588  -0.057092   0.451585  -0.1969733   0.0010130   0.000580  -0.000730   0.001619   0.001281  0.0000599  0.0000716    0.000228    0.000169
1989   3   4  47589  -0.055725   0.453119  -0.1980658   0.0012016   0.000331  -0.000708   0.000958   0.000692  0.0000610  0.0000628    0.000230    0.000176
1989   3   5  47590  -0.052934   0.454558  -0.1994126   0.0015202  -0.000144  -0.000456   0.000612   0.000399  0.0000657  0.0000653    0.000234    0.000208
1989   3   6  47591  -0.050355   0.455811  -0.2011219   0.0019110  -0.000509  -0.000241   0.000610   0.000391  0.0000696  0.0000679    0.000238    0.000244
1989   3   7  47592  -0.048817   0.457090  -0.2032181   0.0022732  -0.000618  -0.000171   0.001345   0.001101  0.0000701  0.0000686    0.000244    0.000244
1989   3   8  47593  -0.047016   0.458770  -0.2056192   0.0025035  -0.000505  -0.000216   0.000984   0.000920  0.0000676  0.0000689    0.000316    0.000189
1989   3   9  47594  -0.044306   0.459890  -0.2081578   0.0025393  -0.000230  -0.000338   0.000728   0.000657  0.0000676  0.0000676    0.000316    0.000189
1989   3  10  47595  -0.040848   0.459895  -0.2106352   0.0023819  -0.000004  -0.000380   0.000925   0.000833  0.0000676  0.0000676    0.000316    0.000189
1989   3  11  47596  -0.037632   0.460003  -0.2128842   0.0020905   0.000181  -0.000373   0.001278   0.001146  0.0000676  0.0000682    0.000316    0.000189
1989   3  12  47597  -0.034639   0.461161  -0.2148126   0.0017525   0.000331  -0.000349   0.001198   0.000765  0.0000687  0.0000682    0.000300    0.000314
1989   3  13  47598  -0.031539   0.463541  -0.2164143   0.0014502   0.000428  -0.000310   0.000610   0.000360  0.0000688  0.0000688    0.000299    0.000340
1989   3  14  47599  -0.028325   0.466429  -0.2177532   0.0012388   0.000469  -0.000267   0.000368   0.000214  0.0000688  0.0000688    0.000299    0.000340
1989   3  15  47600  -0.025781   0.467639  -0.2189335   0.0011425   0.000493  -0.000261   0.000411   0.000239  0.0000688  0.0000688    0.000299    0.000340
1989   3  16  47601  -0.023427   0.467827  -0.2200726   0.0011601   0.000488  -0.000266   0.001040   0.000656  0.0000688  0.0000628    0.000299    0.000339
1989   3  17  47602  -0.020292   0.469076  -0.2212780   0.0012729   0.000451  -0.000260   0.001684   0.001519  0.0000567  0.0000624    0.000199    0.000149
1989   3  18  47603  -0.017001   0.471083  -0.2226320   0.0014507   0.000389  -0.000234   0.000946   0.001027  0.0000560  0.0000564    0.000195    0.000144
1989   3  19  47604  -0.014294   0.473037  -0.2241824   0.0016556   0.000314  -0.000190   0.000654   0.000723  0.0000560  0.0000560    0.000195    0.000144
1989   3  20  47605  -0.011606   0.474320  -0.2259358   0.0018432   0.000207  -0.000074   0.000537   0.000595  0.0000560  0.0000560    0.000195    0.000144
1989   3  21  47606  -0.008407   0.475069  -0.2278523   0.0019713   0.000109   0.000035   0.000993   0.000983  0.0000560  0.0000596    0.000195    0.000144
1989   3  22  47607  -0.005146   0.475796  -0.2298558   0.0020135   0.000053   0.000075   0.003990   0.001711  0.0000631  0.0000599    0.000223    0.000197
1989   3  23  47608  -0.002304   0.476852  -0.2318545   0.0019665   0.000049   0.000020   0.000977   0.000825  0.0000638  0.0000635    0.000226    0.000205
1989   3  24  47609   0.000764   0.477718  -0.2337659   0.0018492   0.000097  -0.000129   0.000499   0.000453  0.0000638  0.0000650    0.000226    0.000205
1989   3  25  47610   0.004748   0.477866  -0.2355359   0.0016948   0.000228  -0.000455   0.000507   0.000454  0.0000663  0.0000781    0.000235    0.000212
1989   3  26  47611   0.008830   0.478095  -0.2371473   0.0015290   0.000334  -0.000710   0.000872   0.000614  0.0000923  0.0000847    0.000325    0.000275
1989   3  27  47612   0.011869   0.479304  -0.2385959   0.0013580   0.000314  -0.000693   0.000848   0.000646  0.0001031  0.0001159    0.000311    0.000263
1989   3  28  47613   0.014152   0.480741  -0.2398756   0.0011907   0.000191  -0.000428   0.000662   0.000684  0.0001395  0.0001199    0.000269    0.000225
1989   3  29  47614   0.016963   0.480749  -0.2409993   0.0010661   0.000096  -0.000107   0.000607   0.000648  0.0001367  0.0001314    0.000291    0.000228
1989   3  30  47615   0.019990   0.480272  -0.2420380   0.0010337   0.000102  -0.000028   0.000717   0.000585  0.0001233  0.0001248    0.000325    0.000287
1989   3  31  47616   0.022904   0.479994  -0.2431025   0.0011197   0.000030  -0.000125   0.001011   0.000765  0.0001128  0.0001116    0.000331    0.000317
1989   4   1  47617   0.026659   0.480057  -0.2443128   0.0013205  -0.000124  -0.000249   0.000801   0.000890  0.0000999  0.0001011    0.000310    0.000234
1989   4   2  47618   0.030208   0.480729  -0.2457680   0.0016018  -0.000175  -0.000301   0.000633   0.000648  0.0000895  0.0000890    0.000326    0.000233
1989   4   3  47619   0.032946   0.481421  -0.2475178   0.0019012  -0.000122  -0.000180   0.000562   0.000497  0.0000782  0.0001004    0.000416    0.000258
1989   4   4  47620   0.035375   0.481396  -0.2495410   0.0021402  -0.000001   0.000215   0.000814   0.000723  0.0001114  0.0001500    0.000611    0.000356
1989   4   5  47621   0.038733   0.481322  -0.2517417   0.0022412   0.000147   0.000502   0.001994   0.001690  0.0002218  0.0001582    0.001236    0.000585
1989   4   6  47622   0.043069   0.481616  -0.2539564   0.0021578   0.000285   0.000482   0.004491   0.001602  0.0002050  0.0001498    0.000814    0.000606
1989   4   7  47623   0.047067   0.482011  -0.2560026   0.0019090   0.000388   0.000243   0.001310   0.001030  0.0000777  0.0001413    0.000273    0.000322
1989   4   8  47624   0.050232   0.482399  -0.2577503   0.0015784   0.000435  -0.000127   0.000682   0.000634  0.0000776  0.0000777    0.000273    0.000322
1989   4   9  47625   0.053091   0.482774  -0.2591706   0.0012769   0.000411  -0.000353   0.000660   0.000616  0.0000776  0.0000776    0.000273    0.000322
1989   4  10  47626   0.055927   0.483011  -0.2603409   0.0010906   0.000339  -0.000461   0.000731   0.000683  0.0000776  0.0000670    0.000272    0.000321
1989   4  11  47627   0.058784   0.482875  -0.2613973   0.0010474   0.000250  -0.000482   0.002256   0.002313  0.0000565  0.0000665    0.000169    0.000218
1989   4  12  47628   0.061619   0.482359  -0.2624753   0.0011234   0.000169  -0.000424   0.000839   0.000897  0.0000555  0.0000560    0.000165    0.000213
1989   4  13  47629   0.064389   0.481882  -0.2636708   0.0012720   0.000116  -0.000314   0.000439   0.000472  0.0000555  0.0000555    0.000165    0.000213
1989   4  14  47630   0.067365   0.481736  -0.2650330   0.0014511   0.000149  -0.000271   0.000495   0.000529  0.0000555  0.0000555    0.000165    0.000213
1989   4  15  47631   0.070487   0.482044  -0.2665766   0.0016332   0.000211  -0.000256   0.001644   0.001601  0.0000555  0.0000606    0.000165    0.000213
1989   4  16  47632   0.073535   0.482550  -0.2682946   0.0018002   0.000251  -0.000244   0.002866   0.002326  0.0000657  0.0000613    0.000218    0.000218
1989   4  17  47633   0.076596   0.482552  -0.2701647   0.0019368   0.000242  -0.000230   0.000518   0.000532  0.0000671  0.0000674    0.000226    0.000217
1989   4  18  47634   0.079745   0.481953  -0.2721497   0.0020277   0.000173  -0.000205   0.000529   0.000538  0.0000691  0.0000720    0.000236    0.000212
1989   4  19  47635   0.082908   0.481217  -0.2741977   0.0020619   0.000041  -0.000129   0.000612   0.000599  0.0000769  0.0000787    0.000278    0.000198
1989   4  20  47636   0.085923   0.481345  -0.2762512   0.0020412  -0.000096  -0.000286   0.000684   0.000668  0.0000883  0.0000889    0.000306    0.000201
1989   4  21  47637   0.088231   0.481722  -0.2782615   0.0019787  -0.000146  -0.000573   0.000622   0.000675  0.0001009  0.0000889    0.000274    0.000239
1989   4  22  47638   0.089600   0.481194  -0.2801972   0.0018933  -0.000007  -0.000686   0.000533   0.000607  0.0000896  0.0000832    0.000261    0.000240
1989   4  23  47639   0.092025   0.481403  -0.2820461   0.0017874   0.000281  -0.000612   0.000470   0.000512  0.0000655  0.0000766    0.000209    0.000225
1989   4  24  47640   0.094258   0.481425  -0.2837806   0.0016652   0.000330  -0.000474   0.000494   0.000513  0.0000637  0.0000767    0.000204    0.000229
1989   4  25  47641   0.095836   0.480537  -0.2853954   0.0015613   0.000081  -0.000319   0.000687   0.000727  0.0000879  0.0001063    0.000297    0.000293
1989   4  26  47642   0.097609   0.479810  -0.2869303   0.0015201  -0.000046  -0.000056   0.001102   0.001315  0.0001490  0.0001180    0.000528    0.000390
1989   4  27  47643   0.099090   0.479356  -0.2884671   0.0015729   0.000029   0.000122   0.001016   0.001288  0.0001480  0.0001092    0.000514    0.000370
1989   4  28  47644   0.101145   0.479062  -0.2901070   0.0017268   0.000240  -0.000044   0.000559   0.000619  0.0000695  0.0001028    0.000255    0.000259
1989   4  29  47645   0.103420   0.478502  -0.2919444   0.0019638   0.000208  -0.000098   0.000652   0.000703  0.0000577  0.0001027    0.000213    0.000230
1989   4  30  47646   0.105426   0.477150  -0.2940430   0.0022359  -0.000059   0.000023   0.001657   0.001889  0.0001360  0.0002046    0.000491    0.000434
1989   5   1  47647   0.107382   0.475328  -0.2964021   0.0024666  -0.000314   0.000081   0.001420   0.002514  0.0003515  0.0001608    0.001141    0.000593
1989   5   2  47648   0.110270   0.474187  -0.2989372   0.0025762  -0.000341  -0.000112   0.001082   0.001316  0.0001857  0.0002232    0.000551    0.000455
1989   5   3  47649   0.112232   0.475105  -0.3014979   0.0025211  -0.000121  -0.000422   0.000671   0.000666  0.0000948  0.0001325    0.000265    0.000280
1989   5   4  47650   0.114128   0.475457  -0.3039215   0.0023114   0.000198  -0.000711   0.000589   0.000569  0.0000793  0.0001500    0.000220    0.000241
1989   5   5  47651   0.116907   0.473882  -0.3060811   0.0019997   0.000473  -0.000881   0.001596   0.001418  0.0002051  0.0004945    0.000566    0.000615
1989   5   6  47652   0.120384   0.471693  -0.3079133   0.0016615   0.000595  -0.000876   0.002541   0.002100  0.0009097  0.0002015    0.002539    0.002308
1989   5   7  47653   0.123838   0.470470  -0.3094285   0.0013760   0.000484  -0.000685   0.001265   0.001378  0.0001978  0.0005010    0.000588    0.000656
1989   5   8  47654   0.126732   0.469800  -0.3107090   0.0012073   0.000178  -0.000288   0.000739   0.000813  0.0000923  0.0001511    0.000267    0.000302
1989   5   9  47655   0.128678   0.470095  -0.3118885   0.0011836  -0.000246   0.000215   0.000953   0.001027  0.0001045  0.0001281    0.000251    0.000288
1989   5  10  47656   0.130666   0.470479  -0.3131100   0.0012853  -0.000568   0.000535   0.001434   0.001560  0.0001639  0.0001717    0.000280    0.000323
1989   5  11  47657   0.133669   0.469406  -0.3144766   0.0014571  -0.000653   0.000535   0.001686   0.001934  0.0002389  0.0001310    0.000495    0.000621
1989   5  12  47658   0.136972   0.467657  -0.3160277   0.0016379  -0.000496   0.000270   0.000733   0.000803  0.0000981  0.0001467    0.000269    0.000398
1989   5  13  47659   0.139546   0.466519  -0.3177467   0.0017832  -0.000122  -0.000166   0.000404   0.000439  0.0000546  0.0000827    0.000150    0.000222
1989   5  14  47660   0.142260   0.465245  -0.3195824   0.0018699   0.000274  -0.000622   0.000542   0.000590  0.0000673  0.0001176    0.000183    0.000271
1989   5  15  47661   0.145297   0.464137  -0.3214703   0.0018921   0.000501  -0.001012   0.001655   0.001795  0.0001806  0.0004293    0.000470    0.000681
1989   5  16  47662   0.147966   0.463164  -0.3233471   0.0018568   0.000503  -0.001225   0.003369   0.003865  0.0007912  0.0001867    0.002085    0.001607
1989   5  17  47663   0.150260   0.461582  -0.3251636   0.0017796   0.000328  -0.001143   0.001284   0.002213  0.0001929  0.0004388    0.000604    0.000758
1989   5  18  47664   0.152626   0.459111  -0.3268884   0.0016752   0.000105  -0.000761   0.000575   0.000993  0.0000863  0.0001319    0.000272    0.000447
1989   5  19  47665   0.154463   0.456558  -0.3285018   0.0015515  -0.000017  -0.000414   0.000521   0.000888  0.0000709  0.0000791    0.000224    0.000375
1989   5  20  47666   0.156461   0.454410  -0.3299871   0.0014153  -0.000024  -0.000228   0.000922   0.001094  0.0000720  0.0000718    0.000216    0.000176
1989   5  21  47667   0.159767   0.452509  -0.3313380   0.0012871   0.000012  -0.000166   0.000621   0.000690  0.0000727  0.0000719    0.000216    0.000163
1989   5  22  47668   0.162301   0.451475  -0.3325777   0.0012081  -0.000044  -0.000159   0.000513   0.000594  0.0000719  0.0000721    0.000220    0.000181
1989   5  23  47669   0.163624   0.450553  -0.3337801   0.0012167  -0.000118  -0.000181   0.000533   0.000704  0.0000714  0.0000736    0.000238    0.000267
1989   5  24  47670   0.165354   0.448412  -0.3350426   0.0013203  -0.000148  -0.000183   0.000541   0.000651  0.0000753  0.0000698    0.000255    0.000239
1989   5  25  47671   0.166478   0.446532  -0.3364511   0.0014966  -0.000126  -0.000145   0.000497   0.000605  0.0000681  0.0000688    0.000216    0.000263
1989   5  26  47672   0.167866   0.445363  -0.3380581   0.0017197  -0.000128  -0.000124   0.000594   0.000749  0.0000623  0.0000666    0.000191    0.000318
1989   5  27  47673   0.169810   0.443956  -0.3398983   0.0019704  -0.000177  -0.000155   0.000992   0.001096  0.0000652  0.0000646    0.000198    0.000288
1989   5  28  47674   0.171565   0.441734  -0.3419884   0.0022130  -0.000207  -0.000213   0.000645   0.000647  0.0000668  0.0000663    0.000202    0.000275
1989   5  29  47675   0.173653   0.439758  -0.3442948   0.0023816  -0.000101  -0.000220   0.000754   0.000759  0.0000674  0.0001186    0.000203    0.000276
1989   5  30  47676   0.176210   0.438120  -0.3467070   0.0024106   0.000064  -0.000234   0.001936   0.002310  0.0001704  0.0003191    0.000400    0.000446
1989   5  31  47677   0.178963   0.436506  -0.3490659   0.0022737   0.000204  -0.000300   0.001843   0.003068  0.0005708  0.0001372    0.000557    0.000523
1989   6   1  47678   0.180759   0.435457  -0.3512127   0.0019953   0.000256  -0.000566   0.000688   0.000966  0.0001040  0.0003146    0.000293    0.000392
1989   6   2  47679   0.182218   0.434665  -0.3530369   0.0016404   0.000208  -0.000727   0.000407   0.000548  0.0000584  0.0000845    0.000181    0.000271
1989   6   3  47680   0.184448   0.433317  -0.3545031   0.0012938   0.000040  -0.000439   0.000461   0.000547  0.0000651  0.0000706    0.000198    0.000205
1989   6   4  47681   0.186363   0.431048  -0.3556590   0.0010348  -0.000153  -0.000053   0.000623   0.000581  0.0000827  0.0000897    0.000259    0.000172
1989   6   5  47682   0.187050   0.428387  -0.3566185   0.0009107  -0.000266   0.000001   0.000728   0.000739  0.0001142  0.0000992    0.000295    0.000251
1989   6   6  47683   0.188214   0.426751  -0.3575215   0.0009287  -0.000200  -0.000148   0.000736   0.000774  0.0001157  0.0001023    0.000270    0.000331
1989   6   7  47684   0.189879   0.425634  -0.3585015   0.0010547  -0.000030  -0.000383   0.000765   0.000732  0.0000904  0.0001222    0.000206    0.000274
1989   6   8  47685   0.191152   0.423644  -0.3596389   0.0012233   0.000005  -0.000514   0.001189   0.000896  0.0001287  0.0002100    0.000238    0.000312
1989   6   9  47686   0.192519   0.421320  -0.3609424   0.0013769   0.000039  -0.000487   0.002204   0.000904  0.0003297  0.0001129    0.000285    0.000360
1989   6  10  47687   0.195049   0.419549  -0.3623792   0.0014893   0.000153  -0.000318   0.000436   0.000480  0.0000972  0.0002030    0.000222    0.000219
1989   6  11  47688   0.197909   0.418076  -0.3639036   0.0015514   0.000176  -0.000143   0.000363   0.000417  0.0000764  0.0000822    0.000205    0.000198
1989   6  12  47689   0.200084   0.416230  -0.3654629   0.0015529  -0.000023  -0.000102   0.000392   0.000437  0.0000672  0.0000698    0.000217    0.000221
1989   6  13  47690   0.202657   0.414037  -0.3669899   0.0014830  -0.000189  -0.000120   0.000547   0.000601  0.0000631  0.0000648    0.000225    0.000240
1989   6  14  47691   0.205320   0.411802  -0.3684117   0.0013452  -0.000237  -0.000173   0.001582   0.001999  0.0000624  0.0000700    0.000226    0.000244
1989   6  15  47692   0.206944   0.409660  -0.3696681   0.0011583  -0.000202  -0.000262   0.002374   0.003154  0.0000769  0.0000705    0.000271    0.000277
1989   6  16  47693   0.208089   0.407305  -0.3707235   0.0009507  -0.000116  -0.000371   0.001238   0.001247  0.0000786  0.0000777    0.000276    0.000280
1989   6  17  47694   0.209494   0.404691  -0.3715734   0.0007568  -0.000023  -0.000477   0.000876   0.000914  0.0000786  0.0000786    0.000276    0.000280
1989   6  18  47695   0.211385   0.402067  -0.3722507   0.0006107  -0.000135  -0.000587   0.000728   0.000769  0.0000786  0.0000786    0.000276    0.000280
1989   6  19  47696   0.213334   0.399553  -0.3728186   0.0005464  -0.000309  -0.000652   0.001768   0.001893  0.0000786  0.0000741    0.000276    0.000280
1989   6  20  47697   0.214911   0.396970  -0.3733752   0.0005930  -0.000430  -0.000643   0.004324   0.004703  0.0000696  0.0000741    0.000284    0.000322
1989   6  21  47698   0.216187   0.394243  -0.3740383   0.0007568  -0.000450  -0.000553   0.000799   0.000791  0.0000696  0.0000717    0.000286    0.000326
1989   6  22  47699   0.218238   0.391741  -0.3749151   0.0010105  -0.000344  -0.000390   0.000506   0.000504  0.0000739  0.0000818    0.000293    0.000325
1989   6  23  47700   0.221562   0.389592  -0.3760693   0.0012976  -0.000073  -0.000149   0.000614   0.000622  0.0000941  0.0001003    0.000317    0.000321
1989   6  24  47701   0.225470   0.387270  -0.3774994   0.0015331  -0.000013  -0.000098   0.000759   0.000789  0.0001268  0.0002320    0.000343    0.000325
1989   6  25  47702   0.228543   0.384434  -0.3791052   0.0016320  -0.000191  -0.000203   0.001557   0.001499  0.0003699  0.0001682    0.000990    0.000832
1989   6  26  47703   0.229732   0.381373  -0.3807207   0.0015654  -0.000428  -0.000261   0.001613   0.001716  0.0002096  0.0002376    0.001014    0.000816
1989   6  27  47704   0.229263   0.378504  -0.3821906   0.0013719  -0.000557  -0.000105   0.000962   0.001227  0.0001054  0.0001640    0.000470    0.000433
1989   6  28  47705   0.228858   0.376758  -0.3834270   0.0011284  -0.000452   0.000328   0.001094   0.001606  0.0001184  0.0001295    0.000353    0.000380
1989   6  29  47706   0.232673   0.374065  -0.3844266   0.0008825  -0.000237   0.000618   0.001834   0.004323  0.0001535  0.0001198    0.000321    0.000373
1989   6  30  47707   0.237185   0.370439  -0.3851939   0.0006348  -0.000040   0.000575   0.002164   0.004286  0.0001213  0.0001040    0.000310    0.000344
1989   7   1  47708   0.239141   0.367101  -0.3857206   0.0004045   0.000088   0.000363   0.001032   0.001110  0.0000544  0.0000896    0.000272    0.000229
1989   7   2  47709   0.238819   0.364587  -0.3860427   0.0002556   0.000093   0.000124   0.000690   0.000724  0.0000580  0.0000679    0.000285    0.000238
1989   7   3  47710   0.238325   0.362644  -0.3862746   0.0002593  -0.000073   0.000046   0.000768   0.000813  0.0000814  0.0000998    0.000354    0.000287
1989   7   4  47711   0.239599   0.359751  -0.3865946   0.0004144  -0.000182  -0.000022   0.001433   0.001500  0.0001417  0.0001007    0.000448    0.000346
1989   7   5  47712   0.242372   0.355895  -0.3871197   0.0006357  -0.000185  -0.000112   0.001473   0.001370  0.0001201  0.0001174    0.000422    0.000365
1989   7   6  47713   0.244661   0.352655  -0.3878648   0.0008410  -0.000186  -0.000187   0.000797   0.000812  0.0000930  0.0000955    0.000407    0.000372
1989   7   7  47714   0.245779   0.349910  -0.3887884   0.0010085  -0.000297  -0.000238   0.000617   0.000623  0.0000710  0.0000911    0.000398    0.000396
1989   7   8  47715   0.246115   0.347089  -0.3898622   0.0011280  -0.000324  -0.000158   0.000705   0.000681  0.0000891  0.0000749    0.000367    0.000348
1989   7   9  47716   0.248564   0.344404  -0.3910229   0.0011706  -0.000257  -0.000005   0.000592   0.000464  0.0000787  0.0000698    0.000264    0.000220
1989   7  10  47717   0.249914   0.341240  -0.3921826   0.0011349  -0.000360   0.000204   0.000467   0.000279  0.0000506  0.0000634    0.000199    0.000188
1989   7  11  47718   0.250756   0.338345  -0.3932746   0.0010446  -0.000340   0.000125   0.000617   0.000357  0.0000480  0.0000607    0.000200    0.000200
1989   7  12  47719   0.252381   0.335544  -0.3942589   0.0009267  -0.000183  -0.000195   0.000838   0.000685  0.0000708  0.0000648    0.000358    0.000281
1989   7  13  47720   0.253537   0.332580  -0.3951222   0.0008052  -0.000231  -0.000320   0.000792   0.000677  0.0000816  0.0000890    0.000395    0.000301
1989   7  14  47721   0.253686   0.329526  -0.3958720   0.0007038  -0.000384  -0.000284   0.000926   0.000718  0.0001072  0.0000994    0.000390    0.000304
1989   7  15  47722   0.253920   0.326510  -0.3965411   0.0006497  -0.000507  -0.000186   0.000935   0.000838  0.0001173  0.0001125    0.000367    0.000281
1989   7  16  47723   0.255320   0.323430  -0.3971919   0.0006525  -0.000357  -0.000142   0.000887   0.000816  0.0001177  0.0001207    0.000351    0.000304
1989   7  17  47724   0.257268   0.321237  -0.3978755   0.0006993   0.000059  -0.000002   0.000587   0.000648  0.0001242  0.0001028    0.000320    0.000330
1989   7  18  47725   0.258265   0.318874  -0.3986256   0.0008012   0.000153  -0.000018   0.000572   0.000584  0.0000879  0.0000902    0.000326    0.000343
1989   7  19  47726   0.258433   0.316080  -0.3995103   0.0009904  -0.000068  -0.000189   0.001035   0.000638  0.0000561  0.0000716    0.000407    0.000372
1989   7  20  47727   0.258872   0.313269  -0.4006251   0.0012604  -0.000040  -0.000246   0.001279   0.000854  0.0000553  0.0000655    0.000412    0.000369
1989   7  21  47728   0.258890   0.310378  -0.4020265   0.0015449   0.000114  -0.000220   0.000757   0.000638  0.0000749  0.0000694    0.000276    0.000221
1989   7  22  47729   0.259111   0.307108  -0.4036849   0.0017508   0.000182  -0.000187   0.000518   0.000436  0.0000835  0.0000892    0.000262    0.000208
1989   7  23  47730   0.260105   0.303528  -0.4054805   0.0018109  -0.000106  -0.000242   0.000644   0.000543  0.0001036  0.0001308    0.000302    0.000247
1989   7  24  47731   0.260184   0.300390  -0.4072554   0.0017155  -0.000398  -0.000273   0.001712   0.001349  0.0001782  0.0001119    0.000401    0.000417
1989   7  25  47732   0.258544   0.297833  -0.4088708   0.0014998  -0.000386  -0.000189   0.001224   0.000929  0.0001203  0.0001476    0.000325    0.000428
1989   7  26  47733   0.257684   0.294519  -0.4102339   0.0012137  -0.000230  -0.000080   0.000997   0.000798  0.0001171  0.0000973    0.000290    0.000380
1989   7  27  47734   0.258891   0.290631  -0.4112997   0.0009137  -0.000165   0.000001   0.000809   0.000662  0.0000744  0.0001026    0.000271    0.000238
1989   7  28  47735   0.258941   0.286590  -0.4120826   0.0006667  -0.000169   0.000091   0.000681   0.000771  0.0000880  0.0000775    0.000311    0.000252
1989   7  29  47736   0.258828   0.283289  -0.4126680   0.0005206  -0.000083   0.000133   0.000447   0.000543  0.0000806  0.0000721    0.000237    0.000210
1989   7  30  47737   0.259499   0.280456  -0.4131636   0.0004856   0.000052   0.000139   0.000337   0.000372  0.0000561  0.0000812    0.000173    0.000158
1989   7  31  47738   0.260071   0.277214  -0.4136743   0.0005599   0.000099   0.000181   0.000515   0.000556  0.0000818  0.0000705    0.000261    0.000232
1989   8   1  47739   0.259460   0.274014  -0.4143061   0.0007221  -0.000022   0.000187   0.000730   0.000671  0.0000849  0.0000815    0.000329    0.000252
1989   8   2  47740   0.257952   0.271346  -0.4151247   0.0009160  -0.000236   0.000123   0.000731   0.000656  0.0000813  0.0000961    0.000292    0.000254
1989   8   3  47741   0.257596   0.268821  -0.4161292   0.0010766  -0.000172   0.000104   0.000842   0.000812  0.0001074  0.0001119    0.000284    0.000348
1989   8   4  47742   0.257706   0.265695  -0.4172588   0.0011706   0.000099   0.000110   0.000833   0.000862  0.0001425  0.0000968    0.000317    0.000410
1989   8   5  47743   0.258758   0.262635  -0.4184469   0.0012056   0.000276   0.000084   0.000500   0.000401  0.0000861  0.0001026    0.000208    0.000304
1989   8   6  47744   0.258893   0.258580  -0.4196464   0.0011951   0.000051  -0.000123   0.000324   0.000220  0.0000628  0.0000773    0.000197    0.000218
1989   8   7  47745   0.259179   0.255348  -0.4208166   0.0011328  -0.000028  -0.000099   0.000447   0.000297  0.0000685  0.0000983    0.000222    0.000237
1989   8   8  47746   0.259493   0.253330  -0.4218968   0.0010147   0.000126   0.000085   0.000991   0.000898  0.0001338  0.0001026    0.000254    0.000583
1989   8   9  47747   0.258780   0.251022  -0.4228383   0.0008801   0.000284   0.000044   0.000815   0.001193  0.0001367  0.0001305    0.000277    0.000491
1989   8  10  47748   0.257587   0.247683  -0.4236580   0.0007759   0.000226  -0.000022   0.000752   0.000803  0.0001272  0.0001143    0.000282    0.000395
1989   8  11  47749   0.258974   0.243549  -0.4243997   0.0007042   0.000081  -0.000077   0.000542   0.000512  0.0000920  0.0001043    0.000269    0.000458
1989   8  12  47750   0.260121   0.240173  -0.4250844   0.0006558   0.000039  -0.000247   0.000662   0.000635  0.0000813  0.0000860    0.000263    0.000550
1989   8  13  47751   0.260294   0.237709  -0.4257372   0.0006478   0.000123  -0.000499   0.001648   0.001649  0.0000799  0.0000761    0.000262    0.000571
1989   8  14  47752   0.260571   0.235287  -0.4264128   0.0007128   0.000263  -0.000713   0.001830   0.001977  0.0000710  0.0000752    0.000276    0.000240
1989   8  15  47753   0.260345   0.232642  -0.4271979   0.0008777   0.000389  -0.000789   0.000529   0.000603  0.0000705  0.0000708    0.000276    0.000234
1989   8  16  47754   0.259026   0.229847  -0.4281960   0.0011459   0.000438  -0.000660   0.000525   0.000599  0.0000707  0.0000750    0.000277    0.000234
1989   8  17  47755   0.256602   0.227066  -0.4294980   0.0014872   0.000288  -0.000196   0.000599   0.000682  0.0000795  0.0001063    0.000294    0.000250
1989   8  18  47756   0.254384   0.224140  -0.4311509   0.0018278   0.000089   0.000321   0.001357   0.001509  0.0001419  0.0001153    0.000357    0.000314
1989   8  19  47757   0.253423   0.220928  -0.4331076   0.0020541  -0.000038   0.000578   0.001543   0.001732  0.0001511  0.0001140    0.000364    0.000319
1989   8  20  47758   0.253198   0.217406  -0.4351999   0.0020701  -0.000081   0.000605   0.000728   0.001159  0.0000861  0.0001158    0.000392    0.000257
1989   8  21  47759   0.252749   0.213686  -0.4371943   0.0018599  -0.000055   0.000513   0.000737   0.001203  0.0000805  0.0000882    0.000399    0.000248
1989   8  22  47760   0.251776   0.209875  -0.4388882   0.0015036   0.000108   0.000447   0.001044   0.001621  0.0000902  0.0001068    0.000397    0.000279
1989   8  23  47761   0.251146   0.206420  -0.4401987   0.0011304   0.000174   0.000397   0.001401   0.001529  0.0001332  0.0001169    0.000391    0.000415
1989   8  24  47762   0.250821   0.203351  -0.4411710   0.0008527  -0.000313   0.000370   0.001370   0.001364  0.0001437  0.0001187    0.000350    0.000395
1989   8  25  47763   0.250544   0.200071  -0.4419404   0.0007146  -0.000748   0.000344   0.001014   0.001004  0.0001043  0.0001033    0.000309    0.000323
1989   8  26  47764   0.250184   0.196269  -0.4426399   0.0006778  -0.000490   0.000301   0.000620   0.000608  0.0000629  0.0000789    0.000345    0.000271
1989   8  27  47765   0.250119   0.193464  -0.4433308   0.0007092  -0.000164   0.000113   0.000613   0.000605  0.0000535  0.0000586    0.000375    0.000250
1989   8  28  47766   0.249766   0.191567  -0.4440826   0.0008205   0.000022  -0.000162   0.001666   0.001591  0.0000542  0.0000614    0.000267    0.000232
1989   8  29  47767   0.248191   0.189233  -0.4449829   0.0010027   0.000132  -0.000345   0.000877   0.000794  0.0000693  0.0000622    0.000142    0.000184
1989   8  30  47768   0.246424   0.186382  -0.4460854   0.0012046   0.000191  -0.000305   0.000536   0.000494  0.0000701  0.0000723    0.000152    0.000192
1989   8  31  47769   0.245467   0.183625  -0.4473776   0.0013470   0.000231   0.000073   0.000611   0.000618  0.0000754  0.0000852    0.000219    0.000227
1989   9   1  47770   0.242971   0.181224  -0.4487574   0.0014170   0.000342   0.000538   0.000889   0.001032  0.0001002  0.0001260    0.000368    0.000245
1989   9   2  47771   0.240399   0.177629  -0.4501869   0.0014542   0.000371   0.000813   0.001652   0.001997  0.0001767  0.0002995    0.000535    0.000309
1989   9   3  47772   0.238699   0.173486  -0.4516427   0.0014426   0.000239   0.000783   0.002963   0.002504  0.0004987  0.0001476    0.001491    0.000821
1989   9   4  47773   0.237096   0.170591  -0.4530540   0.0013312  -0.000033   0.000466   0.001042   0.000867  0.0001186  0.0002902    0.000722    0.000417
1989   9   5  47774   0.235514   0.167441  -0.4542944   0.0011083  -0.000302   0.000059   0.000868   0.000719  0.0000818  0.0001002    0.000503    0.000292
1989   9   6  47775   0.233587   0.163201  -0.4552688   0.0008573  -0.000337  -0.000042   0.001226   0.000938  0.0000818  0.0001121    0.000497    0.000290
1989   9   7  47776   0.230846   0.160441  -0.4560165   0.0006891  -0.000204   0.000055   0.001558   0.001351  0.0001424  0.0001332    0.000333    0.000247
1989   9   8  47777   0.227862   0.158923  -0.4566630   0.0006446  -0.000011   0.000182   0.001084   0.001435  0.0001846  0.0001211    0.000315    0.000241
1989   9   9  47778   0.225605   0.156575  -0.4573289   0.0006827   0.000024   0.000029   0.000830   0.000893  0.0000997  0.0001204    0.000326    0.000245
1989   9  10  47779   0.223812   0.153535  -0.4580576   0.0007546   0.000104  -0.000064   0.000571   0.000512  0.0000562  0.0000735    0.000337    0.000253
1989   9  11  47780   0.221709   0.150829  -0.4588712   0.0008722   0.000430   0.000215   0.000537   0.000421  0.0000474  0.0000572    0.000286    0.000247
1989   9  12  47781   0.219297   0.148344  -0.4598334   0.0010822   0.000598   0.000461   0.000731   0.000541  0.0000581  0.0001308    0.000350    0.000324
1989   9  13  47782   0.216617   0.146156  -0.4610556   0.0014013   0.000473   0.000488   0.002066   0.001408  0.0002142  0.0001446    0.001252    0.001161
1989   9  14  47783   0.213819   0.143999  -0.4626332   0.0017717   0.000175   0.000342   0.001888   0.002009  0.0002310  0.0001570    0.001061    0.000828
1989   9  15  47784   0.211271   0.141546  -0.4645669   0.0020759  -0.000078   0.000172   0.000867   0.000953  0.0000999  0.0001525    0.000456    0.000359
1989   9  16  47785   0.209499   0.139228  -0.4667286   0.0021977  -0.000087   0.000121   0.000623   0.000664  0.0000741  0.0000802    0.000260    0.000262
1989   9  17  47786   0.207583   0.137242  -0.4688988   0.0020966   0.000063   0.000188   0.000476   0.000501  0.0000606  0.0000757    0.000183    0.000204
1989   9  18  47787   0.204567   0.135342  -0.4708729   0.0018436   0.000178   0.000335   0.000504   0.000547  0.0000773  0.0000699    0.000235    0.000221
1989   9  19  47788   0.201572   0.132819  -0.4725678   0.0015442   0.000177   0.000263   0.000545   0.000582  0.0000792  0.0000683    0.000291    0.000236
1989   9  20  47789   0.199180   0.130156  -0.4739763   0.0012702   0.000097   0.000092   0.000612   0.000592  0.0000594  0.0000777    0.000260    0.000245
1989   9  21  47790   0.196973   0.128210  -0.4751461   0.0010769   0.000047   0.000183   0.000647   0.000688  0.0000762  0.0000824    0.000275    0.000279
1989   9  22  47791   0.194583   0.126087  -0.4761751   0.0009985   0.000019   0.000270   0.000697   0.000822  0.0001055  0.0000869    0.000290    0.000313
1989   9  23  47792   0.191723   0.123510  -0.4771821   0.0010375   0.000014   0.000237   0.001731   0.002033  0.0000977  0.0000788    0.000294    0.000302
1989   9  24  47793   0.188381   0.121103  -0.4782763   0.0011691   0.000039   0.000149   0.000811   0.000909  0.0000522  0.0000750    0.000308    0.000214
1989   9  25  47794   0.184908   0.119121  -0.4795328   0.0013527   0.000092   0.000059   0.000394   0.000436  0.0000522  0.0000533    0.000307    0.000214
1989   9  26  47795   0.181863   0.116740  -0.4809822   0.0015450   0.000200   0.000069   0.000392   0.000304  0.0000543  0.0000588    0.000271    0.000218
1989   9  27  47796   0.178371   0.114286  -0.4826133   0.0017120   0.000260   0.000117   0.000555   0.000235  0.0000653  0.0000764    0.000238    0.000246
1989   9  28  47797   0.173930   0.112184  -0.4843888   0.0018302   0.000194   0.000149   0.000876   0.000360  0.0000984  0.0000764    0.000337    0.000347
1989   9  29  47798   0.170619   0.109859  -0.4862514   0.0018789   0.000087   0.000256   0.001234   0.000974  0.0000875  0.0000733    0.000343    0.000365
1989   9  30  47799   0.169067   0.106858  -0.4881233   0.0018428  -0.000008   0.000424   0.000696   0.000810  0.0000482  0.0000672    0.000206    0.000226
1989  10   1  47800   0.167370   0.104063  -0.4899169   0.0017251  -0.000010   0.000584   0.000558   0.000660  0.0000470  0.0000476    0.000201    0.000221
1989  10   2  47801   0.164073   0.102511  -0.4915596   0.0015527   0.000062   0.000679   0.000833   0.000937  0.0000470  0.0000480    0.000201    0.000221
1989  10   3  47802   0.159751   0.102075  -0.4930171   0.0013687   0.000156   0.000665   0.002437   0.001718  0.0000491  0.0000483    0.000181    0.000196
1989  10   4  47803   0.155772   0.101881  -0.4943014   0.0012167   0.000226   0.000527   0.000858   0.000734  0.0000497  0.0000512    0.000181    0.000196
1989  10   5  47804   0.152422   0.100812  -0.4954640   0.0011282   0.000230   0.000272   0.000453   0.000400  0.0000532  0.0000642    0.000193    0.000205
1989  10   6  47805   0.148874   0.098413  -0.4965792   0.0011166   0.000122  -0.000111   0.000632   0.000556  0.0000788  0.0001124    0.000284    0.000258
1989  10   7  47806   0.145079   0.096290  -0.4977242   0.0011805   0.000045  -0.000178   0.001352   0.001107  0.0001715  0.0000647    0.000580    0.000322
1989  10   8  47807   0.141394   0.095168  -0.4989705   0.0013163   0.000035   0.000085   0.000362   0.000284  0.0000506  0.0001092    0.000183    0.000146
1989  10   9  47808   0.138096   0.094195  -0.5003870   0.0015265   0.000050   0.000324   0.000331   0.000264  0.0000468  0.0000525    0.000166    0.000139
1989  10  10  47809   0.135153   0.092614  -0.5020476   0.0018107   0.000046   0.000177   0.000373   0.000319  0.0000544  0.0000590    0.000183    0.000171
1989  10  11  47810   0.132527   0.091501  -0.5040178   0.0021396   0.000039   0.000017   0.000488   0.000481  0.0000712  0.0000685    0.000271    0.000261
1989  10  12  47811   0.128882   0.090862  -0.5063125   0.0024385  -0.000029  -0.000100   0.000609   0.000671  0.0000826  0.0000898    0.000380    0.000252
1989  10  13  47812   0.124700   0.090221  -0.5088538   0.0026119  -0.000186  -0.000169   0.000778   0.000909  0.0001084  0.0000956    0.000385    0.000291
1989  10  14  47813   0.120665   0.089273  -0.5114769   0.0026020  -0.000324  -0.000173   0.000824   0.000994  0.0001085  0.0000813    0.000337    0.000394
1989  10  15  47814   0.116172   0.087989  -0.5139987   0.0024271  -0.000336  -0.000113   0.000472   0.000488  0.0000541  0.0000735    0.000199    0.000193
1989  10  16  47815   0.110552   0.086603  -0.5162935   0.0021720  -0.000157  -0.000003   0.000324   0.000328  0.0000385  0.0000429    0.000138    0.000113
1989  10  17  47816   0.106552   0.085301  -0.5183397   0.0019270   0.000008   0.000085   0.000258   0.000254  0.0000316  0.0000349    0.000113    0.000083
1989  10  18  47817   0.103216   0.084607  -0.5201773   0.0017534   0.000101   0.000054   0.000230   0.000231  0.0000313  0.0000321    0.000125    0.000082
1989  10  19  47818   0.100204   0.083558  -0.5218944   0.0016899   0.000088   0.000066   0.000268   0.000288  0.0000326  0.0000386    0.000142    0.000092
1989  10  20  47819   0.096639   0.083002  -0.5236042   0.0017373   0.000061   0.000102   0.000478   0.000523  0.0000459  0.0000586    0.000193    0.000139
1989  10  21  47820   0.092417   0.081928  -0.5254020   0.0018677   0.000054   0.000156   0.000814   0.000882  0.0000846  0.0000509    0.000285    0.000286
1989  10  22  47821   0.088005   0.080175  -0.5273549   0.0020460   0.000063   0.000201   0.000384   0.000426  0.0000559  0.0000648    0.000158    0.000180
1989  10  23  47822   0.083845   0.078911  -0.5294948   0.0022305   0.000076   0.000193   0.000319   0.000344  0.0000451  0.0000570    0.000149    0.000162
1989  10  24  47823   0.080637   0.078258  -0.5318073   0.0023689   0.000035   0.000152   0.000450   0.000478  0.0000582  0.0000501    0.000199    0.000190
1989  10  25  47824   0.077708   0.077659  -0.5342180   0.0024195  -0.000028   0.000180   0.000393   0.000405  0.0000551  0.0000495    0.000169    0.000166
1989  10  26  47825   0.074633   0.077422  -0.5366276   0.0023915  -0.000016   0.000275   0.000331   0.000308  0.0000407  0.0000469    0.000126    0.000113
1989  10  27  47826   0.070705   0.076743  -0.5389802   0.0023308  -0.000026   0.000282   0.000279   0.000289  0.0000387  0.0000373    0.000119    0.000092
1989  10  28  47827   0.067554   0.076449  -0.5412693   0.0022544  -0.000034   0.000215   0.000230   0.000257  0.0000338  0.0000343    0.000119    0.000078
1989  10  29  47828   0.064294   0.076430  -0.5434734   0.0021395  -0.000005   0.000211   0.000191   0.000249  0.0000298  0.0000340    0.000113    0.000082
1989  10  30  47829   0.060283   0.076481  -0.5455401   0.0019881   0.000006   0.000218   0.000230   0.000288  0.0000341  0.0000286    0.000128    0.000118
1989  10  31  47830   0.056354   0.075873  -0.5474506   0.0018368   0.000014   0.000180   0.000212   0.000216  0.0000274  0.0000321    0.000101    0.000107
1989  11   1  47831   0.052546   0.075109  -0.5492241   0.0017070   0.000008   0.000093   0.000202   0.000205  0.0000301  0.0000411    0.000101    0.000099
1989  11   2  47832   0.049626   0.074887  -0.5508836   0.0016072   0.000058   0.000064   0.000313   0.000320  0.0000547  0.0000589    0.000162    0.000149
1989  11   3  47833   0.046966   0.074697  -0.5524639   0.0015614   0.000174   0.000138   0.000729   0.000701  0.0000877  0.0000515    0.000330    0.000312
1989  11   4  47834   0.043149   0.074261  -0.5540350   0.0016026   0.000228   0.000244   0.000590   0.000506  0.0000483  0.0000664    0.000228    0.000203
1989  11   5  47835   0.038755   0.074379  -0.5556972   0.0017419   0.000093   0.000214   0.000654   0.000564  0.0000450  0.0000626    0.000182    0.000187
1989  11   6  47836   0.034696   0.074883  -0.5575418   0.0019621  -0.000115   0.000083   0.000715   0.000623  0.0000769  0.0000849    0.000190    0.000269
1989  11   7  47837   0.030938   0.074910  -0.5596339   0.0022395  -0.000155  -0.000018   0.000965   0.000874  0.0001247  0.0000830    0.000317    0.000370
1989  11   8  47838   0.025336   0.074802  -0.5620167   0.0025349  -0.000061   0.000040   0.000857   0.000904  0.0000890  0.0000868    0.000378    0.000338
1989  11   9  47839   0.020895   0.074468  -0.5646784   0.0027717   0.000077   0.000127   0.000555   0.000559  0.0000488  0.0000732    0.000212    0.000218
1989  11  10  47840   0.017642   0.074857  -0.5675148   0.0028481   0.000074   0.000117   0.000712   0.000654  0.0000573  0.0000749    0.000233    0.000238
1989  11  11  47841   0.014511   0.074868  -0.5703195   0.0027203   0.000043   0.000106   0.001285   0.001102  0.0001009  0.0000983    0.000343    0.000317
1989  11  12  47842   0.010740   0.074959  -0.5729081   0.0024525   0.000049   0.000114   0.001321   0.001540  0.0001393  0.0000994    0.000494    0.000347
1989  11  13  47843   0.005791   0.075018  -0.5752028   0.0021525   0.000042   0.000045   0.000914   0.001039  0.0000980  0.0000963    0.000424    0.000302
1989  11  14  47844   0.001587   0.075382  -0.5772255   0.0019022   0.000036   0.000279   0.000517   0.000524  0.0000534  0.0000716    0.000242    0.000220
1989  11  15  47845  -0.001651   0.076077  -0.5790474   0.0017491   0.000188   0.000466   0.000440   0.000446  0.0000451  0.0000800    0.000203    0.000194
1989  11  16  47846  -0.004779   0.077014  -0.5807747   0.0017202   0.000466   0.000356   0.000743   0.000991  0.0001066  0.0001561    0.000377    0.000293
1989  11  17  47847  -0.008446   0.078123  -0.5825310   0.0018138   0.000628   0.000162   0.000929   0.001226  0.0002671  0.0001044    0.000586    0.000418
1989  11  18  47848  -0.012534   0.079171  -0.5844258   0.0019938   0.000476   0.000009   0.000840   0.000796  0.0001022  0.0001596    0.000322    0.000362
1989  11  19  47849  -0.015674   0.079086  -0.5865219   0.0022000   0.000182   0.000145   0.000511   0.000512  0.0000521  0.0000788    0.000183    0.000228
1989  11  20  47850  -0.019976   0.080713  -0.5888155   0.0023748  -0.000056   0.000406   0.000547   0.000517  0.0000555  0.0000655    0.000213    0.000222
1989  11  21  47851  -0.023717   0.082009  -0.5912546   0.0024917  -0.000169   0.000516   0.000721   0.000631  0.0000788  0.0000940    0.000363    0.000253
1989  11  22  47852  -0.026292   0.082377  -0.5937800   0.0025519  -0.000157   0.000442   0.000811   0.000886  0.0001325  0.0000740    0.000602    0.000286
1989  11  23  47853  -0.029379   0.083699  -0.5963391   0.0025584  -0.000040   0.000246   0.000512   0.000557  0.0000693  0.0000865    0.000249    0.000262
1989  11  24  47854  -0.033152   0.085825  -0.5988782   0.0025062   0.000109   0.000054   0.000319   0.000329  0.0000404  0.0000538    0.000140    0.000216
1989  11  25  47855  -0.036935   0.087478  -0.6013360   0.0023893   0.000167   0.000054   0.000301   0.000207  0.0000383  0.0000396    0.000128    0.000171
1989  11  26  47856  -0.040803   0.089189  -0.6036474   0.0022203   0.000178   0.000197   0.000302   0.000151  0.0000388  0.0000469    0.000123    0.000140
1989  11  27  47857  -0.045092   0.091678  -0.6057752   0.0020397   0.000219   0.000397   0.000437   0.000226  0.0000555  0.0000567    0.000189    0.000198
1989  11  28  47858  -0.049447   0.093490  -0.6077344   0.0018921   0.000253   0.000457   0.000673   0.000495  0.0000745  0.0000547    0.000317    0.000282
1989  11  29  47859  -0.053499   0.094197  -0.6095757   0.0018026   0.000277   0.000348   0.000546   0.000515  0.0000539  0.0000637    0.000210    0.000218
1989  11  30  47860  -0.057112   0.094620  -0.6113631   0.0017760   0.000361   0.000144   0.000574   0.000540  0.0000530  0.0000534    0.000206    0.000214
1989  12   1  47861  -0.060367   0.095207  -0.6131557   0.0018076   0.000465  -0.000076   0.002017   0.001888  0.0000530  0.0000543    0.000206    0.000214
1989  12   2  47862  -0.063443   0.095977  -0.6150061   0.0018932   0.000524  -0.000222   0.003184   0.003247  0.0000557  0.0000546    0.000201    0.000217
1989  12   3  47863  -0.066285   0.096878  -0.6169645   0.0020289   0.000495  -0.000218   0.000518   0.000533  0.0000561  0.0000572    0.000202    0.000218
1989  12   4  47864  -0.068598   0.097983  -0.6190754   0.0022017   0.000349  -0.000017   0.000446   0.000462  0.0000587  0.0000650    0.000209    0.000229
1989  12   5  47865  -0.070346   0.099415  -0.6213646   0.0023822   0.000073   0.000393   0.000604   0.000625  0.0000739  0.0000761    0.000248    0.000298
1989  12   6  47866  -0.072048   0.101248  -0.6238198   0.0025253  -0.000173   0.000814   0.000894   0.000914  0.0000934  0.0000859    0.000288    0.000400
1989  12   7  47867  -0.073984   0.103418  -0.6263799   0.0025814  -0.000303   0.001115   0.002690   0.002827  0.0000979  0.0000959    0.000296    0.000427
1989  12   8  47868  -0.076060   0.105844  -0.6289375   0.0025139  -0.000323   0.001258   0.007142   0.005690  0.0000984  0.0000773    0.000297    0.000430
1989  12   9  47869  -0.078064   0.108405  -0.6313637   0.0023209  -0.000249   0.001225   0.007115   0.005737  0.0000568  0.0000566    0.000278    0.000350
1989  12  10  47870  -0.080298   0.110900  -0.6335503   0.0020459  -0.000116   0.001035   0.002646   0.005366  0.0000148  0.0000358    0.000149    0.000124
1989  12  11  47871  -0.083067   0.113167  -0.6354528   0.0017664   0.000030   0.000742   0.001480   0.001563  0.0000148  0.0000149    0.000149    0.000124
1989  12  12  47872  -0.086445   0.115241  -0.6371093   0.0015616   0.000146   0.000420   0.000445   0.000402  0.0000149  0.0000155    0.000150    0.000125
1989  12  13  47873  -0.089872   0.117238  -0.6386219   0.0014777   0.000199   0.000142   0.000267   0.000244  0.0000161  0.0000202    0.000153    0.000131
1989  12  14  47874  -0.092752   0.119348  -0.6401130   0.0015118   0.000154  -0.000029   0.000284   0.000289  0.0000254  0.0000326    0.000166    0.000160
1989  12  15  47875  -0.095462   0.121926  -0.6416799   0.0016307   0.000209  -0.000126   0.000308   0.000344  0.0000491  0.0000446    0.000174    0.000185
1989  12  16  47876  -0.097995   0.124931  -0.6433865   0.0017946   0.000343  -0.000154   0.000982   0.001057  0.0000638  0.0000639    0.000186    0.000198
1989  12  17  47877  -0.100026   0.127980  -0.6452609   0.0019645   0.000457  -0.000124   0.001143   0.000819  0.0000788  0.0000580    0.000233    0.000230
1989  12  18  47878  -0.101562   0.130680  -0.6472955   0.0021060   0.000470  -0.000058   0.000458   0.000261  0.0000522  0.0000559    0.000152    0.000163
1989  12  19  47879  -0.103128   0.132794  -0.6494494   0.0021891   0.000287   0.000031   0.000274   0.000146  0.0000330  0.0000429    0.000096    0.000108
1989  12  20  47880  -0.105492   0.134876  -0.6516515   0.0021972   0.000203   0.000003   0.000266   0.000165  0.0000336  0.0000366    0.000103    0.000116
1989  12  21  47881  -0.107890   0.137390  -0.6538245   0.0021324   0.000151  -0.000073   0.000302   0.000229  0.0000401  0.0000483    0.000133    0.000148
1989  12  22  47882  -0.109793   0.139975  -0.6559010   0.0020089   0.000117  -0.000152   0.000497   0.000334  0.0000630  0.0000503    0.000257    0.000234
1989  12  23  47883  -0.111605   0.141950  -0.6578323   0.0018454   0.000170  -0.000237   0.000549   0.000384  0.0000604  0.0000595    0.000237    0.000207
1989  12  24  47884  -0.113927   0.143519  -0.6595895   0.0016632   0.000218  -0.000233   0.000573   0.000440  0.0000560  0.0000578    0.000208    0.000183
1989  12  25  47885  -0.116943   0.145361  -0.6611651   0.0014865   0.000151  -0.000060   0.000724   0.000574  0.0000551  0.0000808    0.000203    0.000178
1989  12  26  47886  -0.120216   0.147758  -0.6625774   0.0013428   0.000056   0.000165   0.003732   0.006719  0.0001057  0.0001004    0.000407    0.000413
1989  12  27  47887  -0.123204   0.150577  -0.6638730   0.0012590   0.000001   0.000336   0.002356   0.002772  0.0001456  0.0001016    0.000617    0.001115
1989  12  28  47888  -0.125812   0.153417  -0.6651229   0.0012544   0.000044   0.000360   0.000970   0.000978  0.0000975  0.0001021    0.000409    0.000566
1989  12  29  47889  -0.128317   0.155903  -0.6664111   0.0013385   0.000245   0.000168   0.000561   0.000559  0.0000585  0.0000736    0.000244    0.000308
1989  12  30  47890  -0.130608   0.158019  -0.6678249   0.0015036   0.000392  -0.000145   0.000480   0.000477  0.0000498  0.0000536    0.000208    0.000258
1989  12  31  47891  -0.132487   0.160074  -0.6694321   0.0017225   0.000429  -0.000467   0.000860   0.000860  0.0000487  0.0000446    0.000203    0.000252
