

                   INTERNATIONAL EARTH ROTATION SERVICE
                        EARTH ROTATION PARAMETERS
                          EOP (IERS) C04

  
             FORMAT(3(I4),I7,2(F11.6),2(F12.7),2(F12.6),2(F11.6),2(F12.7),2F12.6)
**********************************************************************************
  
      Date      MJD      x          y        UT1-UTC       LOD         dX        dY        x Err     y Err   UT1-UTC Err  Lod Err     dY Err       dY Err  
                         "          "           s           s          "         "           "          "          s         s            "           "
     (0h UTC)

1963   1   1  38030  -0.195400   0.218400  -0.0336428   0.0014780   0.000000   0.000000   0.030000   0.030000  0.0020000  0.0014000    0.012000    0.002000
1963   1   2  38031  -0.196800   0.220700  -0.0340579   0.0015820   0.000000   0.000000   0.030000   0.030000  0.0020000  0.0014000    0.012000    0.002000
1963   1   3  38032  -0.198100   0.223100  -0.0345420   0.0016140   0.000000   0.000000   0.030000   0.030000  0.0020000  0.0014000    0.012000    0.002000
1963   1   4  38033  -0.199399   0.225401  -0.0350281   0.0015720   0.000000   0.000000   0.030000   0.030000  0.0020000  0.0014000    0.012000    0.002000
1963   1   5  38034  -0.200499   0.227701  -0.0354112   0.0014530   0.000000   0.000000   0.030000   0.030000  0.0020000  0.0014000    0.012000    0.002000
1963   1   6  38035  -0.201599   0.230001  -0.0356652   0.0012800   0.000000   0.000000   0.030000   0.030000  0.0020000  0.0014000    0.012000    0.002000
1963   1   7  38036  -0.202499   0.232401  -0.0357273   0.0010940   0.000000   0.000000   0.030000   0.030000  0.0020000  0.0014000    0.012000    0.002000
1963   1   8  38037  -0.203298   0.234702  -0.0356134   0.0009360   0.000000   0.000000   0.030000   0.030000  0.0020000  0.0014000    0.012000    0.002000
1963   1   9  38038  -0.203998   0.236902  -0.0353695   0.0008370   0.000000   0.000000   0.030000   0.030000  0.0020000  0.0014000    0.012000    0.002000
1963   1  10  38039  -0.204498   0.239202  -0.0350606   0.0008050   0.000000   0.000000   0.030000   0.030000  0.0020000  0.0014000    0.012000    0.002000
1963   1  11  38040  -0.204997   0.241503  -0.0347596   0.0008410   0.000000   0.000000   0.030000   0.030000  0.0020000  0.0014000    0.012000    0.002000
1963   1  12  38041  -0.205297   0.243803  -0.0345147   0.0009020   0.000000   0.000000   0.030000   0.030000  0.0020000  0.0014000    0.012000    0.002000
1963   1  13  38042  -0.205497   0.246003  -0.0343188   0.0009660   0.000000   0.000000   0.030000   0.030000  0.0020000  0.0014000    0.012000    0.002000
1963   1  14  38043  -0.205597   0.248303  -0.0342049   0.0010340   0.000000   0.000000   0.030000   0.030000  0.0020000  0.0014000    0.012000    0.002000
1963   1  15  38044  -0.205496   0.250504  -0.0341289   0.0010710   0.000000   0.000000   0.030000   0.030000  0.0020000  0.0014000    0.012000    0.002000
1963   1  16  38045  -0.205396   0.252704  -0.0340870   0.0010780   0.000000   0.000000   0.030000   0.030000  0.0020000  0.0014000    0.012000    0.002000
1963   1  17  38046  -0.205096   0.254904  -0.0340241   0.0010520   0.000000   0.000000   0.030000   0.030000  0.0020000  0.0014000    0.012000    0.002000
1963   1  18  38047  -0.204796   0.257104  -0.0339292   0.0009920   0.000000   0.000000   0.030000   0.030000  0.0020000  0.0014000    0.012000    0.002000
1963   1  19  38048  -0.204295   0.259305  -0.0337602   0.0009070   0.000000   0.000000   0.030000   0.030000  0.0020000  0.0014000    0.012000    0.002000
1963   1  20  38049  -0.203695   0.261405  -0.0334983   0.0008070   0.000000   0.000000   0.030000   0.030000  0.0020000  0.0014000    0.012000    0.002000
1963   1  21  38050  -0.202995   0.263505  -0.0331344   0.0007050   0.000000   0.000000   0.030000   0.030000  0.0020000  0.0014000    0.012000    0.002000
1963   1  22  38051  -0.202194   0.265606  -0.0326715   0.0006230   0.000000   0.000000   0.030000   0.030000  0.0020000  0.0014000    0.012000    0.002000
1963   1  23  38052  -0.201294   0.267606  -0.0321315   0.0005720   0.000000   0.000000   0.030000   0.030000  0.0020000  0.0014000    0.012000    0.002000
1963   1  24  38053  -0.200394   0.269606  -0.0315836   0.0005730   0.000000   0.000000   0.030000   0.030000  0.0020000  0.0014000    0.012000    0.002000
1963   1  25  38054  -0.199294   0.271606  -0.0310607   0.0006520   0.000000   0.000000   0.030000   0.030000  0.0020000  0.0014000    0.012000    0.002000
1963   1  26  38055  -0.198093   0.273607  -0.0306498   0.0007960   0.000000   0.000000   0.030000   0.030000  0.0020000  0.0014000    0.012000    0.002000
1963   1  27  38056  -0.196893   0.275507  -0.0304168   0.0009830   0.000000   0.000000   0.030000   0.030000  0.0020000  0.0014000    0.012000    0.002000
1963   1  28  38057  -0.195593   0.277307  -0.0303759   0.0011800   0.000000   0.000000   0.030000   0.030000  0.0020000  0.0014000    0.012000    0.002000
1963   1  29  38058  -0.194193   0.279207  -0.0305120   0.0013300   0.000000   0.000000   0.030000   0.030000  0.0020000  0.0014000    0.012000    0.002000
1963   1  30  38059  -0.192792   0.281008  -0.0307591   0.0014090   0.000000   0.000000   0.030000   0.030000  0.0020000  0.0014000    0.012000    0.002000
1963   1  31  38060  -0.191292   0.282808  -0.0310581   0.0014030   0.000000   0.000000   0.030000   0.030000  0.0020000  0.0014000    0.012000    0.002000
1963   2   1  38061  -0.189692   0.284508  -0.0312982   0.0013060   0.000000   0.000000   0.030000   0.030000  0.0020000  0.0014000    0.012000    0.002000
1963   2   2  38062  -0.187991   0.286209  -0.0314123   0.0011660   0.000000   0.000000   0.030000   0.030000  0.0020000  0.0014000    0.012000    0.002000
1963   2   3  38063  -0.186391   0.287909  -0.0313674   0.0010040   0.000000   0.000000   0.030000   0.030000  0.0020000  0.0014000    0.012000    0.002000
1963   2   4  38064  -0.184591   0.289609  -0.0311884   0.0008860   0.000000   0.000000   0.030000   0.030000  0.0020000  0.0014000    0.012000    0.002000
1963   2   5  38065  -0.182891   0.291209  -0.0309185   0.0008230   0.000000   0.000000   0.030000   0.030000  0.0020000  0.0014000    0.012000    0.002000
1963   2   6  38066  -0.180990   0.292810  -0.0305966   0.0008060   0.000000   0.000000   0.030000   0.030000  0.0020000  0.0014000    0.012000    0.002000
1963   2   7  38067  -0.179190   0.294410  -0.0303107   0.0008610   0.000000   0.000000   0.030000   0.030000  0.0020000  0.0014000    0.012000    0.002000
1963   2   8  38068  -0.177290   0.296010  -0.0300937   0.0009500   0.000000   0.000000   0.030000   0.030000  0.0020000  0.0014000    0.012000    0.002000
1963   2   9  38069  -0.175390   0.297610  -0.0299778   0.0010690   0.000000   0.000000   0.030000   0.030000  0.0020000  0.0014000    0.012000    0.002000
1963   2  10  38070  -0.173489   0.299111  -0.0299719   0.0011760   0.000000   0.000000   0.030000   0.030000  0.0020000  0.0014000    0.012000    0.002000
1963   2  11  38071  -0.171489   0.300611  -0.0300740   0.0012640   0.000000   0.000000   0.030000   0.030000  0.0020000  0.0014000    0.012000    0.002000
1963   2  12  38072  -0.169589   0.302111  -0.0302400   0.0013130   0.000000   0.000000   0.030000   0.030000  0.0020000  0.0014000    0.012000    0.002000
1963   2  13  38073  -0.167588   0.303612  -0.0304481   0.0013260   0.000000   0.000000   0.030000   0.030000  0.0020000  0.0014000    0.012000    0.002000
1963   2  14  38074  -0.165588   0.305112  -0.0306402   0.0013030   0.000000   0.000000   0.030000   0.030000  0.0020000  0.0014000    0.012000    0.002000
1963   2  15  38075  -0.163588   0.306612  -0.0307833   0.0012390   0.000000   0.000000   0.030000   0.030000  0.0020000  0.0014000    0.012000    0.002000
1963   2  16  38076  -0.161588   0.308012  -0.0308623   0.0011670   0.000000   0.000000   0.030000   0.030000  0.0020000  0.0014000    0.012000    0.002000
1963   2  17  38077  -0.159487   0.309513  -0.0308654   0.0010810   0.000000   0.000000   0.030000   0.030000  0.0020000  0.0014000    0.012000    0.002000
1963   2  18  38078  -0.157487   0.311013  -0.0307865   0.0010040   0.000000   0.000000   0.030000   0.030000  0.0020000  0.0014000    0.012000    0.002000
1963   2  19  38079  -0.155387   0.312413  -0.0306435   0.0009540   0.000000   0.000000   0.030000   0.030000  0.0020000  0.0014000    0.012000    0.002000
1963   2  20  38080  -0.153387   0.313913  -0.0304596   0.0009370   0.000000   0.000000   0.030000   0.030000  0.0020000  0.0014000    0.012000    0.002000
1963   2  21  38081  -0.151286   0.315314  -0.0302987   0.0010030   0.000000   0.000000   0.030000   0.030000  0.0020000  0.0014000    0.012000    0.002000
1963   2  22  38082  -0.149186   0.316714  -0.0302308   0.0011430   0.000000   0.000000   0.030000   0.030000  0.0020000  0.0014000    0.012000    0.002000
1963   2  23  38083  -0.147086   0.318214  -0.0303458   0.0013460   0.000000   0.000000   0.030000   0.030000  0.0020000  0.0014000    0.012000    0.002000
1963   2  24  38084  -0.144985   0.319615  -0.0306809   0.0015840   0.000000   0.000000   0.030000   0.030000  0.0020000  0.0014000    0.012000    0.002000
1963   2  25  38085  -0.142885   0.321015  -0.0312550   0.0017940   0.000000   0.000000   0.030000   0.030000  0.0020000  0.0014000    0.012000    0.002000
1963   2  26  38086  -0.140685   0.322415  -0.0319921   0.0019120   0.000000   0.000000   0.030000   0.030000  0.0020000  0.0014000    0.012000    0.002000
1963   2  27  38087  -0.138485   0.323715  -0.0328001   0.0019360   0.000000   0.000000   0.030000   0.030000  0.0020000  0.0014000    0.012000    0.002000
1963   2  28  38088  -0.136284   0.325116  -0.0335682   0.0018430   0.000000   0.000000   0.030000   0.030000  0.0020000  0.0014000    0.012000    0.002000
1963   3   1  38089  -0.134084   0.326516  -0.0342123   0.0016870   0.000000   0.000000   0.030000   0.030000  0.0020000  0.0014000    0.012000    0.002000
1963   3   2  38090  -0.131784   0.327816  -0.0346843   0.0014970   0.000000   0.000000   0.030000   0.030000  0.0020000  0.0014000    0.012000    0.002000
1963   3   3  38091  -0.129484   0.329116  -0.0349754   0.0013410   0.000000   0.000000   0.030000   0.030000  0.0020000  0.0014000    0.012000    0.002000
1963   3   4  38092  -0.127183   0.330417  -0.0351255   0.0012310   0.000000   0.000000   0.030000   0.030000  0.0020000  0.0014000    0.012000    0.002000
1963   3   5  38093  -0.124783   0.331817  -0.0352105   0.0011910   0.000000   0.000000   0.030000   0.030000  0.0020000  0.0014000    0.012000    0.002000
1963   3   6  38094  -0.122383   0.333017  -0.0352806   0.0012080   0.000000   0.000000   0.030000   0.030000  0.0020000  0.0014000    0.012000    0.002000
1963   3   7  38095  -0.119982   0.334318  -0.0354047   0.0012870   0.000000   0.000000   0.030000   0.030000  0.0020000  0.0014000    0.012000    0.002000
1963   3   8  38096  -0.117482   0.335618  -0.0356148   0.0013850   0.000000   0.000000   0.030000   0.030000  0.0020000  0.0014000    0.012000    0.002000
1963   3   9  38097  -0.114982   0.336818  -0.0359358   0.0014980   0.000000   0.000000   0.030000   0.030000  0.0020000  0.0014000    0.012000    0.002000
1963   3  10  38098  -0.112482   0.338118  -0.0363549   0.0015870   0.000000   0.000000   0.030000   0.030000  0.0020000  0.0014000    0.012000    0.002000
1963   3  11  38099  -0.109881   0.339319  -0.0368600   0.0016480   0.000000   0.000000   0.030000   0.030000  0.0020000  0.0014000    0.012000    0.002000
1963   3  12  38100  -0.107281   0.340519  -0.0373990   0.0016730   0.000000   0.000000   0.030000   0.030000  0.0020000  0.0014000    0.012000    0.002000
1963   3  13  38101  -0.104581   0.341719  -0.0379541   0.0016600   0.000000   0.000000   0.030000   0.030000  0.0020000  0.0014000    0.012000    0.002000
1963   3  14  38102  -0.101880   0.342820  -0.0384682   0.0016120   0.000000   0.000000   0.030000   0.030000  0.0020000  0.0014000    0.012000    0.002000
1963   3  15  38103  -0.099180   0.344020  -0.0389203   0.0015380   0.000000   0.000000   0.030000   0.030000  0.0020000  0.0014000    0.012000    0.002000
1963   3  16  38104  -0.096480   0.345120  -0.0392923   0.0014450   0.000000   0.000000   0.030000   0.030000  0.0020000  0.0014000    0.012000    0.002000
1963   3  17  38105  -0.093680   0.346220  -0.0395624   0.0013580   0.000000   0.000000   0.030000   0.030000  0.0020000  0.0014000    0.012000    0.002000
1963   3  18  38106  -0.090779   0.347321  -0.0397755   0.0013040   0.000000   0.000000   0.030000   0.030000  0.0020000  0.0014000    0.012000    0.002000
1963   3  19  38107  -0.087979   0.348321  -0.0399425   0.0012880   0.000000   0.000000   0.030000   0.030000  0.0020000  0.0014000    0.012000    0.002000
1963   3  20  38108  -0.085079   0.349321  -0.0401306   0.0013280   0.000000   0.000000   0.030000   0.030000  0.0020000  0.0014000    0.012000    0.002000
1963   3  21  38109  -0.082079   0.350221  -0.0403817   0.0014370   0.000000   0.000000   0.030000   0.030000  0.0020000  0.0014000    0.012000    0.002000
1963   3  22  38110  -0.079078   0.351222  -0.0407887   0.0016290   0.000000   0.000000   0.030000   0.030000  0.0020000  0.0014000    0.012000    0.002000
1963   3  23  38111  -0.076078   0.352022  -0.0414078   0.0018650   0.000000   0.000000   0.030000   0.030000  0.0020000  0.0014000    0.012000    0.002000
1963   3  24  38112  -0.073078   0.352922  -0.0422809   0.0021190   0.000000   0.000000   0.030000   0.030000  0.0020000  0.0014000    0.012000    0.002000
1963   3  25  38113  -0.069977   0.353723  -0.0433859   0.0023170   0.000000   0.000000   0.030000   0.030000  0.0020000  0.0014000    0.012000    0.002000
1963   3  26  38114  -0.066877   0.354423  -0.0446290   0.0024170   0.000000   0.000000   0.030000   0.030000  0.0020000  0.0014000    0.012000    0.002000
1963   3  27  38115  -0.063777   0.355123  -0.0459171   0.0023770   0.000000   0.000000   0.030000   0.030000  0.0020000  0.0014000    0.012000    0.002000
1963   3  28  38116  -0.060577   0.355723  -0.0471071   0.0022280   0.000000   0.000000   0.030000   0.030000  0.0020000  0.0014000    0.012000    0.002000
1963   3  29  38117  -0.057476   0.356324  -0.0481232   0.0020210   0.000000   0.000000   0.030000   0.030000  0.0020000  0.0014000    0.012000    0.002000
1963   3  30  38118  -0.054176   0.356924  -0.0489213   0.0018190   0.000000   0.000000   0.030000   0.030000  0.0020000  0.0014000    0.012000    0.002000
1963   3  31  38119  -0.050976   0.357324  -0.0495393   0.0016790   0.000000   0.000000   0.030000   0.030000  0.0020000  0.0014000    0.012000    0.002000
1963   4   1  38120  -0.047676   0.357724  -0.0500454   0.0016060   0.000000   0.000000   0.030000   0.030000  0.0020000  0.0014000    0.012000    0.002000
1963   4   2  38121  -0.044375   0.358125  -0.0505165   0.0015980   0.000000   0.000000   0.030000   0.030000  0.0020000  0.0014000    0.012000    0.002000
1963   4   3  38122  -0.041075   0.358325  -0.0510216   0.0016500   0.000000   0.000000   0.030000   0.030000  0.0020000  0.0014000    0.012000    0.002000
1963   4   4  38123  -0.037675   0.358625  -0.0515886   0.0017380   0.000000   0.000000   0.030000   0.030000  0.0020000  0.0014000    0.012000    0.002000
1963   4   5  38124  -0.034274   0.358726  -0.0522417   0.0018290   0.000000   0.000000   0.030000   0.030000  0.0020000  0.0014000    0.012000    0.002000
1963   4   6  38125  -0.030874   0.358826  -0.0529938   0.0019130   0.000000   0.000000   0.030000   0.030000  0.0020000  0.0014000    0.012000    0.002000
1963   4   7  38126  -0.027474   0.358826  -0.0538098   0.0019630   0.000000   0.000000   0.030000   0.030000  0.0020000  0.0014000    0.012000    0.002000
1963   4   8  38127  -0.023974   0.358726  -0.0546689   0.0019900   0.000000   0.000000   0.030000   0.030000  0.0020000  0.0014000    0.012000    0.002000
1963   4   9  38128  -0.020573   0.358627  -0.0555260   0.0019680   0.000000   0.000000   0.030000   0.030000  0.0020000  0.0014000    0.012000    0.002000
1963   4  10  38129  -0.016973   0.358427  -0.0563430   0.0018890   0.000000   0.000000   0.030000   0.030000  0.0020000  0.0014000    0.012000    0.002000
1963   4  11  38130  -0.013473   0.358127  -0.0570551   0.0017900   0.000000   0.000000   0.030000   0.030000  0.0020000  0.0014000    0.012000    0.002000
1963   4  12  38131  -0.009873   0.357827  -0.0576562   0.0016720   0.000000   0.000000   0.030000   0.030000  0.0020000  0.0014000    0.012000    0.002000
1963   4  13  38132  -0.006372   0.357428  -0.0581482   0.0015640   0.000000   0.000000   0.030000   0.030000  0.0020000  0.0014000    0.012000    0.002000
1963   4  14  38133  -0.002772   0.356928  -0.0585503   0.0014740   0.000000   0.000000   0.030000   0.030000  0.0020000  0.0014000    0.012000    0.002000
1963   4  15  38134   0.000928   0.356428  -0.0588693   0.0014200   0.000000   0.000000   0.030000   0.030000  0.0020000  0.0014000    0.012000    0.002000
1963   4  16  38135   0.004529   0.355829  -0.0591674   0.0014250   0.000000   0.000000   0.030000   0.030000  0.0020000  0.0014000    0.012000    0.002000
1963   4  17  38136   0.008229   0.355229  -0.0594895   0.0014810   0.000000   0.000000   0.030000   0.030000  0.0020000  0.0014000    0.012000    0.002000
1963   4  18  38137   0.011929   0.354429  -0.0599115   0.0016160   0.000000   0.000000   0.030000   0.030000  0.0020000  0.0014000    0.012000    0.002000
1963   4  19  38138   0.015629   0.353729  -0.0605026   0.0018150   0.000000   0.000000   0.030000   0.030000  0.0020000  0.0014000    0.012000    0.002000
1963   4  20  38139   0.019330   0.352930  -0.0613057   0.0020620   0.000000   0.000000   0.030000   0.030000  0.0020000  0.0014000    0.012000    0.002000
1963   4  21  38140   0.023030   0.352030  -0.0623617   0.0022840   0.000000   0.000000   0.030000   0.030000  0.0020000  0.0014000    0.012000    0.002000
1963   4  22  38141   0.026730   0.351130  -0.0636078   0.0024310   0.000000   0.000000   0.030000   0.030000  0.0020000  0.0014000    0.012000    0.002000
1963   4  23  38142   0.030530   0.350130  -0.0649439   0.0024680   0.000000   0.000000   0.030000   0.030000  0.0020000  0.0014000    0.012000    0.002000
1963   4  24  38143   0.034231   0.349131  -0.0662489   0.0023630   0.000000   0.000000   0.030000   0.030000  0.0020000  0.0014000    0.012000    0.002000
1963   4  25  38144   0.038031   0.348131  -0.0673870   0.0021610   0.000000   0.000000   0.030000   0.030000  0.0020000  0.0014000    0.012000    0.002000
1963   4  26  38145   0.041831   0.347031  -0.0683111   0.0019260   0.000000   0.000000   0.030000   0.030000  0.0020000  0.0014000    0.012000    0.002000
1963   4  27  38146   0.045532   0.345932  -0.0690091   0.0017310   0.000000   0.000000   0.030000   0.030000  0.0020000  0.0014000    0.012000    0.002000
1963   4  28  38147   0.049332   0.344832  -0.0695462   0.0015980   0.000000   0.000000   0.030000   0.030000  0.0020000  0.0014000    0.012000    0.002000
1963   4  29  38148   0.053132   0.343632  -0.0699933   0.0015590   0.000000   0.000000   0.030000   0.030000  0.0020000  0.0014000    0.012000    0.002000
1963   4  30  38149   0.056832   0.342432  -0.0704373   0.0015900   0.000000   0.000000   0.030000   0.030000  0.0020000  0.0014000    0.012000    0.002000
1963   5   1  38150   0.060633   0.341233  -0.0709484   0.0016770   0.000000   0.000000   0.030000   0.030000  0.0020000  0.0014000    0.012000    0.002000
1963   5   2  38151   0.064333   0.339933  -0.0715484   0.0017630   0.000000   0.000000   0.030000   0.030000  0.0020000  0.0014000    0.012000    0.002000
1963   5   3  38152   0.068033   0.338733  -0.0722345   0.0018470   0.000000   0.000000   0.030000   0.030000  0.0020000  0.0014000    0.012000    0.002000
1963   5   4  38153   0.071733   0.337433  -0.0729956   0.0019110   0.000000   0.000000   0.030000   0.030000  0.0020000  0.0014000    0.012000    0.002000
1963   5   5  38154   0.075434   0.336134  -0.0738056   0.0019440   0.000000   0.000000   0.030000   0.030000  0.0020000  0.0014000    0.012000    0.002000
1963   5   6  38155   0.079134   0.334834  -0.0746317   0.0019420   0.000000   0.000000   0.030000   0.030000  0.0020000  0.0014000    0.012000    0.002000
1963   5   7  38156   0.082734   0.333434  -0.0754268   0.0018920   0.000000   0.000000   0.030000   0.030000  0.0020000  0.0014000    0.012000    0.002000
1963   5   8  38157   0.086335   0.332135  -0.0761538   0.0018090   0.000000   0.000000   0.030000   0.030000  0.0020000  0.0014000    0.012000    0.002000
1963   5   9  38158   0.089835   0.330735  -0.0767869   0.0016930   0.000000   0.000000   0.030000   0.030000  0.0020000  0.0014000    0.012000    0.002000
1963   5  10  38159   0.093435   0.329335  -0.0772980   0.0015700   0.000000   0.000000   0.030000   0.030000  0.0020000  0.0014000    0.012000    0.002000
1963   5  11  38160   0.096935   0.327935  -0.0776900   0.0014580   0.000000   0.000000   0.030000   0.030000  0.0020000  0.0014000    0.012000    0.002000
1963   5  12  38161   0.100336   0.326536  -0.0779841   0.0013760   0.000000   0.000000   0.030000   0.030000  0.0020000  0.0014000    0.012000    0.002000
1963   5  13  38162   0.103736   0.325136  -0.0782181   0.0013410   0.000000   0.000000   0.030000   0.030000  0.0020000  0.0014000    0.012000    0.002000
1963   5  14  38163   0.107136   0.323736  -0.0784452   0.0013620   0.000000   0.000000   0.030000   0.030000  0.0020000  0.0014000    0.012000    0.002000
1963   5  15  38164   0.110436   0.322236  -0.0787043   0.0014260   0.000000   0.000000   0.030000   0.030000  0.0020000  0.0014000    0.012000    0.002000
1963   5  16  38165   0.113737   0.320737  -0.0790763   0.0015590   0.000000   0.000000   0.030000   0.030000  0.0020000  0.0014000    0.012000    0.002000
1963   5  17  38166   0.116937   0.319337  -0.0795964   0.0017450   0.000000   0.000000   0.030000   0.030000  0.0020000  0.0014000    0.012000    0.002000
1963   5  18  38167   0.120137   0.317837  -0.0803114   0.0019340   0.000000   0.000000   0.030000   0.030000  0.0020000  0.0014000    0.012000    0.002000
1963   5  19  38168   0.123238   0.316338  -0.0812005   0.0020850   0.000000   0.000000   0.030000   0.030000  0.0020000  0.0014000    0.012000    0.002000
1963   5  20  38169   0.126338   0.314738  -0.0822016   0.0021380   0.000000   0.000000   0.030000   0.030000  0.0020000  0.0014000    0.012000    0.002000
1963   5  21  38170   0.129438   0.313238  -0.0831966   0.0020820   0.000000   0.000000   0.030000   0.030000  0.0020000  0.0014000    0.012000    0.002000
1963   5  22  38171   0.132438   0.311738  -0.0840877   0.0019220   0.000000   0.000000   0.030000   0.030000  0.0020000  0.0014000    0.012000    0.002000
1963   5  23  38172   0.135339   0.310139  -0.0847678   0.0016920   0.000000   0.000000   0.030000   0.030000  0.0020000  0.0014000    0.012000    0.002000
1963   5  24  38173   0.138239   0.308539  -0.0852088   0.0014550   0.000000   0.000000   0.030000   0.030000  0.0020000  0.0014000    0.012000    0.002000
1963   5  25  38174   0.141139   0.306939  -0.0854459   0.0012710   0.000000   0.000000   0.030000   0.030000  0.0020000  0.0014000    0.012000    0.002000
1963   5  26  38175   0.143939   0.305339  -0.0855379   0.0011790   0.000000   0.000000   0.030000   0.030000  0.0020000  0.0014000    0.012000    0.002000
1963   5  27  38176   0.146740   0.303640  -0.0855910   0.0011780   0.000000   0.000000   0.030000   0.030000  0.0020000  0.0014000    0.012000    0.002000
1963   5  28  38177   0.149440   0.301940  -0.0856641   0.0012250   0.000000   0.000000   0.030000   0.030000  0.0020000  0.0014000    0.012000    0.002000
1963   5  29  38178   0.152140   0.300240  -0.0858111   0.0013100   0.000000   0.000000   0.030000   0.030000  0.0020000  0.0014000    0.012000    0.002000
1963   5  30  38179   0.154841   0.298541  -0.0860342   0.0014050   0.000000   0.000000   0.030000   0.030000  0.0020000  0.0014000    0.012000    0.002000
1963   5  31  38180   0.157441   0.296841  -0.0863542   0.0014720   0.000000   0.000000   0.030000   0.030000  0.0020000  0.0014000    0.012000    0.002000
1963   6   1  38181   0.160041   0.295041  -0.0867393   0.0015210   0.000000   0.000000   0.030000   0.030000  0.0020000  0.0014000    0.012000    0.002000
1963   6   2  38182   0.162541   0.293241  -0.0871344   0.0015240   0.000000   0.000000   0.030000   0.030000  0.0020000  0.0014000    0.012000    0.002000
1963   6   3  38183   0.165042   0.291442  -0.0875334   0.0015000   0.000000   0.000000   0.030000   0.030000  0.0020000  0.0014000    0.012000    0.002000
1963   6   4  38184   0.167542   0.289642  -0.0878825   0.0014430   0.000000   0.000000   0.030000   0.030000  0.0020000  0.0014000    0.012000    0.002000
1963   6   5  38185   0.169942   0.287742  -0.0881715   0.0013720   0.000000   0.000000   0.030000   0.030000  0.0020000  0.0014000    0.012000    0.002000
1963   6   6  38186   0.172343   0.285943  -0.0883626   0.0012690   0.000000   0.000000   0.030000   0.030000  0.0020000  0.0014000    0.012000    0.002000
1963   6   7  38187   0.174743   0.284043  -0.0884607   0.0011700   0.000000   0.000000   0.030000   0.030000  0.0020000  0.0014000    0.012000    0.002000
1963   6   8  38188   0.177043   0.282043  -0.0884607   0.0010860   0.000000   0.000000   0.030000   0.030000  0.0020000  0.0014000    0.012000    0.002000
1963   6   9  38189   0.179343   0.280143  -0.0884068   0.0010440   0.000000   0.000000   0.030000   0.030000  0.0020000  0.0014000    0.012000    0.002000
1963   6  10  38190   0.181644   0.278144  -0.0883278   0.0010570   0.000000   0.000000   0.030000   0.030000  0.0020000  0.0014000    0.012000    0.002000
1963   6  11  38191   0.183844   0.276144  -0.0882929   0.0011320   0.000000   0.000000   0.030000   0.030000  0.0020000  0.0014000    0.012000    0.002000
1963   6  12  38192   0.186044   0.274044  -0.0883609   0.0012530   0.000000   0.000000   0.030000   0.030000  0.0020000  0.0014000    0.012000    0.002000
1963   6  13  38193   0.188244   0.272044  -0.0885710   0.0014230   0.000000   0.000000   0.030000   0.030000  0.0020000  0.0014000    0.012000    0.002000
1963   6  14  38194   0.190345   0.269945  -0.0889511   0.0015960   0.000000   0.000000   0.030000   0.030000  0.0020000  0.0014000    0.012000    0.002000
1963   6  15  38195   0.192345   0.267845  -0.0895061   0.0017490   0.000000   0.000000   0.030000   0.030000  0.0020000  0.0014000    0.012000    0.002000
1963   6  16  38196   0.194445   0.265745  -0.0901782   0.0018410   0.000000   0.000000   0.030000   0.030000  0.0020000  0.0014000    0.012000    0.002000
1963   6  17  38197   0.196446   0.263546  -0.0909072   0.0018310   0.000000   0.000000   0.030000   0.030000  0.0020000  0.0014000    0.012000    0.002000
1963   6  18  38198   0.198346   0.261346  -0.0915643   0.0017170   0.000000   0.000000   0.030000   0.030000  0.0020000  0.0014000    0.012000    0.002000
1963   6  19  38199   0.200246   0.259146  -0.0920744   0.0015220   0.000000   0.000000   0.030000   0.030000  0.0020000  0.0014000    0.012000    0.002000
1963   6  20  38200   0.202046   0.256946  -0.0923464   0.0012810   0.000000   0.000000   0.030000   0.030000  0.0020000  0.0014000    0.012000    0.002000
1963   6  21  38201   0.203847   0.254647  -0.0923955   0.0010750   0.000000   0.000000   0.030000   0.030000  0.0020000  0.0014000    0.012000    0.002000
1963   6  22  38202   0.205647   0.252347  -0.0922795   0.0009470   0.000000   0.000000   0.030000   0.030000  0.0020000  0.0014000    0.012000    0.002000
1963   6  23  38203   0.207247   0.250047  -0.0920676   0.0008930   0.000000   0.000000   0.030000   0.030000  0.0020000  0.0014000    0.012000    0.002000
1963   6  24  38204   0.208947   0.247747  -0.0918386   0.0009190   0.000000   0.000000   0.030000   0.030000  0.0020000  0.0014000    0.012000    0.002000
1963   6  25  38205   0.210448   0.245348  -0.0916687   0.0009840   0.000000   0.000000   0.030000   0.030000  0.0020000  0.0014000    0.012000    0.002000
1963   6  26  38206   0.211948   0.242948  -0.0915697   0.0010570   0.000000   0.000000   0.030000   0.030000  0.0020000  0.0014000    0.012000    0.002000
1963   6  27  38207   0.213348   0.240548  -0.0915368   0.0011240   0.000000   0.000000   0.030000   0.030000  0.0020000  0.0014000    0.012000    0.002000
1963   6  28  38208   0.214749   0.238149  -0.0915469   0.0011500   0.000000   0.000000   0.030000   0.030000  0.0020000  0.0014000    0.012000    0.002000
1963   6  29  38209   0.215949   0.235649  -0.0915749   0.0011600   0.000000   0.000000   0.030000   0.030000  0.0020000  0.0014000    0.012000    0.002000
1963   6  30  38210   0.217149   0.233249  -0.0916040   0.0011210   0.000000   0.000000   0.030000   0.030000  0.0020000  0.0014000    0.012000    0.002000
1963   7   1  38211   0.218349   0.230749  -0.0915660   0.0010490   0.000000   0.000000   0.030000   0.030000  0.0020000  0.0014000    0.012000    0.002000
1963   7   2  38212   0.219350   0.228250  -0.0914421   0.0009400   0.000000   0.000000   0.030000   0.030000  0.0020000  0.0014000    0.012000    0.002000
1963   7   3  38213   0.220350   0.225750  -0.0912021   0.0008290   0.000000   0.000000   0.030000   0.030000  0.0020000  0.0014000    0.012000    0.002000
1963   7   4  38214   0.221250   0.223250  -0.0908502   0.0007090   0.000000   0.000000   0.030000   0.030000  0.0020000  0.0014000    0.012000    0.002000
1963   7   5  38215   0.222050   0.220750  -0.0903763   0.0006070   0.000000   0.000000   0.030000   0.030000  0.0020000  0.0014000    0.012000    0.002000
1963   7   6  38216   0.222751   0.218251  -0.0898163   0.0005310   0.000000   0.000000   0.030000   0.030000  0.0020000  0.0014000    0.012000    0.002000
1963   7   7  38217   0.223451   0.215751  -0.0892174   0.0005190   0.000000   0.000000   0.030000   0.030000  0.0020000  0.0014000    0.012000    0.002000
1963   7   8  38218   0.224051   0.213251  -0.0886354   0.0005590   0.000000   0.000000   0.030000   0.030000  0.0020000  0.0014000    0.012000    0.002000
1963   7   9  38219   0.224552   0.210752  -0.0881165   0.0006610   0.000000   0.000000   0.030000   0.030000  0.0020000  0.0014000    0.012000    0.002000
1963   7  10  38220   0.224952   0.208152  -0.0877115   0.0007950   0.000000   0.000000   0.030000   0.030000  0.0020000  0.0014000    0.012000    0.002000
1963   7  11  38221   0.225252   0.205652  -0.0874696   0.0009600   0.000000   0.000000   0.030000   0.030000  0.0020000  0.0014000    0.012000    0.002000
1963   7  12  38222   0.225452   0.203152  -0.0873836   0.0011020   0.000000   0.000000   0.030000   0.030000  0.0020000  0.0014000    0.012000    0.002000
1963   7  13  38223   0.225653   0.200653  -0.0874147   0.0011970   0.000000   0.000000   0.030000   0.030000  0.0020000  0.0014000    0.012000    0.002000
1963   7  14  38224   0.225753   0.198053  -0.0875007   0.0012110   0.000000   0.000000   0.030000   0.030000  0.0020000  0.0014000    0.012000    0.002000
1963   7  15  38225   0.225753   0.195553  -0.0875668   0.0011480   0.000000   0.000000   0.030000   0.030000  0.0020000  0.0014000    0.012000    0.002000
1963   7  16  38226   0.225653   0.193053  -0.0875209   0.0009990   0.000000   0.000000   0.030000   0.030000  0.0020000  0.0014000    0.012000    0.002000
1963   7  17  38227   0.225454   0.190454  -0.0873119   0.0008200   0.000000   0.000000   0.030000   0.030000  0.0020000  0.0014000    0.012000    0.002000
1963   7  18  38228   0.225254   0.187954  -0.0869320   0.0006560   0.000000   0.000000   0.030000   0.030000  0.0020000  0.0014000    0.012000    0.002000
1963   7  19  38229   0.224954   0.185354  -0.0863910   0.0005440   0.000000   0.000000   0.030000   0.030000  0.0020000  0.0014000    0.012000    0.002000
1963   7  20  38230   0.224455   0.182755  -0.0857951   0.0005080   0.000000   0.000000   0.030000   0.030000  0.0020000  0.0014000    0.012000    0.002000
1963   7  21  38231   0.223955   0.180155  -0.0851931   0.0005490   0.000000   0.000000   0.030000   0.030000  0.0020000  0.0014000    0.012000    0.002000
1963   7  22  38232   0.223355   0.177555  -0.0846712   0.0006430   0.000000   0.000000   0.030000   0.030000  0.0020000  0.0014000    0.012000    0.002000
1963   7  23  38233   0.222755   0.174955  -0.0842552   0.0007660   0.000000   0.000000   0.030000   0.030000  0.0020000  0.0014000    0.012000    0.002000
1963   7  24  38234   0.221956   0.172356  -0.0839493   0.0008670   0.000000   0.000000   0.030000   0.030000  0.0020000  0.0014000    0.012000    0.002000
1963   7  25  38235   0.221156   0.169656  -0.0837293   0.0009380   0.000000   0.000000   0.030000   0.030000  0.0020000  0.0014000    0.012000    0.002000
1963   7  26  38236   0.220156   0.167056  -0.0835714   0.0009790   0.000000   0.000000   0.030000   0.030000  0.0020000  0.0014000    0.012000    0.002000
1963   7  27  38237   0.219156   0.164356  -0.0834244   0.0009690   0.000000   0.000000   0.030000   0.030000  0.0020000  0.0014000    0.012000    0.002000
1963   7  28  38238   0.218057   0.161657  -0.0832575   0.0009310   0.000000   0.000000   0.030000   0.030000  0.0020000  0.0014000    0.012000    0.002000
1963   7  29  38239   0.216857   0.158857  -0.0830275   0.0008550   0.000000   0.000000   0.030000   0.030000  0.0020000  0.0014000    0.012000    0.002000
1963   7  30  38240   0.215657   0.156157  -0.0827216   0.0007730   0.000000   0.000000   0.030000   0.030000  0.0020000  0.0014000    0.012000    0.002000
1963   7  31  38241   0.214258   0.153358  -0.0823326   0.0006900   0.000000   0.000000   0.030000   0.030000  0.0020000  0.0014000    0.012000    0.002000
1963   8   1  38242   0.212858   0.150658  -0.0818677   0.0006340   0.000000   0.000000   0.030000   0.030000  0.0020000  0.0014000    0.012000    0.002000
1963   8   2  38243   0.211258   0.147858  -0.0813597   0.0005980   0.000000   0.000000   0.030000   0.030000  0.0020000  0.0014000    0.012000    0.002000
1963   8   3  38244   0.209658   0.145058  -0.0808388   0.0006300   0.000000   0.000000   0.030000   0.030000  0.0020000  0.0014000    0.012000    0.002000
1963   8   4  38245   0.207959   0.142259  -0.0803899   0.0007230   0.000000   0.000000   0.030000   0.030000  0.0020000  0.0014000    0.012000    0.002000
1963   8   5  38246   0.206259   0.139359  -0.0800579   0.0008740   0.000000   0.000000   0.030000   0.030000  0.0020000  0.0014000    0.012000    0.002000
1963   8   6  38247   0.204359   0.136559  -0.0799060   0.0010700   0.000000   0.000000   0.030000   0.030000  0.0020000  0.0014000    0.012000    0.002000
1963   8   7  38248   0.202459   0.133759  -0.0799650   0.0012990   0.000000   0.000000   0.030000   0.030000  0.0020000  0.0014000    0.012000    0.002000
1963   8   8  38249   0.200460   0.130860  -0.0802481   0.0015090   0.000000   0.000000   0.030000   0.030000  0.0020000  0.0014000    0.012000    0.002000
1963   8   9  38250   0.198360   0.128060  -0.0807121   0.0016460   0.000000   0.000000   0.030000   0.030000  0.0020000  0.0014000    0.012000    0.002000
1963   8  10  38251   0.196260   0.125160  -0.0812692   0.0016920   0.000000   0.000000   0.030000   0.030000  0.0020000  0.0014000    0.012000    0.002000
1963   8  11  38252   0.194061   0.122261  -0.0818152   0.0016350   0.000000   0.000000   0.030000   0.030000  0.0020000  0.0014000    0.012000    0.002000
1963   8  12  38253   0.191761   0.119461  -0.0822733   0.0015020   0.000000   0.000000   0.030000   0.030000  0.0020000  0.0014000    0.012000    0.002000
1963   8  13  38254   0.189361   0.116561  -0.0825653   0.0013200   0.000000   0.000000   0.030000   0.030000  0.0020000  0.0014000    0.012000    0.002000
1963   8  14  38255   0.186961   0.113661  -0.0826734   0.0011410   0.000000   0.000000   0.030000   0.030000  0.0020000  0.0014000    0.012000    0.002000
1963   8  15  38256   0.184562   0.110862  -0.0826124   0.0010070   0.000000   0.000000   0.030000   0.030000  0.0020000  0.0014000    0.012000    0.002000
1963   8  16  38257   0.182062   0.107962  -0.0824515   0.0009430   0.000000   0.000000   0.030000   0.030000  0.0020000  0.0014000    0.012000    0.002000
1963   8  17  38258   0.179462   0.105062  -0.0822755   0.0009570   0.000000   0.000000   0.030000   0.030000  0.0020000  0.0014000    0.012000    0.002000
1963   8  18  38259   0.176862   0.102162  -0.0821456   0.0010320   0.000000   0.000000   0.030000   0.030000  0.0020000  0.0014000    0.012000    0.002000
1963   8  19  38260   0.174263   0.099363  -0.0821096   0.0011390   0.000000   0.000000   0.030000   0.030000  0.0020000  0.0014000    0.012000    0.002000
1963   8  20  38261   0.171563   0.096463  -0.0821727   0.0012450   0.000000   0.000000   0.030000   0.030000  0.0020000  0.0014000    0.012000    0.002000
1963   8  21  38262   0.168763   0.093563  -0.0823407   0.0013250   0.000000   0.000000   0.030000   0.030000  0.0020000  0.0014000    0.012000    0.002000
1963   8  22  38263   0.166064   0.090764  -0.0825678   0.0013630   0.000000   0.000000   0.030000   0.030000  0.0020000  0.0014000    0.012000    0.002000
1963   8  23  38264   0.163264   0.087864  -0.0828018   0.0013470   0.000000   0.000000   0.030000   0.030000  0.0020000  0.0014000    0.012000    0.002000
1963   8  24  38265   0.160464   0.084964  -0.0829969   0.0012880   0.000000   0.000000   0.030000   0.030000  0.0020000  0.0014000    0.012000    0.002000
1963   8  25  38266   0.157664   0.082164  -0.0831259   0.0012040   0.000000   0.000000   0.030000   0.030000  0.0020000  0.0014000    0.012000    0.002000
1963   8  26  38267   0.154765   0.079265  -0.0831589   0.0011100   0.000000   0.000000   0.030000   0.030000  0.0020000  0.0014000    0.012000    0.002000
1963   8  27  38268   0.151965   0.076465  -0.0830940   0.0010120   0.000000   0.000000   0.030000   0.030000  0.0020000  0.0014000    0.012000    0.002000
1963   8  28  38269   0.149065   0.073665  -0.0829470   0.0009270   0.000000   0.000000   0.030000   0.030000  0.0020000  0.0014000    0.012000    0.002000
1963   8  29  38270   0.146166   0.070766  -0.0827281   0.0008820   0.000000   0.000000   0.030000   0.030000  0.0020000  0.0014000    0.012000    0.002000
1963   8  30  38271   0.143266   0.067966  -0.0824741   0.0008790   0.000000   0.000000   0.030000   0.030000  0.0020000  0.0014000    0.012000    0.002000
1963   8  31  38272   0.140366   0.065266  -0.0822542   0.0009320   0.000000   0.000000   0.030000   0.030000  0.0020000  0.0014000    0.012000    0.002000
1963   9   1  38273   0.137466   0.062466  -0.0821102   0.0010520   0.000000   0.000000   0.030000   0.030000  0.0020000  0.0014000    0.012000    0.002000
1963   9   2  38274   0.134567   0.059667  -0.0821313   0.0012390   0.000000   0.000000   0.030000   0.030000  0.0020000  0.0014000    0.012000    0.002000
1963   9   3  38275   0.131667   0.056967  -0.0823643   0.0014810   0.000000   0.000000   0.030000   0.030000  0.0020000  0.0014000    0.012000    0.002000
1963   9   4  38276   0.128767   0.054267  -0.0828454   0.0017260   0.000000   0.000000   0.030000   0.030000  0.0020000  0.0014000    0.012000    0.002000
1963   9   5  38277   0.125867   0.051567  -0.0835494   0.0019200   0.000000   0.000000   0.030000   0.030000  0.0020000  0.0014000    0.012000    0.002000
1963   9   6  38278   0.122968   0.048868  -0.0844025   0.0020160   0.000000   0.000000   0.030000   0.030000  0.0020000  0.0014000    0.012000    0.002000
1963   9   7  38279   0.120068   0.046268  -0.0852925   0.0020060   0.000000   0.000000   0.030000   0.030000  0.0020000  0.0014000    0.012000    0.002000
1963   9   8  38280   0.117168   0.043668  -0.0861316   0.0018980   0.000000   0.000000   0.030000   0.030000  0.0020000  0.0014000    0.012000    0.002000
1963   9   9  38281   0.114269   0.041069  -0.0868106   0.0017150   0.000000   0.000000   0.030000   0.030000  0.0020000  0.0014000    0.012000    0.002000
1963   9  10  38282   0.111369   0.038469  -0.0873207   0.0015400   0.000000   0.000000   0.030000   0.030000  0.0020000  0.0014000    0.012000    0.002000
1963   9  11  38283   0.108469   0.035969  -0.0876547   0.0013990   0.000000   0.000000   0.030000   0.030000  0.0020000  0.0014000    0.012000    0.002000
1963   9  12  38284   0.105569   0.033469  -0.0878928   0.0013210   0.000000   0.000000   0.030000   0.030000  0.0020000  0.0014000    0.012000    0.002000
1963   9  13  38285   0.102670   0.031070  -0.0880828   0.0013230   0.000000   0.000000   0.030000   0.030000  0.0020000  0.0014000    0.012000    0.002000
1963   9  14  38286   0.099770   0.028570  -0.0883208   0.0014020   0.000000   0.000000   0.030000   0.030000  0.0020000  0.0014000    0.012000    0.002000
1963   9  15  38287   0.096870   0.026270  -0.0886519   0.0015140   0.000000   0.000000   0.030000   0.030000  0.0020000  0.0014000    0.012000    0.002000
1963   9  16  38288   0.093970   0.023870  -0.0891029   0.0016370   0.000000   0.000000   0.030000   0.030000  0.0020000  0.0014000    0.012000    0.002000
1963   9  17  38289   0.091071   0.021571  -0.0896800   0.0017420   0.000000   0.000000   0.030000   0.030000  0.0020000  0.0014000    0.012000    0.002000
1963   9  18  38290   0.088071   0.019271  -0.0903240   0.0017990   0.000000   0.000000   0.030000   0.030000  0.0020000  0.0014000    0.012000    0.002000
1963   9  19  38291   0.085171   0.017071  -0.0910221   0.0018200   0.000000   0.000000   0.030000   0.030000  0.0020000  0.0014000    0.012000    0.002000
1963   9  20  38292   0.082172   0.014872  -0.0917191   0.0017950   0.000000   0.000000   0.030000   0.030000  0.0020000  0.0014000    0.012000    0.002000
1963   9  21  38293   0.079172   0.012772  -0.0923592   0.0017300   0.000000   0.000000   0.030000   0.030000  0.0020000  0.0014000    0.012000    0.002000
1963   9  22  38294   0.076172   0.010672  -0.0929292   0.0016460   0.000000   0.000000   0.030000   0.030000  0.0020000  0.0014000    0.012000    0.002000
1963   9  23  38295   0.073172   0.008572  -0.0933983   0.0015420   0.000000   0.000000   0.030000   0.030000  0.0020000  0.0014000    0.012000    0.002000
1963   9  24  38296   0.070073   0.006573  -0.0937753   0.0014450   0.000000   0.000000   0.030000   0.030000  0.0020000  0.0014000    0.012000    0.002000
1963   9  25  38297   0.066973   0.004673  -0.0940573   0.0013750   0.000000   0.000000   0.030000   0.030000  0.0020000  0.0014000    0.012000    0.002000
1963   9  26  38298   0.063873   0.002773  -0.0942894   0.0013360   0.000000   0.000000   0.030000   0.030000  0.0020000  0.0014000    0.012000    0.002000
1963   9  27  38299   0.060673   0.000973  -0.0945064   0.0013480   0.000000   0.000000   0.030000   0.030000  0.0020000  0.0014000    0.012000    0.002000
1963   9  28  38300   0.057474  -0.000826  -0.0947555   0.0014120   0.000000   0.000000   0.030000   0.030000  0.0020000  0.0014000    0.012000    0.002000
1963   9  29  38301   0.054174  -0.002526  -0.0951135   0.0015640   0.000000   0.000000   0.030000   0.030000  0.0020000  0.0014000    0.012000    0.002000
1963   9  30  38302   0.050874  -0.004226  -0.0956536   0.0017660   0.000000   0.000000   0.030000   0.030000  0.0020000  0.0014000    0.012000    0.002000
1963  10   1  38303   0.047575  -0.005825  -0.0964166   0.0020100   0.000000   0.000000   0.030000   0.030000  0.0020000  0.0014000    0.012000    0.002000
1963  10   2  38304   0.044175  -0.007425  -0.0974286   0.0022360   0.000000   0.000000   0.030000   0.030000  0.0020000  0.0014000    0.012000    0.002000
1963  10   3  38305   0.040775  -0.008825  -0.0986217   0.0023930   0.000000   0.000000   0.030000   0.030000  0.0020000  0.0014000    0.012000    0.002000
1963  10   4  38306   0.037275  -0.010225  -0.0999137   0.0024180   0.000000   0.000000   0.030000   0.030000  0.0020000  0.0014000    0.012000    0.002000
1963  10   5  38307   0.033776  -0.011624  -0.1011758   0.0023270   0.000000   0.000000   0.030000   0.030000  0.0020000  0.0014000    0.012000    0.002000
1963  10   6  38308   0.030176  -0.012924  -0.1022868   0.0021430   0.000000   0.000000   0.030000   0.030000  0.0020000  0.0014000    0.012000    0.002000
1963  10   7  38309   0.026576  -0.014124  -0.1032029   0.0019290   0.000000   0.000000   0.030000   0.030000  0.0020000  0.0014000    0.012000    0.002000
1963  10   8  38310   0.022876  -0.015224  -0.1039259   0.0017570   0.000000   0.000000   0.030000   0.030000  0.0020000  0.0014000    0.012000    0.002000
1963  10   9  38311   0.019177  -0.016223  -0.1045029   0.0016500   0.000000   0.000000   0.030000   0.030000  0.0020000  0.0014000    0.012000    0.002000
1963  10  10  38312   0.015377  -0.017223  -0.1050160   0.0016410   0.000000   0.000000   0.030000   0.030000  0.0020000  0.0014000    0.012000    0.002000
1963  10  11  38313   0.011577  -0.018123  -0.1055510   0.0017000   0.000000   0.000000   0.030000   0.030000  0.0020000  0.0014000    0.012000    0.002000
1963  10  12  38314   0.007678  -0.019022  -0.1061821   0.0017990   0.000000   0.000000   0.030000   0.030000  0.0020000  0.0014000    0.012000    0.002000
1963  10  13  38315   0.003778  -0.019722  -0.1069151   0.0019270   0.000000   0.000000   0.030000   0.030000  0.0020000  0.0014000    0.012000    0.002000
1963  10  14  38316  -0.000122  -0.020422  -0.1077842   0.0020470   0.000000   0.000000   0.030000   0.030000  0.0020000  0.0014000    0.012000    0.002000
1963  10  15  38317  -0.004122  -0.021022  -0.1087692   0.0021470   0.000000   0.000000   0.030000   0.030000  0.0020000  0.0014000    0.012000    0.002000
1963  10  16  38318  -0.008121  -0.021521  -0.1098242   0.0022040   0.000000   0.000000   0.030000   0.030000  0.0020000  0.0014000    0.012000    0.002000
1963  10  17  38319  -0.012121  -0.022021  -0.1109023   0.0022150   0.000000   0.000000   0.030000   0.030000  0.0020000  0.0014000    0.012000    0.002000
1963  10  18  38320  -0.016221  -0.022321  -0.1119783   0.0021820   0.000000   0.000000   0.030000   0.030000  0.0020000  0.0014000    0.012000    0.002000
1963  10  19  38321  -0.020221  -0.022621  -0.1130034   0.0021150   0.000000   0.000000   0.030000   0.030000  0.0020000  0.0014000    0.012000    0.002000
1963  10  20  38322  -0.024320  -0.022820  -0.1139514   0.0020290   0.000000   0.000000   0.030000   0.030000  0.0020000  0.0014000    0.012000    0.002000
1963  10  21  38323  -0.028420  -0.022920  -0.1148114   0.0019420   0.000000   0.000000   0.030000   0.030000  0.0020000  0.0014000    0.012000    0.002000
1963  10  22  38324  -0.032620  -0.022920  -0.1156025   0.0018860   0.000000   0.000000   0.030000   0.030000  0.0020000  0.0014000    0.012000    0.002000
1963  10  23  38325  -0.036719  -0.022919  -0.1163555   0.0018660   0.000000   0.000000   0.030000   0.030000  0.0020000  0.0014000    0.012000    0.002000
1963  10  24  38326  -0.040819  -0.022719  -0.1171026   0.0018870   0.000000   0.000000   0.030000   0.030000  0.0020000  0.0014000    0.012000    0.002000
1963  10  25  38327  -0.044919  -0.022519  -0.1178976   0.0019640   0.000000   0.000000   0.030000   0.030000  0.0020000  0.0014000    0.012000    0.002000
1963  10  26  38328  -0.049019  -0.022219  -0.1188016   0.0020950   0.000000   0.000000   0.030000   0.030000  0.0020000  0.0014000    0.012000    0.002000
1963  10  27  38329  -0.053118  -0.021818  -0.1198677   0.0022970   0.000000   0.000000   0.030000   0.030000  0.0020000  0.0014000    0.012000    0.002000
1963  10  28  38330  -0.057118  -0.021318  -0.1211727   0.0025470   0.000000   0.000000   0.030000   0.030000  0.0020000  0.0014000    0.012000    0.002000
1963  10  29  38331  -0.061218  -0.020718  -0.1227178   0.0027920   0.000000   0.000000   0.030000   0.030000  0.0020000  0.0014000    0.012000    0.002000
1963  10  30  38332  -0.065118  -0.020118  -0.1244928   0.0029960   0.000000   0.000000   0.030000   0.030000  0.0020000  0.0014000    0.012000    0.002000
1963  10  31  38333  -0.069117  -0.019317  -0.1264278   0.0030950   0.000000   0.000000   0.030000   0.030000  0.0020000  0.0014000    0.012000    0.002000
1963  11   1  38334  -0.073017  -0.018517  -0.0283989   0.0030640   0.000000   0.000000   0.030000   0.030000  0.0020000  0.0014000    0.012000    0.002000
1963  11   2  38335  -0.076817  -0.017717  -0.0302639   0.0029000   0.000000   0.000000   0.030000   0.030000  0.0020000  0.0014000    0.012000    0.002000
1963  11   3  38336  -0.080616  -0.016816  -0.0319240   0.0026520   0.000000   0.000000   0.030000   0.030000  0.0020000  0.0014000    0.012000    0.002000
1963  11   4  38337  -0.084316  -0.015816  -0.0333380   0.0024010   0.000000   0.000000   0.030000   0.030000  0.0020000  0.0014000    0.012000    0.002000
1963  11   5  38338  -0.088016  -0.014716  -0.0345060   0.0022000   0.000000   0.000000   0.030000   0.030000  0.0020000  0.0014000    0.012000    0.002000
1963  11   6  38339  -0.091616  -0.013616  -0.0355291   0.0020810   0.000000   0.000000   0.030000   0.030000  0.0020000  0.0014000    0.012000    0.002000
1963  11   7  38340  -0.095115  -0.012515  -0.0364491   0.0020420   0.000000   0.000000   0.030000   0.030000  0.0020000  0.0014000    0.012000    0.002000
1963  11   8  38341  -0.098515  -0.011315  -0.0373852   0.0020760   0.000000   0.000000   0.030000   0.030000  0.0020000  0.0014000    0.012000    0.002000
1963  11   9  38342  -0.101915  -0.010015  -0.0383712   0.0021380   0.000000   0.000000   0.030000   0.030000  0.0020000  0.0014000    0.012000    0.002000
1963  11  10  38343  -0.105115  -0.008715  -0.0394102   0.0021960   0.000000   0.000000   0.030000   0.030000  0.0020000  0.0014000    0.012000    0.002000
1963  11  11  38344  -0.108414  -0.007414  -0.0405053   0.0022190   0.000000   0.000000   0.030000   0.030000  0.0020000  0.0014000    0.012000    0.002000
1963  11  12  38345  -0.111514  -0.006014  -0.0415853   0.0022040   0.000000   0.000000   0.030000   0.030000  0.0020000  0.0014000    0.012000    0.002000
1963  11  13  38346  -0.114514  -0.004614  -0.0426483   0.0021540   0.000000   0.000000   0.030000   0.030000  0.0020000  0.0014000    0.012000    0.002000
1963  11  14  38347  -0.117513  -0.003213  -0.0436504   0.0020820   0.000000   0.000000   0.030000   0.030000  0.0020000  0.0014000    0.012000    0.002000
1963  11  15  38348  -0.120413  -0.001813  -0.0445514   0.0019650   0.000000   0.000000   0.030000   0.030000  0.0020000  0.0014000    0.012000    0.002000
1963  11  16  38349  -0.123213  -0.000313  -0.0453315   0.0018430   0.000000   0.000000   0.030000   0.030000  0.0020000  0.0014000    0.012000    0.002000
1963  11  17  38350  -0.125913   0.001187  -0.0459845   0.0017130   0.000000   0.000000   0.030000   0.030000  0.0020000  0.0014000    0.012000    0.002000
1963  11  18  38351  -0.128612   0.002688  -0.0465225   0.0015950   0.000000   0.000000   0.030000   0.030000  0.0020000  0.0014000    0.012000    0.002000
1963  11  19  38352  -0.131212   0.004188  -0.0469556   0.0015180   0.000000   0.000000   0.030000   0.030000  0.0020000  0.0014000    0.012000    0.002000
1963  11  20  38353  -0.133712   0.005688  -0.0473236   0.0014770   0.000000   0.000000   0.030000   0.030000  0.0020000  0.0014000    0.012000    0.002000
1963  11  21  38354  -0.136112   0.007288  -0.0476876   0.0015110   0.000000   0.000000   0.030000   0.030000  0.0020000  0.0014000    0.012000    0.002000
1963  11  22  38355  -0.138511   0.008789  -0.0481257   0.0016050   0.000000   0.000000   0.030000   0.030000  0.0020000  0.0014000    0.012000    0.002000
1963  11  23  38356  -0.140811   0.010389  -0.0486767   0.0017460   0.000000   0.000000   0.030000   0.030000  0.0020000  0.0014000    0.012000    0.002000
1963  11  24  38357  -0.143111   0.011889  -0.0493837   0.0019340   0.000000   0.000000   0.030000   0.030000  0.0020000  0.0014000    0.012000    0.002000
1963  11  25  38358  -0.145310   0.013490  -0.0503038   0.0021490   0.000000   0.000000   0.030000   0.030000  0.0020000  0.0014000    0.012000    0.002000
1963  11  26  38359  -0.147410   0.015090  -0.0514288   0.0023550   0.000000   0.000000   0.030000   0.030000  0.0020000  0.0014000    0.012000    0.002000
1963  11  27  38360  -0.149510   0.016590  -0.0527349   0.0024930   0.000000   0.000000   0.030000   0.030000  0.0020000  0.0014000    0.012000    0.002000
1963  11  28  38361  -0.151510   0.018190  -0.0541399   0.0025390   0.000000   0.000000   0.030000   0.030000  0.0020000  0.0014000    0.012000    0.002000
1963  11  29  38362  -0.153509   0.019691  -0.0555209   0.0024530   0.000000   0.000000   0.030000   0.030000  0.0020000  0.0014000    0.012000    0.002000
1963  11  30  38363  -0.155409   0.021291  -0.0567710   0.0022650   0.000000   0.000000   0.030000   0.030000  0.0020000  0.0014000    0.012000    0.002000
1963  12   1  38364  -0.157309   0.022891  -0.0577960   0.0020430   0.000000   0.000000   0.030000   0.030000  0.0020000  0.0014000    0.012000    0.002000
1963  12   2  38365  -0.159208   0.024492  -0.0586060   0.0018370   0.000000   0.000000   0.030000   0.030000  0.0020000  0.0014000    0.012000    0.002000
1963  12   3  38366  -0.161008   0.025992  -0.0592481   0.0017110   0.000000   0.000000   0.030000   0.030000  0.0020000  0.0014000    0.012000    0.002000
1963  12   4  38367  -0.162908   0.027592  -0.0598211   0.0016810   0.000000   0.000000   0.030000   0.030000  0.0020000  0.0014000    0.012000    0.002000
1963  12   5  38368  -0.164708   0.029192  -0.0603961   0.0017400   0.000000   0.000000   0.030000   0.030000  0.0020000  0.0014000    0.012000    0.002000
1963  12   6  38369  -0.166507   0.030793  -0.0610552   0.0018200   0.000000   0.000000   0.030000   0.030000  0.0020000  0.0014000    0.012000    0.002000
1963  12   7  38370  -0.168307   0.032393  -0.0618072   0.0019120   0.000000   0.000000   0.030000   0.030000  0.0020000  0.0014000    0.012000    0.002000
1963  12   8  38371  -0.170207   0.033993  -0.0626312   0.0019890   0.000000   0.000000   0.030000   0.030000  0.0020000  0.0014000    0.012000    0.002000
1963  12   9  38372  -0.172007   0.035693  -0.0635223   0.0020170   0.000000   0.000000   0.030000   0.030000  0.0020000  0.0014000    0.012000    0.002000
1963  12  10  38373  -0.173806   0.037294  -0.0644093   0.0020110   0.000000   0.000000   0.030000   0.030000  0.0020000  0.0014000    0.012000    0.002000
1963  12  11  38374  -0.175706   0.038994  -0.0652793   0.0019630   0.000000   0.000000   0.030000   0.030000  0.0020000  0.0014000    0.012000    0.002000
1963  12  12  38375  -0.177606   0.040694  -0.0660734   0.0018800   0.000000   0.000000   0.030000   0.030000  0.0020000  0.0014000    0.012000    0.002000
1963  12  13  38376  -0.179505   0.042395  -0.0667804   0.0017720   0.000000   0.000000   0.030000   0.030000  0.0020000  0.0014000    0.012000    0.002000
1963  12  14  38377  -0.181505   0.044095  -0.0673634   0.0016530   0.000000   0.000000   0.030000   0.030000  0.0020000  0.0014000    0.012000    0.002000
1963  12  15  38378  -0.183505   0.045895  -0.0678385   0.0015400   0.000000   0.000000   0.030000   0.030000  0.0020000  0.0014000    0.012000    0.002000
1963  12  16  38379  -0.185505   0.047695  -0.0682105   0.0014510   0.000000   0.000000   0.030000   0.030000  0.0020000  0.0014000    0.012000    0.002000
1963  12  17  38380  -0.187604   0.049496  -0.0685125   0.0014130   0.000000   0.000000   0.030000   0.030000  0.0020000  0.0014000    0.012000    0.002000
1963  12  18  38381  -0.189804   0.051396  -0.0688036   0.0014190   0.000000   0.000000   0.030000   0.030000  0.0020000  0.0014000    0.012000    0.002000
1963  12  19  38382  -0.192004   0.053296  -0.0691306   0.0014940   0.000000   0.000000   0.030000   0.030000  0.0020000  0.0014000    0.012000    0.002000
1963  12  20  38383  -0.194204   0.055196  -0.0695606   0.0016250   0.000000   0.000000   0.030000   0.030000  0.0020000  0.0014000    0.012000    0.002000
1963  12  21  38384  -0.196503   0.057097  -0.0701457   0.0018000   0.000000   0.000000   0.030000   0.030000  0.0020000  0.0014000    0.012000    0.002000
1963  12  22  38385  -0.198903   0.059097  -0.0709187   0.0019980   0.000000   0.000000   0.030000   0.030000  0.0020000  0.0014000    0.012000    0.002000
1963  12  23  38386  -0.201303   0.061197  -0.0718907   0.0021940   0.000000   0.000000   0.030000   0.030000  0.0020000  0.0014000    0.012000    0.002000
1963  12  24  38387  -0.203802   0.063198  -0.0730338   0.0023430   0.000000   0.000000   0.030000   0.030000  0.0020000  0.0014000    0.012000    0.002000
1963  12  25  38388  -0.206302   0.065398  -0.0743018   0.0024280   0.000000   0.000000   0.030000   0.030000  0.0020000  0.0014000    0.012000    0.002000
1963  12  26  38389  -0.208902   0.067598  -0.0756078   0.0024060   0.000000   0.000000   0.030000   0.030000  0.0020000  0.0014000    0.012000    0.002000
1963  12  27  38390  -0.211602   0.069798  -0.0768409   0.0022860   0.000000   0.000000   0.030000   0.030000  0.0020000  0.0014000    0.012000    0.002000
1963  12  28  38391  -0.214301   0.072099  -0.0779169   0.0021100   0.000000   0.000000   0.030000   0.030000  0.0020000  0.0014000    0.012000    0.002000
1963  12  29  38392  -0.217001   0.074399  -0.0788089   0.0019280   0.000000   0.000000   0.030000   0.030000  0.0020000  0.0014000    0.012000    0.002000
1963  12  30  38393  -0.219801   0.076799  -0.0795510   0.0018090   0.000000   0.000000   0.030000   0.030000  0.0020000  0.0014000    0.012000    0.002000
1963  12  31  38394  -0.222601   0.079299  -0.0802090   0.0017810   0.000000   0.000000   0.030000   0.030000  0.0020000  0.0014000    0.012000    0.002000
