

                   INTERNATIONAL EARTH ROTATION SERVICE
                        EARTH ROTATION PARAMETERS
                          EOP (IERS) C04

  
             FORMAT(3(I4),I7,2(F11.6),2(F12.7),2(F12.6),2(F11.6),2(F12.7),2F12.6)
**********************************************************************************
  
      Date      MJD      x          y        UT1-UTC       LOD         dX        dY        x Err     y Err   UT1-UTC Err  Lod Err     dY Err       dY Err  
                         "          "           s           s          "         "           "          "          s         s            "           "
     (0h UTC)

1987   1   1  46796   0.145558   0.312641  -0.1382443   0.0011096  -0.000396  -0.000496   0.001215   0.001281  0.0000962  0.0000914    0.000360    0.000360
1987   1   2  46797   0.145812   0.311600  -0.1394525   0.0013203  -0.000417  -0.000478   0.007252   0.005505  0.0000866  0.0000911    0.000353    0.000263
1987   1   3  46798   0.146192   0.310865  -0.1408950   0.0015678  -0.000461  -0.000463   0.001618   0.001523  0.0000861  0.0000864    0.000352    0.000259
1987   1   4  46799   0.146487   0.309882  -0.1425678   0.0017698  -0.000517  -0.000462   0.000813   0.000773  0.0000861  0.0000861    0.000352    0.000259
1987   1   5  46800   0.146566   0.307980  -0.1443955   0.0018688  -0.000581  -0.000495   0.001098   0.001023  0.0000861  0.0000861    0.000352    0.000259
1987   1   6  46801   0.146506   0.306069  -0.1462633   0.0018462  -0.000618  -0.000537   0.003286   0.002417  0.0000861  0.0000924    0.000352    0.000259
1987   1   7  46802   0.146409   0.304954  -0.1480543   0.0017141  -0.000600  -0.000568   0.005416   0.003964  0.0000986  0.0000929    0.000466    0.000267
1987   1   8  46803   0.146065   0.304084  -0.1496707   0.0014992  -0.000519  -0.000569   0.001748   0.001518  0.0000998  0.0000992    0.000480    0.000267
1987   1   9  46804   0.145151   0.302857  -0.1510441   0.0012357  -0.000386  -0.000530   0.000886   0.000770  0.0000998  0.0000998    0.000480    0.000267
1987   1  10  46805   0.143910   0.301283  -0.1521440   0.0009725  -0.000156  -0.000419   0.001116   0.000971  0.0000998  0.0000998    0.000480    0.000267
1987   1  11  46806   0.142206   0.300112  -0.1530000   0.0007637   0.000055  -0.000282   0.002922   0.002585  0.0000998  0.0001093    0.000480    0.000267
1987   1  12  46807   0.140239   0.299576  -0.1536899   0.0006447   0.000158  -0.000166   0.003708   0.003143  0.0001189  0.0001097    0.000558    0.000323
1987   1  13  46808   0.139158   0.298441  -0.1543135   0.0006206   0.000111  -0.000102   0.001079   0.000863  0.0001197  0.0001155    0.000549    0.000326
1987   1  14  46809   0.139517   0.295966  -0.1549579   0.0006670  -0.000095  -0.000110   0.000962   0.000827  0.0001121  0.0001061    0.000450    0.000306
1987   1  15  46810   0.140930   0.292733  -0.1556733   0.0007474  -0.000450  -0.000200   0.000745   0.000753  0.0000924  0.0000979    0.000299    0.000255
1987   1  16  46811   0.141053   0.291366  -0.1564737   0.0008545  -0.000729  -0.000297   0.000891   0.000942  0.0000836  0.0000888    0.000253    0.000231
1987   1  17  46812   0.140232   0.291459  -0.1573953   0.0010151  -0.000825  -0.000361   0.002160   0.001950  0.0000852  0.0001257    0.000257    0.000233
1987   1  18  46813   0.140103   0.290650  -0.1585065   0.0012351  -0.000773  -0.000399   0.001819   0.001294  0.0001679  0.0001335    0.000495    0.000335
1987   1  19  46814   0.140195   0.288351  -0.1598571   0.0014722  -0.000627  -0.000415   0.001316   0.000957  0.0001819  0.0002032    0.000418    0.000329
1987   1  20  46815   0.139633   0.285404  -0.1614326   0.0016537  -0.000496  -0.000446   0.001062   0.000780  0.0002385  0.0001872    0.000299    0.000295
1987   1  21  46816   0.138647   0.283729  -0.1631383   0.0017239  -0.000184  -0.000302   0.001130   0.000842  0.0001926  0.0001967    0.000292    0.000247
1987   1  22  46817   0.137418   0.282306  -0.1648491   0.0016732   0.000025  -0.000141   0.001630   0.001217  0.0001550  0.0001400    0.000322    0.000228
1987   1  23  46818   0.136606   0.281033  -0.1664526   0.0015210  -0.000019  -0.000066   0.001657   0.001276  0.0000875  0.0001183    0.000389    0.000248
1987   1  24  46819   0.136535   0.280634  -0.1678650   0.0013008  -0.000220  -0.000045   0.000904   0.000739  0.0000817  0.0000846    0.000408    0.000254
1987   1  25  46820   0.136248   0.279287  -0.1690439   0.0010613  -0.000316   0.000080   0.000851   0.000698  0.0000816  0.0000817    0.000408    0.000255
1987   1  26  46821   0.135477   0.277174  -0.1700015   0.0008705  -0.000347   0.000205   0.003125   0.002371  0.0000817  0.0000919    0.000408    0.000255
1987   1  27  46822   0.134873   0.275698  -0.1708245   0.0008013  -0.000355   0.000241   0.009354   0.004719  0.0001022  0.0000933    0.000536    0.000270
1987   1  28  46823   0.135124   0.275584  -0.1716593   0.0008920  -0.000353   0.000152   0.001288   0.000996  0.0001049  0.0001072    0.000533    0.000270
1987   1  29  46824   0.136060   0.275735  -0.1726598   0.0011201  -0.000363  -0.000076   0.000847   0.000567  0.0001123  0.0001315    0.000450    0.000270
1987   1  30  46825   0.136708   0.275289  -0.1739275   0.0014084  -0.000412  -0.000459   0.000643   0.000366  0.0001580  0.0001921    0.000321    0.000268
1987   1  31  46826   0.135636   0.274516  -0.1754713   0.0016716  -0.000466  -0.000622   0.000744   0.000411  0.0002718  0.0002104    0.000278    0.000266
1987   2   1  46827   0.133467   0.273938  -0.1772363   0.0018562  -0.000507  -0.000501   0.001866   0.001186  0.0002628  0.0001975    0.000284    0.000269
1987   2   2  46828   0.131791   0.273458  -0.1791356   0.0019382  -0.000521  -0.000292   0.001615   0.001342  0.0001233  0.0001924    0.000725    0.000304
1987   2   3  46829   0.130231   0.271681  -0.1810677   0.0019095  -0.000502  -0.000169   0.001307   0.000997  0.0001221  0.0001223    0.000706    0.000304
1987   2   4  46830   0.128532   0.268415  -0.1829238   0.0017744  -0.000452  -0.000357   0.001139   0.000686  0.0001212  0.0001286    0.000446    0.000289
1987   2   5  46831   0.128693   0.266818  -0.1846028   0.0015485  -0.000343  -0.000458   0.000597   0.000358  0.0001352  0.0001479    0.000234    0.000236
1987   2   6  46832   0.129128   0.266270  -0.1860212   0.0012927  -0.000314  -0.000374   0.000722   0.000433  0.0001746  0.0001660    0.000222    0.000247
1987   2   7  46833   0.129001   0.265229  -0.1871994   0.0011037  -0.000412  -0.000210   0.002042   0.001315  0.0001969  0.0001395    0.000629    0.000673
1987   2   8  46834   0.129076   0.263501  -0.1882476   0.0010234  -0.000577  -0.000107   0.000928   0.000622  0.0001044  0.0001519    0.000354    0.000391
1987   2   9  46835   0.129141   0.261716  -0.1892712   0.0010115  -0.000693  -0.000183   0.000491   0.000303  0.0001068  0.0001377    0.000204    0.000246
1987   2  10  46836   0.128098   0.260920  -0.1902990   0.0010086  -0.000670  -0.000337   0.000575   0.000352  0.0001711  0.0002205    0.000245    0.000301
1987   2  11  46837   0.126849   0.260884  -0.1913167   0.0010133  -0.000537  -0.000381   0.001318   0.000851  0.0003342  0.0001536    0.000469    0.000580
1987   2  12  46838   0.126538   0.260585  -0.1923499   0.0010736  -0.000400  -0.000326   0.001171   0.000899  0.0001361  0.0002351    0.000516    0.000921
1987   2  13  46839   0.126468   0.259571  -0.1934811   0.0012286  -0.000374  -0.000257   0.001000   0.000698  0.0001360  0.0001640    0.000486    0.000769
1987   2  14  46840   0.125807   0.258141  -0.1948140   0.0014737  -0.000591  -0.000274   0.001000   0.000566  0.0001918  0.0002388    0.000486    0.000579
1987   2  15  46841   0.125271   0.257046  -0.1964229   0.0017544  -0.000610  -0.000260   0.001056   0.000539  0.0003415  0.0002493    0.000486    0.000507
1987   2  16  46842   0.125239   0.256494  -0.1983041   0.0019866  -0.000352  -0.000187   0.002820   0.001822  0.0003069  0.0002294    0.000412    0.000408
1987   2  17  46843   0.125165   0.256029  -0.2003670   0.0020994  -0.000071  -0.000106   0.002452   0.001569  0.0001172  0.0002150    0.000204    0.000197
1987   2  18  46844   0.124806   0.255194  -0.2024684   0.0020661   0.000027  -0.000056   0.000793   0.000519  0.0001230  0.0001326    0.000206    0.000197
1987   2  19  46845   0.124592   0.253984  -0.2044660   0.0019133  -0.000289  -0.000087   0.000433   0.000318  0.0001479  0.0001518    0.000212    0.000196
1987   2  20  46846   0.124023   0.252720  -0.2062702   0.0017039  -0.000520  -0.000071   0.000373   0.000277  0.0001805  0.0001517    0.000216    0.000196
1987   2  21  46847   0.123141   0.251737  -0.2078635   0.0015063  -0.000494   0.000015   0.001148   0.000867  0.0001555  0.0001307    0.000226    0.000206
1987   2  22  46848   0.122478   0.251134  -0.2092920   0.0013716  -0.000350   0.000101   0.001437   0.001202  0.0000809  0.0001206    0.000335    0.000451
1987   2  23  46849   0.122289   0.250382  -0.2106371   0.0013289  -0.000208   0.000131   0.000650   0.000448  0.0000857  0.0000945    0.000246    0.000284
1987   2  24  46850   0.122432   0.248623  -0.2119967   0.0013891  -0.000186   0.000072   0.000472   0.000277  0.0001081  0.0001009    0.000164    0.000171
1987   2  25  46851   0.121569   0.247908  -0.2134667   0.0015716  -0.000428  -0.000186   0.000529   0.000332  0.0001161  0.0001072    0.000181    0.000170
1987   2  26  46852   0.120412   0.247143  -0.2151790   0.0018755  -0.000524  -0.000376   0.000732   0.000659  0.0001062  0.0001052    0.000250    0.000202
1987   2  27  46853   0.120116   0.245477  -0.2172300   0.0022262  -0.000255  -0.000331   0.001121   0.001076  0.0000944  0.0000989    0.000418    0.000245
1987   2  28  46854   0.120575   0.244175  -0.2196120   0.0025145   0.000179  -0.000144   0.000833   0.000800  0.0000917  0.0000930    0.000554    0.000260
1987   3   1  46855   0.120434   0.243208  -0.2222159   0.0026604   0.000383  -0.000008   0.000685   0.000665  0.0000917  0.0000917    0.000555    0.000260
1987   3   2  46856   0.119199   0.242026  -0.2248820   0.0026412   0.000390   0.000072   0.001081   0.001047  0.0000917  0.0001053    0.000555    0.000260
1987   3   3  46857   0.118016   0.240817  -0.2274556   0.0024828   0.000273   0.000110   0.004173   0.003652  0.0001189  0.0001068    0.000395    0.000273
1987   3   4  46858   0.118082   0.239823  -0.2298224   0.0022345   0.000069   0.000096   0.002338   0.002186  0.0001220  0.0001204    0.000388    0.000274
1987   3   5  46859   0.117500   0.238333  -0.2319180   0.0019459  -0.000164   0.000043   0.001461   0.001435  0.0001220  0.0001220    0.000388    0.000274
1987   3   6  46860   0.114348   0.235761  -0.2337220   0.0016560  -0.000270  -0.000039   0.001740   0.001863  0.0001220  0.0001220    0.000388    0.000274
1987   3   7  46861   0.112396   0.233301  -0.2352479   0.0013964  -0.000299  -0.000107   0.002204   0.002877  0.0001219  0.0001012    0.000388    0.000274
1987   3   8  46862   0.112355   0.231613  -0.2365394   0.0011976  -0.000295  -0.000129   0.002027   0.001794  0.0000804  0.0001007    0.000356    0.000229
1987   3   9  46863   0.112474   0.230472  -0.2376717   0.0010899  -0.000279  -0.000090   0.001247   0.001126  0.0000795  0.0000825    0.000352    0.000228
1987   3  10  46864   0.110676   0.229324  -0.2387487   0.0010944  -0.000280   0.000006   0.000904   0.000843  0.0000847  0.0000942    0.000337    0.000238
1987   3  11  46865   0.108573   0.227447  -0.2398874   0.0012123  -0.000325   0.000149   0.000966   0.000956  0.0001088  0.0001150    0.000302    0.000281
1987   3  12  46866   0.109735   0.225724  -0.2411941   0.0014176  -0.000349   0.000221   0.001496   0.001624  0.0001454  0.0001148    0.000284    0.000328
1987   3  13  46867   0.110643   0.224614  -0.2427346   0.0016632  -0.000334   0.000187   0.001992   0.002044  0.0001207  0.0001032    0.000279    0.000300
1987   3  14  46868   0.110609   0.223937  -0.2445209   0.0018975  -0.000294   0.000078   0.000897   0.000602  0.0000609  0.0000908    0.000274    0.000187
1987   3  15  46869   0.109812   0.223403  -0.2465162   0.0020778  -0.000246  -0.000067   0.000870   0.000582  0.0000609  0.0000609    0.000274    0.000186
1987   3  16  46870   0.109564   0.222793  -0.2486489   0.0021788  -0.000187  -0.000142   0.000896   0.000600  0.0000609  0.0000609    0.000274    0.000186
1987   3  17  46871   0.109388   0.222217  -0.2508360   0.0021904  -0.000163  -0.000156   0.002561   0.002022  0.0000609  0.0000685    0.000274    0.000186
1987   3  18  46872   0.109059   0.221862  -0.2529898   0.0021128  -0.000204  -0.000125   0.003863   0.005726  0.0000760  0.0000697    0.000289    0.000214
1987   3  19  46873   0.108630   0.221809  -0.2550301   0.0019630  -0.000319  -0.000058   0.001003   0.000919  0.0000785  0.0000805    0.000289    0.000219
1987   3  20  46874   0.108479   0.221802  -0.2569014   0.0017737  -0.000497   0.000020   0.000705   0.000562  0.0000850  0.0001014    0.000282    0.000237
1987   3  21  46875   0.108489   0.221459  -0.2585846   0.0015843  -0.000735   0.000081   0.000740   0.000442  0.0001244  0.0001950    0.000264    0.000343
1987   3  22  46876   0.107866   0.220521  -0.2600972   0.0014368  -0.000810   0.000125   0.000912   0.000469  0.0003051  0.0004224    0.000300    0.000781
1987   3  23  46877   0.106272   0.219229  -0.2614996   0.0013742  -0.000708   0.000131   0.003104   0.001832  0.0007205  0.0002097    0.000969    0.001358
1987   3  24  46878   0.103993   0.218125  -0.2628919   0.0014318  -0.000522   0.000055   0.001209   0.003162  0.0001143  0.0003946    0.000287    0.000307
1987   3  25  46879   0.101643   0.217428  -0.2644025   0.0016160  -0.000363  -0.000066   0.000637   0.001696  0.0000687  0.0001023    0.000175    0.000187
1987   3  26  46880   0.099252   0.217135  -0.2661445   0.0018855  -0.000357  -0.000219   0.000742   0.001500  0.0000903  0.0000861    0.000252    0.000245
1987   3  27  46881   0.097520   0.216473  -0.2681683   0.0021450  -0.000421  -0.000106   0.000806   0.000976  0.0001035  0.0000911    0.000307    0.000249
1987   3  28  46882   0.096978   0.215624  -0.2704042   0.0022922  -0.000533   0.000097   0.000654   0.000786  0.0000920  0.0000911    0.000255    0.000212
1987   3  29  46883   0.097018   0.215077  -0.2727068   0.0022886  -0.000686   0.000161   0.000910   0.000701  0.0000787  0.0000835    0.000310    0.000262
1987   3  30  46884   0.096543   0.214506  -0.2749344   0.0021585  -0.000827   0.000146   0.001227   0.000681  0.0000751  0.0000769    0.000357    0.000305
1987   3  31  46885   0.095188   0.213365  -0.2769885   0.0019514  -0.000886   0.000138   0.001254   0.000694  0.0000751  0.0000751    0.000357    0.000306
1987   4   1  46886   0.093945   0.212264  -0.2788201   0.0017180  -0.000850   0.000140   0.003454   0.002049  0.0000751  0.0000740    0.000357    0.000306
1987   4   2  46887   0.093731   0.212177  -0.2804251   0.0014987  -0.000732   0.000159   0.005132   0.004533  0.0000729  0.0000739    0.000280    0.000206
1987   4   3  46888   0.094286   0.213350  -0.2818313   0.0013195  -0.000557   0.000205   0.001004   0.000956  0.0000727  0.0000728    0.000275    0.000202
1987   4   4  46889   0.093951   0.213200  -0.2830864   0.0011958  -0.000368   0.000272   0.000770   0.000735  0.0000727  0.0000727    0.000275    0.000202
1987   4   5  46890   0.092275   0.210916  -0.2842500   0.0011391  -0.000202   0.000454   0.000976   0.000933  0.0000727  0.0000727    0.000275    0.000202
1987   4   6  46891   0.090757   0.209133  -0.2853934   0.0011569  -0.000107   0.000610   0.001369   0.001315  0.0000727  0.0000725    0.000275    0.000202
1987   4   7  46892   0.090014   0.209102  -0.2865909   0.0012469  -0.000109   0.000644   0.001962   0.001874  0.0000723  0.0000724    0.000227    0.000262
1987   4   8  46893   0.089460   0.210389  -0.2879094   0.0013973  -0.000210   0.000519   0.001234   0.001184  0.0000722  0.0000716    0.000224    0.000268
1987   4   9  46894   0.088110   0.211619  -0.2894004   0.0015880  -0.000392   0.000239   0.000748   0.000714  0.0000710  0.0000684    0.000227    0.000264
1987   4  10  46895   0.086511   0.211171  -0.2910909   0.0017897  -0.000637  -0.000215   0.000579   0.000530  0.0000647  0.0000658    0.000245    0.000240
1987   4  11  46896   0.084820   0.210402  -0.2929738   0.0019691  -0.000780  -0.000454   0.000544   0.000485  0.0000607  0.0000629    0.000262    0.000225
1987   4  12  46897   0.082974   0.210959  -0.2950093   0.0020936  -0.000723  -0.000264   0.000547   0.000485  0.0000611  0.0000749    0.000267    0.000228
1987   4  13  46898   0.081451   0.211267  -0.2971274   0.0021318  -0.000601   0.000100   0.000690   0.000581  0.0000891  0.0000737    0.000313    0.000387
1987   4  14  46899   0.080311   0.209772  -0.2992306   0.0020621  -0.000521   0.000420   0.000678   0.000594  0.0000864  0.0000828    0.000292    0.000329
1987   4  15  46900   0.079309   0.206605  -0.3012113   0.0018861  -0.000621   0.000450   0.000634   0.000650  0.0000764  0.0000788    0.000238    0.000227
1987   4  16  46901   0.077786   0.205265  -0.3029773   0.0016410  -0.000637   0.000295   0.000763   0.000874  0.0000711  0.0000763    0.000214    0.000194
1987   4  17  46902   0.076027   0.205913  -0.3044921   0.0013967  -0.000478   0.000047   0.001463   0.001543  0.0000762  0.0000762    0.000287    0.000222
1987   4  18  46903   0.074688   0.205987  -0.3057948   0.0012271  -0.000233  -0.000200   0.000868   0.000805  0.0000813  0.0000788    0.000449    0.000258
1987   4  19  46904   0.073536   0.205276  -0.3069876   0.0011739   0.000009  -0.000230   0.000807   0.000743  0.0000813  0.0000821    0.000450    0.000259
1987   4  20  46905   0.072231   0.204468  -0.3081884   0.0012317   0.000168  -0.000027   0.002064   0.001676  0.0000829  0.0001155    0.000424    0.000260
1987   4  21  46906   0.070798   0.204400  -0.3094887   0.0013698   0.000202   0.000181   0.002823   0.001827  0.0001497  0.0001167    0.000251    0.000300
1987   4  22  46907   0.069738   0.204621  -0.3109486   0.0015582   0.000090   0.000287   0.001536   0.001102  0.0001506  0.0001372    0.000250    0.000300
1987   4  23  46908   0.069619   0.203822  -0.3126042   0.0017770  -0.000209   0.000095   0.001397   0.001062  0.0001247  0.0001218    0.000265    0.000307
1987   4  24  46909   0.069906   0.204814  -0.3144809   0.0019979  -0.000521  -0.000196   0.000785   0.000661  0.0000930  0.0001081    0.000319    0.000328
1987   4  25  46910   0.069478   0.204618  -0.3165633   0.0021586  -0.000519  -0.000217   0.000877   0.000737  0.0000916  0.0000923    0.000324    0.000330
1987   4  26  46911   0.068186   0.203357  -0.3187559   0.0021885  -0.000262  -0.000022   0.002709   0.001793  0.0000916  0.0001212    0.000324    0.000330
1987   4  27  46912   0.066865   0.203780  -0.3209032   0.0020591   0.000075   0.000232   0.004578   0.002353  0.0001509  0.0001258    0.000569    0.000935
1987   4  28  46913   0.065895   0.204615  -0.3228504   0.0018059   0.000348   0.000423   0.001556   0.001516  0.0001600  0.0001523    0.000619    0.001206
1987   4  29  46914   0.065028   0.204351  -0.3245083   0.0015128   0.000423   0.000443   0.001469   0.001445  0.0001538  0.0001495    0.000634    0.000828
1987   4  30  46915   0.063762   0.202497  -0.3258843   0.0012681   0.000165   0.000170   0.001291   0.001312  0.0001390  0.0001476    0.000683    0.000508
1987   5   1  46916   0.061836   0.201693  -0.3270636   0.0011135  -0.000042  -0.000078   0.000939   0.001129  0.0001413  0.0001640    0.000548    0.000319
1987   5   2  46917   0.059732   0.201939  -0.3281364   0.0010328  -0.000102  -0.000134   0.000712   0.000960  0.0001891  0.0001745    0.000382    0.000221
1987   5   3  46918   0.057980   0.201573  -0.3291566   0.0009881  -0.000040   0.000152   0.000766   0.000912  0.0002077  0.0001600    0.000350    0.000216
1987   5   4  46919   0.056759   0.201955  -0.3301391   0.0009807  -0.000094   0.000124   0.000731   0.000732  0.0001310  0.0001423    0.000299    0.000236
1987   5   5  46920   0.055421   0.202573  -0.3311401   0.0010668  -0.000179  -0.000323   0.000651   0.000575  0.0000768  0.0001001    0.000246    0.000212
1987   5   6  46921   0.054203   0.201728  -0.3322881   0.0012481  -0.000138  -0.000504   0.000673   0.000558  0.0000692  0.0000956    0.000235    0.000201
1987   5   7  46922   0.053792   0.199808  -0.3336438   0.0014218   0.000029  -0.000090   0.001147   0.000889  0.0001145  0.0000890    0.000288    0.000266
1987   5   8  46923   0.054332   0.199496  -0.3351302   0.0015410  -0.000016   0.000124   0.001347   0.001208  0.0001088  0.0000968    0.000300    0.000311
1987   5   9  46924   0.053677   0.200639  -0.3367141   0.0016472  -0.000219   0.000126   0.000948   0.000870  0.0000791  0.0001014    0.000297    0.000417
1987   5  10  46925   0.052361   0.201200  -0.3384005   0.0017474  -0.000419   0.000042   0.001002   0.000928  0.0000940  0.0002306    0.000358    0.000505
1987   5  11  46926   0.050798   0.200711  -0.3401731   0.0018096  -0.000566  -0.000076   0.002060   0.003379  0.0003820  0.0004300    0.001334    0.001144
1987   5  12  46927   0.049026   0.200382  -0.3419781   0.0017918  -0.000596  -0.000130   0.002163   0.004873  0.0007659  0.0002383    0.002100    0.001220
1987   5  13  46928   0.047578   0.200303  -0.3437216   0.0016690  -0.000516  -0.000104   0.000712   0.000752  0.0000945  0.0004312    0.000334    0.000347
1987   5  14  46929   0.046494   0.200187  -0.3453015   0.0014523  -0.000355  -0.000004   0.000748   0.000784  0.0000964  0.0001166    0.000341    0.000356
1987   5  15  46930   0.045366   0.199708  -0.3466402   0.0011908  -0.000157   0.000137   0.001097   0.001141  0.0001388  0.0001886    0.000488    0.000511
1987   5  16  46931   0.043554   0.199120  -0.3477223   0.0009705   0.000003   0.000306   0.002643   0.003065  0.0002808  0.0001929    0.000971    0.001027
1987   5  17  46932   0.041332   0.198607  -0.3486315   0.0008852   0.000094   0.000434   0.003289   0.006613  0.0002470  0.0001906    0.000849    0.000914
1987   5  18  46933   0.039376   0.198166  -0.3495362   0.0009818   0.000122   0.000449   0.000966   0.001115  0.0001004  0.0001737    0.000349    0.000374
1987   5  19  46934   0.038056   0.197596  -0.3506185   0.0012300   0.000101   0.000323   0.000746   0.000845  0.0001003  0.0001004    0.000348    0.000374
1987   5  20  46935   0.037345   0.196860  -0.3519951   0.0015324   0.000131  -0.000176   0.001018   0.001139  0.0001003  0.0001003    0.000348    0.000374
1987   5  21  46936   0.036534   0.196161  -0.3536615   0.0017814   0.000164  -0.000754   0.001680   0.001816  0.0001003  0.0000999    0.000348    0.000374
1987   5  22  46937   0.035892   0.196505  -0.3555235   0.0019159   0.000163  -0.001133   0.003114   0.003198  0.0000994  0.0000995    0.000331    0.000447
1987   5  23  46938   0.035648   0.198415  -0.3574553   0.0019265   0.000118  -0.001159   0.002024   0.001858  0.0000987  0.0000967    0.000326    0.000448
1987   5  24  46939   0.035084   0.200616  -0.3593428   0.0018349   0.000025  -0.000757   0.001041   0.000944  0.0000940  0.0000897    0.000302    0.000395
1987   5  25  46940   0.032486   0.199946  -0.3611017   0.0016730  -0.000134   0.000116   0.000824   0.000806  0.0000808  0.0000841    0.000244    0.000293
1987   5  26  46941   0.029657   0.198065  -0.3626792   0.0014645  -0.000169   0.000787   0.001023   0.001031  0.0000742  0.0000780    0.000218    0.000255
1987   5  27  46942   0.028016   0.197048  -0.3640350   0.0012268  -0.000051   0.000975   0.001692   0.001721  0.0000751  0.0000926    0.000222    0.000257
1987   5  28  46943   0.027436   0.197112  -0.3651486   0.0009934   0.000060   0.000833   0.000927   0.001034  0.0001110  0.0000924    0.000414    0.000409
1987   5  29  46944   0.027133   0.197356  -0.3660450   0.0008145   0.000042   0.000535   0.000866   0.000987  0.0001096  0.0001079    0.000418    0.000379
1987   5  30  46945   0.026511   0.197045  -0.3668042   0.0007363  -0.000240   0.000329   0.000820   0.000996  0.0001048  0.0001058    0.000421    0.000312
1987   5  31  46946   0.025979   0.196973  -0.3675439   0.0007644  -0.000504   0.000171   0.000858   0.001086  0.0001019  0.0001044    0.000423    0.000282
1987   6   1  46947   0.025697   0.197427  -0.3683554   0.0008573  -0.000640   0.000077   0.002634   0.003509  0.0001040  0.0001202    0.000407    0.000281
1987   6   2  46948   0.025254   0.197883  -0.3692743   0.0009670  -0.000668   0.000060   0.001615   0.001449  0.0001385  0.0001213    0.000317    0.000321
1987   6   3  46949   0.024567   0.197907  -0.3702972   0.0010688  -0.000614   0.000103   0.000915   0.000796  0.0001387  0.0001385    0.000317    0.000322
1987   6   4  46950   0.023985   0.197609  -0.3714117   0.0011732  -0.000552   0.000140   0.001244   0.001094  0.0001385  0.0001245    0.000317    0.000322
1987   6   5  46951   0.023286   0.197800  -0.3726353   0.0012973  -0.000490   0.000173   0.001285   0.001186  0.0001104  0.0001204    0.000335    0.000364
1987   6   6  46952   0.022707   0.198483  -0.3739896   0.0014289  -0.000441   0.000194   0.000629   0.000581  0.0001023  0.0001063    0.000343    0.000390
1987   6   7  46953   0.022655   0.198908  -0.3754671   0.0015230  -0.000447   0.000202   0.000618   0.000570  0.0001023  0.0001028    0.000343    0.000390
1987   6   8  46954   0.023078   0.198668  -0.3770014   0.0015214  -0.000493   0.000194   0.000635   0.000576  0.0001033  0.0001136    0.000343    0.000366
1987   6   9  46955   0.023381   0.198243  -0.3784741   0.0013939  -0.000501   0.000172   0.002183   0.000710  0.0001248  0.0001142    0.000337    0.000211
1987   6  10  46956   0.022974   0.198262  -0.3797642   0.0011636  -0.000437   0.000139   0.002311   0.000712  0.0001251  0.0001250    0.000337    0.000210
1987   6  11  46957   0.021681   0.199004  -0.3808005   0.0009070  -0.000221   0.000107   0.002219   0.000742  0.0001252  0.0001268    0.000337    0.000211
1987   6  12  46958   0.019282   0.199404  -0.3816069   0.0007219   0.000047   0.000084   0.001343   0.001253  0.0001284  0.0001271    0.000350    0.000317
1987   6  13  46959   0.016091   0.198746  -0.3822945   0.0006791   0.000276   0.000079   0.001032   0.001071  0.0001291  0.0001287    0.000352    0.000371
1987   6  14  46960   0.013416   0.197898  -0.3830182   0.0007908   0.000280   0.000078   0.000880   0.000925  0.0001291  0.0001291    0.000352    0.000371
1987   6  15  46961   0.012091   0.197943  -0.3839119   0.0010093   0.000137   0.000097   0.001726   0.001810  0.0001291  0.0001157    0.000352    0.000371
1987   6  16  46962   0.011615   0.198750  -0.3850431   0.0012543  -0.000049   0.000143   0.006097   0.005531  0.0001024  0.0001153    0.000620    0.000370
1987   6  17  46963   0.011033   0.199507  -0.3863986   0.0014478  -0.000198   0.000214   0.001836   0.001568  0.0001014  0.0001036    0.000641    0.000365
1987   6  18  46964   0.010168   0.200118  -0.3878997   0.0015393  -0.000238   0.000297   0.000982   0.000827  0.0001049  0.0001121    0.000487    0.000332
1987   6  19  46965   0.009173   0.200777  -0.3894349   0.0015142  -0.000091   0.000386   0.000922   0.000747  0.0001228  0.0001237    0.000299    0.000257
1987   6  20  46966   0.008275   0.200948  -0.3908933   0.0013838   0.000009   0.000402   0.000900   0.000714  0.0001426  0.0001314    0.000250    0.000227
1987   6  21  46967   0.007438   0.200877  -0.3921801   0.0011736  -0.000007   0.000322   0.001349   0.001080  0.0001399  0.0001210    0.000250    0.000228
1987   6  22  46968   0.006310   0.201667  -0.3932316   0.0009216  -0.000039   0.000179   0.001907   0.001718  0.0000994  0.0001219    0.000389    0.000321
1987   6  23  46969   0.004765   0.203636  -0.3940269   0.0006702  -0.000011   0.000016   0.001320   0.001209  0.0001040  0.0000818    0.000417    0.000344
1987   6  24  46970   0.003381   0.204745  -0.3945860   0.0004547   0.000174  -0.000149   0.000926   0.000977  0.0000641  0.0000638    0.000409    0.000370
1987   6  25  46971   0.002741   0.203899  -0.3949582   0.0002970   0.000336  -0.000047   0.000422   0.000467  0.0000236  0.0000410    0.000181    0.000181
1987   6  26  46972   0.002053   0.203272  -0.3952061   0.0002090   0.000366   0.000181   0.000291   0.000320  0.0000178  0.0000257    0.000136    0.000138
1987   6  27  46973   0.000007   0.204636  -0.3954029   0.0002014   0.000245   0.000306   0.000379   0.000395  0.0000279  0.0000505    0.000197    0.000196
1987   6  28  46974  -0.002217   0.205663  -0.3956326   0.0002793   0.000098   0.000388   0.000786   0.000665  0.0000831  0.0000686    0.000345    0.000336
1987   6  29  46975  -0.003242   0.204330  -0.3959790   0.0004296   0.000043   0.000471   0.000929   0.000863  0.0001092  0.0001266    0.000385    0.000404
1987   6  30  46976  -0.004583   0.204098  -0.3965010   0.0006148   0.000144   0.000384   0.001436   0.001523  0.0001702  0.0001370    0.000506    0.000636
1987   7   1  46977  -0.005776   0.205607  -0.3972087   0.0007897   0.000406   0.000105   0.001566   0.001835  0.0001647  0.0001565    0.000658    0.000704
1987   7   2  46978  -0.006042   0.207020  -0.3980722   0.0009292   0.000602  -0.000242   0.001435   0.001459  0.0001429  0.0001556    0.000673    0.000530
1987   7   3  46979  -0.006642   0.207579  -0.3990520   0.0010292   0.000632  -0.000529   0.002040   0.001408  0.0001466  0.0001451    0.000621    0.000418
1987   7   4  46980  -0.008697   0.207927  -0.4001095   0.0010771   0.000793  -0.000507   0.002201   0.001627  0.0001473  0.0001469    0.000616    0.000412
1987   7   5  46981  -0.010560   0.208322  -0.4011797   0.0010459   0.000990  -0.000235   0.002322   0.001931  0.0001472  0.0001181    0.000616    0.000411
1987   7   6  46982  -0.011342   0.208649  -0.4021716   0.0009203   0.001049   0.000121   0.003521   0.003094  0.0000890  0.0001172    0.000517    0.000290
1987   7   7  46983  -0.011569   0.208900  -0.4029943   0.0007175   0.000883   0.000418   0.001504   0.001319  0.0000872  0.0000890    0.000496    0.000285
1987   7   8  46984  -0.012362   0.209365  -0.4035955   0.0004899   0.000457   0.000529   0.000825   0.000722  0.0000890  0.0000923    0.000404    0.000284
1987   7   9  46985  -0.013727   0.210511  -0.4039881   0.0003108  -0.000302   0.000315   0.000825   0.000715  0.0000974  0.0000973    0.000266    0.000281
1987   7  10  46986  -0.014872   0.211560  -0.4042575   0.0002398  -0.000651   0.000180   0.001185   0.001049  0.0001056  0.0001505    0.000227    0.000281
1987   7  11  46987  -0.015420   0.211221  -0.4045231   0.0002988  -0.000444   0.000247   0.001832   0.001877  0.0002036  0.0001664    0.000459    0.000524
1987   7  12  46988  -0.016775   0.210567  -0.4049045   0.0004745  -0.000051   0.000410   0.002176   0.001758  0.0002272  0.0001675    0.001053    0.000683
1987   7  13  46989  -0.020215   0.211505  -0.4054953   0.0007238   0.000159   0.000563   0.002435   0.001057  0.0001314  0.0001691    0.000649    0.000437
1987   7  14  46990  -0.023459   0.212904  -0.4063406   0.0009784   0.000110   0.000630   0.002657   0.000899  0.0001110  0.0001725    0.000551    0.000373
1987   7  15  46991  -0.025117   0.213803  -0.4074124   0.0011629  -0.000120   0.000590   0.005294   0.001511  0.0002135  0.0005747    0.000471    0.000283
1987   7  16  46992  -0.025652   0.214394  -0.4086152   0.0012248  -0.000329   0.000474   0.008834   0.002478  0.0010383  0.0002357    0.000446    0.000266
1987   7  17  46993  -0.026324   0.215334  -0.4098168   0.0011484  -0.000206   0.000340   0.003001   0.001602  0.0002579  0.0005785    0.000363    0.000276
1987   7  18  46994  -0.026569   0.216407  -0.4108831   0.0009518   0.000047   0.000204   0.001238   0.000870  0.0001186  0.0001671    0.000266    0.000269
1987   7  19  46995  -0.025571   0.217057  -0.4117097   0.0006769   0.000062   0.000063   0.000616   0.000550  0.0000763  0.0000911    0.000173    0.000162
1987   7  20  46996  -0.024502   0.217643  -0.4122409   0.0003829   0.000056   0.000049   0.000489   0.000457  0.0000636  0.0000805    0.000152    0.000137
1987   7  21  46997  -0.024639   0.218443  -0.4124900   0.0001371   0.000133   0.000212   0.000630   0.000624  0.0000847  0.0000894    0.000226    0.000202
1987   7  22  46998  -0.025911   0.218953  -0.4125367  -0.0000151   0.000242   0.000366   0.000855   0.000889  0.0001151  0.0000990    0.000403    0.000340
1987   7  23  46999  -0.027331   0.219150  -0.4124858  -0.0000691   0.000390   0.000346   0.000769   0.000650  0.0001133  0.0001238    0.000277    0.000213
1987   7  24  47000  -0.026419   0.221167  -0.4124259  -0.0000437   0.000401   0.000398   0.000623   0.000491  0.0001324  0.0001353    0.000172    0.000133
1987   7  25  47001  -0.024933   0.224087  -0.4124237   0.0000425   0.000375   0.000440   0.000829   0.000650  0.0001574  0.0001407    0.000146    0.000113
1987   7  26  47002  -0.024671   0.225988  -0.4125306   0.0001766   0.000382   0.000441   0.001540   0.001211  0.0001490  0.0001341    0.000156    0.000121
1987   7  27  47003  -0.025655   0.226088  -0.4127885   0.0003490   0.000449   0.000418   0.001333   0.001002  0.0001109  0.0001348    0.000554    0.000441
1987   7  28  47004  -0.026844   0.224944  -0.4132306   0.0005454   0.000588   0.000382   0.001419   0.001069  0.0001206  0.0001440    0.000606    0.000483
1987   7  29  47005  -0.027218   0.224018  -0.4138714   0.0007359   0.000805   0.000343   0.002021   0.001567  0.0001771  0.0002556    0.000882    0.000706
1987   7  30  47006  -0.027298   0.224964  -0.4146860   0.0008748   0.000887   0.000305   0.002697   0.002509  0.0003905  0.0001402    0.001814    0.001492
1987   7  31  47007  -0.027331   0.227012  -0.4155988   0.0009171   0.000775   0.000252   0.001754   0.001541  0.0001032  0.0002177    0.000379    0.000215
1987   8   1  47008  -0.027157   0.228022  -0.4164949   0.0008443   0.000530   0.000154   0.000651   0.000425  0.0000449  0.0000743    0.000171    0.000096
1987   8   2  47009  -0.027626   0.228413  -0.4172617   0.0006815   0.000236  -0.000005   0.000454   0.000293  0.0000454  0.0000536    0.000173    0.000097
1987   8   3  47010  -0.029129   0.229255  -0.4178356   0.0004874  -0.000017  -0.000245   0.000644   0.000420  0.0000623  0.0001550    0.000239    0.000135
1987   8   4  47011  -0.030602   0.230537  -0.4182239   0.0003205  -0.000131  -0.000501   0.002547   0.001723  0.0002646  0.0005202    0.001038    0.000584
1987   8   5  47012  -0.031159   0.231772  -0.4184815   0.0002165  -0.000025  -0.000716   0.002113   0.002146  0.0009782  0.0002804    0.003817    0.002564
1987   8   6  47013  -0.031739   0.232881  -0.4186844   0.0001973   0.000230  -0.000862   0.001593   0.001536  0.0002962  0.0005670    0.001625    0.001037
1987   8   7  47014  -0.033060   0.233888  -0.4189235   0.0002803   0.000568  -0.000918   0.001516   0.001268  0.0001557  0.0002127    0.000893    0.000551
1987   8   8  47015  -0.033174   0.234140  -0.4192986   0.0004681   0.000707  -0.000843   0.001951   0.001592  0.0001292  0.0001181    0.000737    0.000455
1987   8   9  47016  -0.032664   0.234484  -0.4198988   0.0007306   0.000625  -0.000638   0.001339   0.001485  0.0000805  0.0000996    0.000243    0.000176
1987   8  10  47017  -0.032704   0.235419  -0.4207677   0.0010050   0.000469  -0.000339   0.000486   0.000584  0.0000700  0.0000786    0.000200    0.000146
1987   8  11  47018  -0.033479   0.236297  -0.4218813   0.0012231   0.000459   0.000023   0.000511   0.000612  0.0000767  0.0001045    0.000222    0.000162
1987   8  12  47019  -0.034327   0.236750  -0.4231618   0.0013359   0.000587   0.000343   0.001114   0.001228  0.0001390  0.0001473    0.000551    0.000369
1987   8  13  47020  -0.034183   0.237124  -0.4244962   0.0013125   0.000528   0.000457   0.002313   0.002141  0.0002180  0.0004902    0.001873    0.000620
1987   8  14  47021  -0.034460   0.238052  -0.4257432   0.0011496   0.000452   0.000352   0.004804   0.003808  0.0008414  0.0006016    0.001995    0.000534
1987   8  15  47022  -0.036643   0.239810  -0.4267741   0.0008877   0.000598   0.000066   0.003556   0.003000  0.0009852  0.0005594    0.002232    0.000688
1987   8  16  47023  -0.039095   0.241517  -0.4275183   0.0006015   0.000851  -0.000213   0.002425   0.002076  0.0002774  0.0005576    0.001197    0.000796
1987   8  17  47024  -0.039515   0.242534  -0.4279916   0.0003716   0.001079  -0.000337   0.001502   0.001118  0.0001301  0.0001919    0.000581    0.000454
1987   8  18  47025  -0.038363   0.243161  -0.4282843   0.0002509   0.001033  -0.000187   0.001837   0.001236  0.0001064  0.0001774    0.000476    0.000373
1987   8  19  47026  -0.037249   0.243335  -0.4285203   0.0002509   0.000745   0.000154   0.004210   0.002067  0.0002248  0.0005837    0.000992    0.000780
1987   8  20  47027  -0.037244   0.243706  -0.4288144   0.0003497   0.000426   0.000485   0.003871   0.006289  0.0010609  0.0002517    0.003301    0.002400
1987   8  21  47028  -0.038266   0.245343  -0.4292469   0.0005106   0.000275   0.000620   0.002090   0.002725  0.0002786  0.0005894    0.001259    0.000852
1987   8  22  47029  -0.039517   0.247771  -0.4298582   0.0007007   0.000361   0.000469   0.001227   0.001161  0.0001179  0.0001864    0.000506    0.000357
1987   8  23  47030  -0.039592   0.249272  -0.4306633   0.0009029   0.000550   0.000052   0.001000   0.000903  0.0000941  0.0001121    0.000312    0.000237
1987   8  24  47031  -0.038734   0.250434  -0.4316692   0.0011117   0.000567  -0.000326   0.001072   0.000999  0.0001063  0.0002064    0.000315    0.000245
1987   8  25  47032  -0.037713   0.252816  -0.4328812   0.0013110   0.000394  -0.000478   0.002024   0.002463  0.0003186  0.0001608    0.001003    0.000806
1987   8  26  47033  -0.037061   0.256382  -0.4342753   0.0014561   0.000209  -0.000370   0.001798   0.001466  0.0002152  0.0002181    0.001310    0.000797
1987   8  27  47034  -0.037598   0.256899  -0.4357691   0.0015049   0.000202  -0.000076   0.000924   0.000760  0.0001175  0.0001581    0.000736    0.000448
1987   8  28  47035  -0.037973   0.255206  -0.4372561   0.0014717   0.000294   0.000085   0.000743   0.000745  0.0001009  0.0001087    0.000543    0.000461
1987   8  29  47036  -0.038388   0.256125  -0.4386841   0.0013930   0.000323   0.000212   0.000921   0.001075  0.0000999  0.0000995    0.000494    0.000548
1987   8  30  47037  -0.038627   0.259337  -0.4400196   0.0012679   0.000250   0.000364   0.002284   0.002673  0.0000980  0.0000931    0.000461    0.000506
1987   8  31  47038  -0.038206   0.260563  -0.4412082   0.0010849   0.000139   0.000447   0.000975   0.001080  0.0000862  0.0000921    0.000339    0.000306
1987   9   1  47039  -0.038316   0.260890  -0.4421926   0.0008639   0.000047   0.000430   0.000760   0.000839  0.0000862  0.0000862    0.000339    0.000305
1987   9   2  47040  -0.039523   0.261927  -0.4429572   0.0006767   0.000126   0.000210   0.001040   0.001139  0.0000862  0.0000862    0.000339    0.000305
1987   9   3  47041  -0.040689   0.263079  -0.4435845   0.0006144   0.000307  -0.000067   0.001716   0.001829  0.0000862  0.0000954    0.000339    0.000305
1987   9   4  47042  -0.041206   0.264083  -0.4442344   0.0007276   0.000518  -0.000263   0.004752   0.004248  0.0001047  0.0000963    0.000393    0.000350
1987   9   5  47043  -0.041410   0.265050  -0.4450842   0.0010017   0.000705  -0.000296   0.001641   0.001424  0.0001065  0.0001056    0.000398    0.000354
1987   9   6  47044  -0.041664   0.265904  -0.4462616   0.0013624   0.000818  -0.000141   0.000797   0.000692  0.0001065  0.0001065    0.000398    0.000354
1987   9   7  47045  -0.041549   0.266191  -0.4478005   0.0017007   0.000735   0.000439   0.000787   0.000684  0.0001065  0.0001065    0.000398    0.000354
1987   9   8  47046  -0.041319   0.266317  -0.4496230   0.0019180   0.000545   0.001084   0.002897   0.002559  0.0001065  0.0000954    0.000398    0.000354
1987   9   9  47047  -0.041572   0.266979  -0.4515787   0.0019663   0.000332   0.001498   0.006439   0.006071  0.0000843  0.0000949    0.000388    0.000342
1987   9  10  47048  -0.042373   0.268043  -0.4535000   0.0018545   0.000162   0.001531   0.001033   0.000898  0.0000834  0.0000847    0.000384    0.000336
1987   9  11  47049  -0.043126   0.268669  -0.4552504   0.0016304   0.000088   0.001116   0.000812   0.000721  0.0000851  0.0000881    0.000362    0.000299
1987   9  12  47050  -0.043499   0.268755  -0.4567485   0.0013559   0.000164   0.000212   0.000753   0.000710  0.0000928  0.0000924    0.000302    0.000223
1987   9  13  47051  -0.043749   0.269635  -0.4579714   0.0010822   0.000231  -0.000372   0.000772   0.000751  0.0000997  0.0000953    0.000274    0.000195
1987   9  14  47052  -0.044302   0.271625  -0.4589353   0.0008449   0.000243  -0.000366   0.001860   0.001638  0.0000977  0.0000883    0.000273    0.000196
1987   9  15  47053  -0.045413   0.273718  -0.4596898   0.0006793   0.000278  -0.000084   0.001821   0.001154  0.0000770  0.0000903    0.000321    0.000285
1987   9  16  47054  -0.046283   0.275834  -0.4603241   0.0006206   0.000384   0.000183   0.001213   0.000705  0.0000830  0.0000995    0.000342    0.000308
1987   9  17  47055  -0.045958   0.278325  -0.4609602   0.0006914   0.000635   0.000056   0.001491   0.001000  0.0001220  0.0001754    0.000461    0.000451
1987   9  18  47056  -0.045863   0.279415  -0.4617322   0.0008820   0.000745  -0.000044   0.002091   0.002171  0.0002678  0.0001856    0.000694    0.000961
1987   9  19  47057  -0.046727   0.278929  -0.4627428   0.0011486   0.000643   0.000003   0.005878   0.002591  0.0002491  0.0001799    0.000685    0.001055
1987   9  20  47058  -0.048156   0.278657  -0.4640387   0.0014340   0.000442   0.000120   0.003573   0.001621  0.0000921  0.0001705    0.000386    0.000432
1987   9  21  47059  -0.049392   0.279478  -0.4656097   0.0016878   0.000237   0.000253   0.001942   0.000955  0.0000919  0.0000921    0.000386    0.000432
1987   9  22  47060  -0.049767   0.280674  -0.4674020   0.0018738   0.000301   0.000245   0.002188   0.001100  0.0000921  0.0001021    0.000385    0.000429
1987   9  23  47061  -0.049720   0.281856  -0.4693347   0.0019731   0.000431   0.000184   0.002580   0.001825  0.0001123  0.0001062    0.000299    0.000283
1987   9  24  47062  -0.050181   0.283215  -0.4713178   0.0019833   0.000478   0.000123   0.001336   0.000964  0.0001203  0.0001181    0.000286    0.000265
1987   9  25  47063  -0.051508   0.285512  -0.4732680   0.0019170   0.000315   0.000154   0.001007   0.000819  0.0001240  0.0001294    0.000313    0.000287
1987   9  26  47064  -0.052702   0.287681  -0.4751232   0.0017860   0.000019   0.000121   0.000845   0.000896  0.0001385  0.0001372    0.000483    0.000403
1987   9  27  47065  -0.052559   0.288237  -0.4768239   0.0015883  -0.000294  -0.000154   0.000973   0.001018  0.0001505  0.0001489    0.000531    0.000433
1987   9  28  47066  -0.052311   0.289788  -0.4783014   0.0013455  -0.000470  -0.000459   0.001272   0.001251  0.0001594  0.0001521    0.000547    0.000444
1987   9  29  47067  -0.053146   0.292900  -0.4795352   0.0011273  -0.000449  -0.000660   0.004157   0.002414  0.0001538  0.0001382    0.000539    0.000455
1987   9  30  47068  -0.055037   0.295366  -0.4805917   0.0010163  -0.000285  -0.000733   0.003558   0.001744  0.0001170  0.0001354    0.000467    0.000541
1987  10   1  47069  -0.056405   0.296283  -0.4816120   0.0010684  -0.000045  -0.000667   0.002308   0.001253  0.0001169  0.0001170    0.000466    0.000541
1987  10   2  47070  -0.056009   0.296372  -0.4827710   0.0012841   0.000084  -0.000473   0.003022   0.001747  0.0001169  0.0001169    0.000466    0.000541
1987  10   3  47071  -0.055061   0.297257  -0.4842091   0.0016090   0.000120  -0.000202   0.004363   0.003059  0.0001170  0.0001391    0.000467    0.000541
1987  10   4  47072  -0.054757   0.299010  -0.4859940   0.0019583   0.000083   0.000082   0.004963   0.004387  0.0001614  0.0001418    0.000704    0.000736
1987  10   5  47073  -0.055588   0.300670  -0.4881023   0.0022399  -0.000012   0.000311   0.003268   0.002722  0.0001666  0.0001640    0.000736    0.000758
1987  10   6  47074  -0.057223   0.301644  -0.4904271   0.0023818  -0.000136   0.000439   0.002251   0.001834  0.0001666  0.0001666    0.000736    0.000758
1987  10   7  47075  -0.058315   0.302739  -0.4928102   0.0023534  -0.000219   0.000391   0.002081   0.001694  0.0001666  0.0001665    0.000736    0.000758
1987  10   8  47076  -0.058485   0.304265  -0.4950863   0.0021722  -0.000262   0.000233   0.004367   0.003883  0.0001665  0.0001388    0.000736    0.000758
1987  10   9  47077  -0.058805   0.305404  -0.4971281   0.0018940  -0.000263   0.000038   0.004377   0.004124  0.0001110  0.0001376    0.000409    0.000829
1987  10  10  47078  -0.059437   0.306130  -0.4988722   0.0015890  -0.000227  -0.000135   0.000982   0.000962  0.0001087  0.0001099    0.000398    0.000835
1987  10  11  47079  -0.059995   0.307130  -0.5003233   0.0013201  -0.000162  -0.000241   0.000892   0.000873  0.0001087  0.0001087    0.000398    0.000835
1987  10  12  47080  -0.060118   0.308932  -0.5015406   0.0011320  -0.000094  -0.000141   0.000901   0.000880  0.0001087  0.0001087    0.000398    0.000835
1987  10  13  47081  -0.060201   0.311052  -0.5026191   0.0010472  -0.000026   0.000029   0.002242   0.001459  0.0001086  0.0000870    0.000398    0.000833
1987  10  14  47082  -0.060776   0.312639  -0.5036661   0.0010669   0.000040   0.000144   0.004251   0.001658  0.0000653  0.0000862    0.000231    0.000278
1987  10  15  47083  -0.062036   0.313250  -0.5047805   0.0011751   0.000100   0.000138   0.000963   0.000800  0.0000637  0.0000647    0.000226    0.000268
1987  10  16  47084  -0.063426   0.313716  -0.5060377   0.0013433   0.000155  -0.000029   0.000652   0.000576  0.0000640  0.0000649    0.000230    0.000256
1987  10  17  47085  -0.064322   0.314640  -0.5074802   0.0015394   0.000193  -0.000409   0.000761   0.000653  0.0000661  0.0000660    0.000273    0.000206
1987  10  18  47086  -0.064190   0.315333  -0.5091195   0.0017314   0.000273  -0.000647   0.000702   0.000581  0.0000679  0.0000718    0.000332    0.000182
1987  10  19  47087  -0.063871   0.316137  -0.5109356   0.0018898   0.000403  -0.000573   0.000582   0.000584  0.0000776  0.0000755    0.000276    0.000222
1987  10  20  47088  -0.063681   0.317615  -0.5128815   0.0019940   0.000466  -0.000399   0.000579   0.000648  0.0000831  0.0000780    0.000262    0.000279
1987  10  21  47089  -0.063643   0.319756  -0.5148969   0.0020356   0.000361  -0.000328   0.000667   0.000658  0.0000784  0.0000843    0.000315    0.000305
1987  10  22  47090  -0.063046   0.320145  -0.5169194   0.0020086   0.000183  -0.000248   0.000614   0.000670  0.0000855  0.0000820    0.000359    0.000283
1987  10  23  47091  -0.062647   0.321177  -0.5188804   0.0019112   0.000030   0.000003   0.000537   0.000717  0.0000856  0.0000829    0.000233    0.000201
1987  10  24  47092  -0.062768   0.322994  -0.5207172   0.0017483  -0.000033   0.000174   0.000519   0.000760  0.0000804  0.0000832    0.000192    0.000174
1987  10  25  47093  -0.063145   0.324264  -0.5223708   0.0015369  -0.000019   0.000109   0.000589   0.000799  0.0000807  0.0000807    0.000286    0.000281
1987  10  26  47094  -0.063463   0.324987  -0.5238076   0.0013257   0.000006  -0.000069   0.000618   0.000809  0.0000811  0.0000811    0.000382    0.000426
1987  10  27  47095  -0.063444   0.325769  -0.5250582   0.0011925  -0.000136  -0.000166   0.000627   0.000822  0.0000816  0.0001365    0.000385    0.000430
1987  10  28  47096  -0.063340   0.326930  -0.5262384   0.0012018  -0.000312  -0.000202   0.001575   0.002311  0.0001918  0.0004722    0.000854    0.001000
1987  10  29  47097  -0.063484   0.328396  -0.5275048   0.0013613  -0.000397  -0.000204   0.002591   0.005468  0.0008628  0.0001683    0.002057    0.004589
1987  10  30  47098  -0.063916   0.329942  -0.5289901   0.0016208  -0.000286  -0.000166   0.000995   0.001057  0.0001448  0.0004713    0.000656    0.001081
1987  10  31  47099  -0.063575   0.331118  -0.5307543   0.0019003  -0.000027  -0.000146   0.000611   0.000636  0.0000798  0.0001152    0.000286    0.000454
1987  11   1  47100  -0.062186   0.332267  -0.5327754   0.0021256   0.000330  -0.000201   0.000533   0.000582  0.0000855  0.0000861    0.000188    0.000294
1987  11   2  47101  -0.061090   0.334557  -0.5349699   0.0022552   0.000471  -0.000314   0.000503   0.000561  0.0000923  0.0001147    0.000161    0.000251
1987  11   3  47102  -0.061183   0.337483  -0.5372386   0.0022792   0.000346  -0.000426   0.001309   0.001318  0.0001438  0.0001042    0.000262    0.000324
1987  11   4  47103  -0.062067   0.339241  -0.5394819   0.0021964   0.000141  -0.000450   0.001480   0.001355  0.0001160  0.0001001    0.000322    0.000334
1987  11   5  47104  -0.062694   0.338974  -0.5415978   0.0020121   0.000027  -0.000254   0.000602   0.000569  0.0000563  0.0000725    0.000293    0.000283
1987  11   6  47105  -0.062109   0.338621  -0.5434933   0.0017526   0.000192  -0.000404   0.000328   0.000301  0.0000290  0.0000400    0.000264    0.000235
1987  11   7  47106  -0.060797   0.339270  -0.5451113   0.0014766   0.000311  -0.000631   0.000270   0.000247  0.0000236  0.0000263    0.000253    0.000218
1987  11   8  47107  -0.059632   0.340931  -0.5464701   0.0012626   0.000132  -0.000602   0.000272   0.000249  0.0000237  0.0000499    0.000254    0.000221
1987  11   9  47108  -0.058811   0.343211  -0.5476676   0.0011641  -0.000079  -0.000432   0.000703   0.000890  0.0000763  0.0000524    0.000307    0.000395
1987  11  10  47109  -0.058200   0.345598  -0.5488303   0.0011866  -0.000152  -0.000190   0.000728   0.000892  0.0000811  0.0000828    0.000297    0.000340
1987  11  11  47110  -0.057625   0.347792  -0.5500694   0.0012994   0.000113   0.000031   0.000773   0.000774  0.0000893  0.0000890    0.000265    0.000240
1987  11  12  47111  -0.057274   0.349609  -0.5514520   0.0014630   0.000371   0.000142   0.000987   0.000848  0.0000970  0.0000936    0.000247    0.000205
1987  11  13  47112  -0.057108   0.351257  -0.5530101   0.0016465   0.000458   0.000096   0.002751   0.001636  0.0000979  0.0000941    0.000247    0.000208
1987  11  14  47113  -0.056976   0.353204  -0.5547504   0.0018246   0.000406  -0.000081   0.001029   0.000978  0.0000913  0.0000946    0.000294    0.000463
1987  11  15  47114  -0.056914   0.355145  -0.5566550   0.0019728   0.000258  -0.000341   0.000698   0.000713  0.0000913  0.0000913    0.000294    0.000468
1987  11  16  47115  -0.056834   0.356693  -0.5586829   0.0020716   0.000141  -0.000571   0.001013   0.001033  0.0000913  0.0000913    0.000294    0.000468
1987  11  17  47116  -0.056460   0.357934  -0.5607771   0.0021091   0.000085  -0.000745   0.002204   0.002207  0.0000913  0.0001157    0.000295    0.000468
1987  11  18  47117  -0.055694   0.359081  -0.5628730   0.0020805   0.000114  -0.000844   0.004881   0.004645  0.0001401  0.0001201    0.000440    0.000668
1987  11  19  47118  -0.054934   0.360394  -0.5649058   0.0019862   0.000241  -0.000854   0.002337   0.002882  0.0001489  0.0001445    0.000464    0.000699
1987  11  20  47119  -0.054673   0.362028  -0.5668159   0.0018334   0.000437  -0.000789   0.001290   0.001714  0.0001489  0.0001489    0.000464    0.000699
1987  11  21  47120  -0.054521   0.363583  -0.5685561   0.0016391   0.000801  -0.000616   0.001579   0.002094  0.0001489  0.0001443    0.000464    0.000699
1987  11  22  47121  -0.054183   0.364949  -0.5700999   0.0014398   0.001083  -0.000437   0.003925   0.004194  0.0001397  0.0001254    0.000426    0.000490
1987  11  23  47122  -0.053910   0.366334  -0.5714664   0.0012924   0.001100  -0.000325   0.001296   0.000871  0.0001019  0.0001203    0.000290    0.000228
1987  11  24  47123  -0.054404   0.368050  -0.5727325   0.0012514   0.000786  -0.000316   0.001010   0.000718  0.0001009  0.0001001    0.000294    0.000241
1987  11  25  47124  -0.055965   0.370257  -0.5740184   0.0013431   0.000111  -0.000435   0.000913   0.000752  0.0000982  0.0000987    0.000304    0.000298
1987  11  26  47125  -0.057525   0.372584  -0.5754529   0.0015508  -0.000453  -0.000445   0.000888   0.000802  0.0000965  0.0000972    0.000313    0.000373
1987  11  27  47126  -0.058419   0.374654  -0.5771296   0.0018209  -0.000721  -0.000294   0.002934   0.002658  0.0000962  0.0000839    0.000315    0.000398
1987  11  28  47127  -0.058971   0.376359  -0.5790791   0.0020824  -0.000747  -0.000079   0.005918   0.005491  0.0000714  0.0000835    0.000213    0.000284
1987  11  29  47128  -0.059807   0.377723  -0.5812598   0.0022646  -0.000607   0.000106   0.000786   0.001025  0.0000707  0.0000732    0.000211    0.000281
1987  11  30  47129  -0.060857   0.378408  -0.5835649   0.0023134  -0.000416   0.000175   0.000576   0.000759  0.0000751  0.0000841    0.000224    0.000294
1987  12   1  47130  -0.061708   0.378624  -0.5858446   0.0022045  -0.000318   0.000033   0.000723   0.000977  0.0000974  0.0001041    0.000297    0.000357
1987  12   2  47131  -0.061788   0.379460  -0.5879418   0.0019679  -0.000228  -0.000101   0.001007   0.001422  0.0001331  0.0001152    0.000424    0.000432
1987  12   3  47132  -0.061120   0.381021  -0.5897643   0.0016850  -0.000127  -0.000147   0.003481   0.004151  0.0001329  0.0001091    0.000436    0.000471
1987  12   4  47133  -0.060312   0.382537  -0.5913138   0.0014381  -0.000015  -0.000129   0.001905   0.001728  0.0000851  0.0001090    0.000285    0.000826
1987  12   5  47134  -0.059635   0.383711  -0.5926584   0.0012703   0.000106  -0.000071   0.000943   0.000862  0.0000850  0.0000851    0.000285    0.000829
1987  12   6  47135  -0.058745   0.384752  -0.5938824   0.0011626   0.000399   0.000028   0.000965   0.000882  0.0000852  0.0001072    0.000285    0.000830
1987  12   7  47136  -0.057835   0.386088  -0.5950150   0.0010798   0.000628   0.000067   0.002130   0.001867  0.0001294  0.0001254    0.000353    0.001072
1987  12   8  47137  -0.057321   0.387920  -0.5960714   0.0010317   0.000617  -0.000029   0.002089   0.001595  0.0001656  0.0001306    0.000376    0.000881
1987  12   9  47138  -0.056327   0.388423  -0.5971019   0.0010645   0.000230  -0.000313   0.001546   0.001169  0.0001317  0.0001268    0.000346    0.000507
1987  12  10  47139  -0.055832   0.389556  -0.5982158   0.0012034   0.000209  -0.000442   0.000809   0.000665  0.0000880  0.0001039    0.000321    0.000292
1987  12  11  47140  -0.055448   0.391082  -0.5995146   0.0014138   0.000326  -0.000426   0.000669   0.000557  0.0000761  0.0000813    0.000315    0.000247
1987  12  12  47141  -0.054156   0.392076  -0.6010399   0.0016305   0.000319  -0.000361   0.001822   0.001343  0.0000746  0.0000787    0.000314    0.000241
1987  12  13  47142  -0.051999   0.393085  -0.6027639   0.0017961   0.000254  -0.000266   0.006521   0.002405  0.0000813  0.0000786    0.000376    0.000294
1987  12  14  47143  -0.049783   0.394919  -0.6046138   0.0018828   0.000144  -0.000188   0.001239   0.001168  0.0000825  0.0000843    0.000382    0.000300
1987  12  15  47144  -0.048055   0.396836  -0.6065064   0.0018898   0.000011  -0.000167   0.000782   0.000755  0.0000872  0.0000995    0.000380    0.000295
1987  12  16  47145  -0.046889   0.398148  -0.6083668   0.0018318  -0.000126  -0.000225   0.000969   0.000749  0.0001165  0.0001320    0.000372    0.000281
1987  12  17  47146  -0.045840   0.399026  -0.6101425   0.0017132  -0.000176  -0.000439   0.001247   0.000743  0.0001768  0.0001884    0.000368    0.000273
1987  12  18  47147  -0.044769   0.400011  -0.6117719   0.0015344  -0.000125  -0.000727   0.001090   0.000500  0.0002603  0.0002436    0.000420    0.000393
1987  12  19  47148  -0.044086   0.401354  -0.6132061   0.0013334  -0.000041  -0.000836   0.001137   0.000509  0.0003104  0.0002823    0.000479    0.000511
1987  12  20  47149  -0.044187   0.402762  -0.6144577   0.0011888   0.000016  -0.000513   0.001491   0.000808  0.0003042  0.0002470    0.000650    0.000668
1987  12  21  47150  -0.043896   0.403310  -0.6156263   0.0011738  -0.000012  -0.000285   0.001134   0.001015  0.0001836  0.0002403    0.000510    0.000494
1987  12  22  47151  -0.041048   0.403189  -0.6168590   0.0013111  -0.000121  -0.000366   0.001039   0.000638  0.0001764  0.0001378    0.000416    0.000419
1987  12  23  47152  -0.039137   0.404037  -0.6182941   0.0015665  -0.000294  -0.000514   0.000910   0.000628  0.0000920  0.0001252    0.000356    0.000330
1987  12  24  47153  -0.038311   0.405032  -0.6200120   0.0018671  -0.000429  -0.000622   0.001036   0.000879  0.0000740  0.0000823    0.000332    0.000294
1987  12  25  47154  -0.037538   0.405577  -0.6220161   0.0021317  -0.000435  -0.000645   0.002094   0.001912  0.0000727  0.0000733    0.000330    0.000291
1987  12  26  47155  -0.036584   0.406427  -0.6242373   0.0022937  -0.000345  -0.000574   0.003192   0.003233  0.0000726  0.0000762    0.000330    0.000291
1987  12  27  47156  -0.035050   0.407288  -0.6265539   0.0023161  -0.000197  -0.000411   0.005149   0.012619  0.0000797  0.0000768    0.000296    0.000257
1987  12  28  47157  -0.033044   0.407938  -0.6288235   0.0021964  -0.000043  -0.000182   0.004417   0.007317  0.0000809  0.0000803    0.000292    0.000252
1987  12  29  47158  -0.031118   0.408368  -0.6309143   0.0019618   0.000063   0.000069   0.001475   0.001509  0.0000809  0.0000809    0.000292    0.000252
1987  12  30  47159  -0.029070   0.409574  -0.6327320   0.0016640   0.000085   0.000286   0.000894   0.000887  0.0000809  0.0000809    0.000292    0.000252
1987  12  31  47160  -0.026701   0.412031  -0.6342439   0.0013789  -0.000154   0.000373   0.001122   0.001102  0.0000809  0.0000809    0.000292    0.000252
