

                   INTERNATIONAL EARTH ROTATION SERVICE
                        EARTH ROTATION PARAMETERS
                          EOP (IERS) C04

  
             FORMAT(3(I4),I7,2(F11.6),2(F12.7),2(F12.6),2(F11.6),2(F12.7),2F12.6)
**********************************************************************************
  
      Date      MJD      x          y        UT1-UTC       LOD         dX        dY        x Err     y Err   UT1-UTC Err  Lod Err     dY Err       dY Err  
                         "          "           s           s          "         "           "          "          s         s            "           "
     (0h UTC)

1974   1   1  42048   0.113500   0.230100   0.6992996   0.0028610   0.000000   0.000000   0.015000   0.015000  0.0019000  0.0007000    0.005000    0.002000
1974   1   2  42049   0.113400   0.228500   0.6964546   0.0028300   0.000000   0.000000   0.015000   0.015000  0.0019000  0.0007000    0.005000    0.002000
1974   1   3  42050   0.113200   0.226800   0.6936686   0.0027350   0.000000   0.000000   0.015000   0.015000  0.0019000  0.0007000    0.005000    0.002000
1974   1   4  42051   0.112901   0.225201   0.6909966   0.0026060   0.000000   0.000000   0.015000   0.015000  0.0019000  0.0007000    0.005000    0.002000
1974   1   5  42052   0.112601   0.223601   0.6884556   0.0024820   0.000000   0.000000   0.015000   0.015000  0.0019000  0.0007000    0.005000    0.002000
1974   1   6  42053   0.112201   0.222001   0.6860146   0.0024010   0.000000   0.000000   0.015000   0.015000  0.0019000  0.0007000    0.005000    0.002000
1974   1   7  42054   0.111802   0.220402   0.6836126   0.0024140   0.000000   0.000000   0.015000   0.015000  0.0019000  0.0007000    0.005000    0.002000
1974   1   8  42055   0.111302   0.218802   0.6811506   0.0025250   0.000000   0.000000   0.015000   0.015000  0.0019000  0.0007000    0.005000    0.002000
1974   1   9  42056   0.110702   0.217302   0.6785365   0.0027120   0.000000   0.000000   0.015000   0.015000  0.0019000  0.0007000    0.005000    0.002000
1974   1  10  42057   0.110202   0.215702   0.6757235   0.0029090   0.000000   0.000000   0.015000   0.015000  0.0019000  0.0007000    0.005000    0.002000
1974   1  11  42058   0.109503   0.214203   0.6727395   0.0030340   0.000000   0.000000   0.015000   0.015000  0.0019000  0.0007000    0.005000    0.002000
1974   1  12  42059   0.108803   0.212703   0.6696825   0.0030590   0.000000   0.000000   0.015000   0.015000  0.0019000  0.0007000    0.005000    0.002000
1974   1  13  42060   0.108103   0.211203   0.6666705   0.0029560   0.000000   0.000000   0.015000   0.015000  0.0019000  0.0007000    0.005000    0.002000
1974   1  14  42061   0.107403   0.209703   0.6638005   0.0027640   0.000000   0.000000   0.015000   0.015000  0.0019000  0.0007000    0.005000    0.002000
1974   1  15  42062   0.106604   0.208304   0.6611475   0.0025380   0.000000   0.000000   0.015000   0.015000  0.0019000  0.0007000    0.005000    0.002000
1974   1  16  42063   0.105804   0.206904   0.6587335   0.0023110   0.000000   0.000000   0.015000   0.015000  0.0019000  0.0007000    0.005000    0.002000
1974   1  17  42064   0.104904   0.205404   0.6565245   0.0021130   0.000000   0.000000   0.015000   0.015000  0.0019000  0.0007000    0.005000    0.002000
1974   1  18  42065   0.104005   0.204005   0.6544935   0.0019790   0.000000   0.000000   0.015000   0.015000  0.0019000  0.0007000    0.005000    0.002000
1974   1  19  42066   0.103105   0.202705   0.6525595   0.0018990   0.000000   0.000000   0.015000   0.015000  0.0019000  0.0007000    0.005000    0.002000
1974   1  20  42067   0.102205   0.201305   0.6506765   0.0018780   0.000000   0.000000   0.015000   0.015000  0.0019000  0.0007000    0.005000    0.002000
1974   1  21  42068   0.101305   0.200005   0.6487825   0.0019270   0.000000   0.000000   0.015000   0.015000  0.0019000  0.0007000    0.005000    0.002000
1974   1  22  42069   0.100306   0.198606   0.6468045   0.0020360   0.000000   0.000000   0.015000   0.015000  0.0019000  0.0007000    0.005000    0.002000
1974   1  23  42070   0.099406   0.197306   0.6446894   0.0021900   0.000000   0.000000   0.015000   0.015000  0.0019000  0.0007000    0.005000    0.002000
1974   1  24  42071   0.098406   0.196006   0.6424204   0.0023590   0.000000   0.000000   0.015000   0.015000  0.0019000  0.0007000    0.005000    0.002000
1974   1  25  42072   0.097506   0.194806   0.6399744   0.0025320   0.000000   0.000000   0.015000   0.015000  0.0019000  0.0007000    0.005000    0.002000
1974   1  26  42073   0.096507   0.193507   0.6373754   0.0026800   0.000000   0.000000   0.015000   0.015000  0.0019000  0.0007000    0.005000    0.002000
1974   1  27  42074   0.095607   0.192307   0.6346374   0.0028070   0.000000   0.000000   0.015000   0.015000  0.0019000  0.0007000    0.005000    0.002000
1974   1  28  42075   0.094707   0.191107   0.6317774   0.0028840   0.000000   0.000000   0.015000   0.015000  0.0019000  0.0007000    0.005000    0.002000
1974   1  29  42076   0.093808   0.190008   0.6288794   0.0028950   0.000000   0.000000   0.015000   0.015000  0.0019000  0.0007000    0.005000    0.002000
1974   1  30  42077   0.092908   0.188808   0.6260054   0.0028360   0.000000   0.000000   0.015000   0.015000  0.0019000  0.0007000    0.005000    0.002000
1974   1  31  42078   0.092008   0.187708   0.6232074   0.0027550   0.000000   0.000000   0.015000   0.015000  0.0019000  0.0007000    0.005000    0.002000
1974   2   1  42079   0.091108   0.186608   0.6205064   0.0026600   0.000000   0.000000   0.015000   0.015000  0.0019000  0.0007000    0.005000    0.002000
1974   2   2  42080   0.090309   0.185609   0.6178754   0.0025820   0.000000   0.000000   0.015000   0.015000  0.0019000  0.0007000    0.005000    0.002000
1974   2   3  42081   0.089509   0.184509   0.6153063   0.0025720   0.000000   0.000000   0.015000   0.015000  0.0019000  0.0007000    0.005000    0.002000
1974   2   4  42082   0.088709   0.183509   0.6126973   0.0026630   0.000000   0.000000   0.015000   0.015000  0.0019000  0.0007000    0.005000    0.002000
1974   2   5  42083   0.087909   0.182609   0.6099583   0.0028390   0.000000   0.000000   0.015000   0.015000  0.0019000  0.0007000    0.005000    0.002000
1974   2   6  42084   0.087110   0.181610   0.6070043   0.0030730   0.000000   0.000000   0.015000   0.015000  0.0019000  0.0007000    0.005000    0.002000
1974   2   7  42085   0.086410   0.180710   0.6038293   0.0032760   0.000000   0.000000   0.015000   0.015000  0.0019000  0.0007000    0.005000    0.002000
1974   2   8  42086   0.085710   0.179810   0.6004823   0.0033990   0.000000   0.000000   0.015000   0.015000  0.0019000  0.0007000    0.005000    0.002000
1974   2   9  42087   0.085011   0.179011   0.5970833   0.0033860   0.000000   0.000000   0.015000   0.015000  0.0019000  0.0007000    0.005000    0.002000
1974   2  10  42088   0.084311   0.178111   0.5937513   0.0032620   0.000000   0.000000   0.015000   0.015000  0.0019000  0.0007000    0.005000    0.002000
1974   2  11  42089   0.083611   0.177311   0.5905853   0.0030600   0.000000   0.000000   0.015000   0.015000  0.0019000  0.0007000    0.005000    0.002000
1974   2  12  42090   0.082911   0.176611   0.5876392   0.0028320   0.000000   0.000000   0.015000   0.015000  0.0019000  0.0007000    0.005000    0.002000
1974   2  13  42091   0.082312   0.175812   0.5849132   0.0026240   0.000000   0.000000   0.015000   0.015000  0.0019000  0.0007000    0.005000    0.002000
1974   2  14  42092   0.081612   0.175112   0.5823852   0.0024630   0.000000   0.000000   0.015000   0.015000  0.0019000  0.0007000    0.005000    0.002000
1974   2  15  42093   0.080912   0.174312   0.5799802   0.0023580   0.000000   0.000000   0.015000   0.015000  0.0019000  0.0007000    0.005000    0.002000
1974   2  16  42094   0.080212   0.173712   0.5776482   0.0023140   0.000000   0.000000   0.015000   0.015000  0.0019000  0.0007000    0.005000    0.002000
1974   2  17  42095   0.079513   0.173013   0.5753322   0.0023400   0.000000   0.000000   0.015000   0.015000  0.0019000  0.0007000    0.005000    0.002000
1974   2  18  42096   0.078813   0.172313   0.5729602   0.0024110   0.000000   0.000000   0.015000   0.015000  0.0019000  0.0007000    0.005000    0.002000
1974   2  19  42097   0.078113   0.171713   0.5704952   0.0025240   0.000000   0.000000   0.015000   0.015000  0.0019000  0.0007000    0.005000    0.002000
1974   2  20  42098   0.077414   0.171114   0.5678932   0.0026720   0.000000   0.000000   0.015000   0.015000  0.0019000  0.0007000    0.005000    0.002000
1974   2  21  42099   0.076614   0.170514   0.5651601   0.0028120   0.000000   0.000000   0.015000   0.015000  0.0019000  0.0007000    0.005000    0.002000
1974   2  22  42100   0.075914   0.169914   0.5622751   0.0029320   0.000000   0.000000   0.015000   0.015000  0.0019000  0.0007000    0.005000    0.002000
1974   2  23  42101   0.075114   0.169314   0.5592991   0.0030240   0.000000   0.000000   0.015000   0.015000  0.0019000  0.0007000    0.005000    0.002000
1974   2  24  42102   0.074215   0.168815   0.5562451   0.0030630   0.000000   0.000000   0.015000   0.015000  0.0019000  0.0007000    0.005000    0.002000
1974   2  25  42103   0.073415   0.168315   0.5531931   0.0030420   0.000000   0.000000   0.015000   0.015000  0.0019000  0.0007000    0.005000    0.002000
1974   2  26  42104   0.072515   0.167815   0.5501911   0.0029650   0.000000   0.000000   0.015000   0.015000  0.0019000  0.0007000    0.005000    0.002000
1974   2  27  42105   0.071615   0.167315   0.5472851   0.0028500   0.000000   0.000000   0.015000   0.015000  0.0019000  0.0007000    0.005000    0.002000
1974   2  28  42106   0.070616   0.166916   0.5444930   0.0027260   0.000000   0.000000   0.015000   0.015000  0.0019000  0.0007000    0.005000    0.002000
1974   3   1  42107   0.069616   0.166516   0.5418140   0.0026410   0.000000   0.000000   0.015000   0.015000  0.0019000  0.0007000    0.005000    0.002000
1974   3   2  42108   0.068616   0.166116   0.5391900   0.0026190   0.000000   0.000000   0.015000   0.015000  0.0019000  0.0007000    0.005000    0.002000
1974   3   3  42109   0.067617   0.165717   0.5365450   0.0026880   0.000000   0.000000   0.015000   0.015000  0.0019000  0.0007000    0.005000    0.002000
1974   3   4  42110   0.066517   0.165417   0.5337820   0.0028610   0.000000   0.000000   0.015000   0.015000  0.0019000  0.0007000    0.005000    0.002000
1974   3   5  42111   0.065417   0.165117   0.5308100   0.0030930   0.000000   0.000000   0.015000   0.015000  0.0019000  0.0007000    0.005000    0.002000
1974   3   6  42112   0.064217   0.164917   0.5275810   0.0033510   0.000000   0.000000   0.015000   0.015000  0.0019000  0.0007000    0.005000    0.002000
1974   3   7  42113   0.063118   0.164718   0.5241239   0.0035600   0.000000   0.000000   0.015000   0.015000  0.0019000  0.0007000    0.005000    0.002000
1974   3   8  42114   0.061918   0.164618   0.5204959   0.0036660   0.000000   0.000000   0.015000   0.015000  0.0019000  0.0007000    0.005000    0.002000
1974   3   9  42115   0.060718   0.164518   0.5168239   0.0036460   0.000000   0.000000   0.015000   0.015000  0.0019000  0.0007000    0.005000    0.002000
1974   3  10  42116   0.059519   0.164419   0.5132389   0.0035200   0.000000   0.000000   0.015000   0.015000  0.0019000  0.0007000    0.005000    0.002000
1974   3  11  42117   0.058219   0.164419   0.5098049   0.0033320   0.000000   0.000000   0.015000   0.015000  0.0019000  0.0007000    0.005000    0.002000
1974   3  12  42118   0.057019   0.164519   0.5065759   0.0031280   0.000000   0.000000   0.015000   0.015000  0.0019000  0.0007000    0.005000    0.002000
1974   3  13  42119   0.055719   0.164719   0.5035369   0.0029590   0.000000   0.000000   0.015000   0.015000  0.0019000  0.0007000    0.005000    0.002000
1974   3  14  42120   0.054520   0.164820   0.5006488   0.0028370   0.000000   0.000000   0.015000   0.015000  0.0019000  0.0007000    0.005000    0.002000
1974   3  15  42121   0.053220   0.165120   0.4978518   0.0027680   0.000000   0.000000   0.015000   0.015000  0.0019000  0.0007000    0.005000    0.002000
1974   3  16  42122   0.052020   0.165420   0.4950828   0.0027600   0.000000   0.000000   0.015000   0.015000  0.0019000  0.0007000    0.005000    0.002000
1974   3  17  42123   0.050820   0.165820   0.4923028   0.0028090   0.000000   0.000000   0.015000   0.015000  0.0019000  0.0007000    0.005000    0.002000
1974   3  18  42124   0.049621   0.166221   0.4894498   0.0028940   0.000000   0.000000   0.015000   0.015000  0.0019000  0.0007000    0.005000    0.002000
1974   3  19  42125   0.048421   0.166621   0.4865028   0.0030020   0.000000   0.000000   0.015000   0.015000  0.0019000  0.0007000    0.005000    0.002000
1974   3  20  42126   0.047321   0.167221   0.4834317   0.0031320   0.000000   0.000000   0.015000   0.015000  0.0019000  0.0007000    0.005000    0.002000
1974   3  21  42127   0.046122   0.167722   0.4802427   0.0032420   0.000000   0.000000   0.015000   0.015000  0.0019000  0.0007000    0.005000    0.002000
1974   3  22  42128   0.045022   0.168322   0.4769567   0.0033330   0.000000   0.000000   0.015000   0.015000  0.0019000  0.0007000    0.005000    0.002000
1974   3  23  42129   0.044022   0.169022   0.4736037   0.0033650   0.000000   0.000000   0.015000   0.015000  0.0019000  0.0007000    0.005000    0.002000
1974   3  24  42130   0.042922   0.169722   0.4702557   0.0033280   0.000000   0.000000   0.015000   0.015000  0.0019000  0.0007000    0.005000    0.002000
1974   3  25  42131   0.041923   0.170423   0.4669587   0.0032370   0.000000   0.000000   0.015000   0.015000  0.0019000  0.0007000    0.005000    0.002000
1974   3  26  42132   0.041023   0.171223   0.4637886   0.0030970   0.000000   0.000000   0.015000   0.015000  0.0019000  0.0007000    0.005000    0.002000
1974   3  27  42133   0.040023   0.172023   0.4607716   0.0029360   0.000000   0.000000   0.015000   0.015000  0.0019000  0.0007000    0.005000    0.002000
1974   3  28  42134   0.039223   0.172823   0.4579106   0.0027920   0.000000   0.000000   0.015000   0.015000  0.0019000  0.0007000    0.005000    0.002000
1974   3  29  42135   0.038324   0.173624   0.4551686   0.0027040   0.000000   0.000000   0.015000   0.015000  0.0019000  0.0007000    0.005000    0.002000
1974   3  30  42136   0.037524   0.174424   0.4524856   0.0026890   0.000000   0.000000   0.015000   0.015000  0.0019000  0.0007000    0.005000    0.002000
1974   3  31  42137   0.036724   0.175224   0.4497516   0.0027720   0.000000   0.000000   0.015000   0.015000  0.0019000  0.0007000    0.005000    0.002000
1974   4   1  42138   0.036025   0.176025   0.4469075   0.0029260   0.000000   0.000000   0.015000   0.015000  0.0019000  0.0007000    0.005000    0.002000
1974   4   2  42139   0.035225   0.176825   0.4438905   0.0031010   0.000000   0.000000   0.015000   0.015000  0.0019000  0.0007000    0.005000    0.002000
1974   4   3  42140   0.034625   0.177625   0.4407115   0.0032670   0.000000   0.000000   0.015000   0.015000  0.0019000  0.0007000    0.005000    0.002000
1974   4   4  42141   0.033925   0.178425   0.4373895   0.0033630   0.000000   0.000000   0.015000   0.015000  0.0019000  0.0007000    0.005000    0.002000
1974   4   5  42142   0.033326   0.179126   0.4340105   0.0033760   0.000000   0.000000   0.015000   0.015000  0.0019000  0.0007000    0.005000    0.002000
1974   4   6  42143   0.032726   0.179826   0.4306734   0.0032900   0.000000   0.000000   0.015000   0.015000  0.0019000  0.0007000    0.005000    0.002000
1974   4   7  42144   0.032126   0.180526   0.4274674   0.0031240   0.000000   0.000000   0.015000   0.015000  0.0019000  0.0007000    0.005000    0.002000
1974   4   8  42145   0.031626   0.181226   0.4244394   0.0029310   0.000000   0.000000   0.015000   0.015000  0.0019000  0.0007000    0.005000    0.002000
1974   4   9  42146   0.031127   0.181827   0.4216014   0.0027600   0.000000   0.000000   0.015000   0.015000  0.0019000  0.0007000    0.005000    0.002000
1974   4  10  42147   0.030627   0.182327   0.4189124   0.0026360   0.000000   0.000000   0.015000   0.015000  0.0019000  0.0007000    0.005000    0.002000
1974   4  11  42148   0.030127   0.182927   0.4162993   0.0025930   0.000000   0.000000   0.015000   0.015000  0.0019000  0.0007000    0.005000    0.002000
1974   4  12  42149   0.029628   0.183328   0.4137043   0.0026350   0.000000   0.000000   0.015000   0.015000  0.0019000  0.0007000    0.005000    0.002000
1974   4  13  42150   0.029128   0.183828   0.4110093   0.0027340   0.000000   0.000000   0.015000   0.015000  0.0019000  0.0007000    0.005000    0.002000
1974   4  14  42151   0.028628   0.184228   0.4082213   0.0028710   0.000000   0.000000   0.015000   0.015000  0.0019000  0.0007000    0.005000    0.002000
1974   4  15  42152   0.028228   0.184528   0.4052663   0.0030340   0.000000   0.000000   0.015000   0.015000  0.0019000  0.0007000    0.005000    0.002000
1974   4  16  42153   0.027729   0.184829   0.4021472   0.0032150   0.000000   0.000000   0.015000   0.015000  0.0019000  0.0007000    0.005000    0.002000
1974   4  17  42154   0.027229   0.185029   0.3988352   0.0034070   0.000000   0.000000   0.015000   0.015000  0.0019000  0.0007000    0.005000    0.002000
1974   4  18  42155   0.026729   0.185229   0.3953302   0.0035780   0.000000   0.000000   0.015000   0.015000  0.0019000  0.0007000    0.005000    0.002000
1974   4  19  42156   0.026229   0.185429   0.3916922   0.0036920   0.000000   0.000000   0.015000   0.015000  0.0019000  0.0007000    0.005000    0.002000
1974   4  20  42157   0.025730   0.185530   0.3879752   0.0037430   0.000000   0.000000   0.015000   0.015000  0.0019000  0.0007000    0.005000    0.002000
1974   4  21  42158   0.025130   0.185530   0.3842271   0.0037320   0.000000   0.000000   0.015000   0.015000  0.0019000  0.0007000    0.005000    0.002000
1974   4  22  42159   0.024630   0.185630   0.3805301   0.0036550   0.000000   0.000000   0.015000   0.015000  0.0019000  0.0007000    0.005000    0.002000
1974   4  23  42160   0.024031   0.185631   0.3769211   0.0035400   0.000000   0.000000   0.015000   0.015000  0.0019000  0.0007000    0.005000    0.002000
1974   4  24  42161   0.023431   0.185531   0.3734491   0.0034160   0.000000   0.000000   0.015000   0.015000  0.0019000  0.0007000    0.005000    0.002000
1974   4  25  42162   0.022831   0.185431   0.3700831   0.0033170   0.000000   0.000000   0.015000   0.015000  0.0019000  0.0007000    0.005000    0.002000
1974   4  26  42163   0.022231   0.185331   0.3667790   0.0033060   0.000000   0.000000   0.015000   0.015000  0.0019000  0.0007000    0.005000    0.002000
1974   4  27  42164   0.021532   0.185232   0.3634510   0.0033540   0.000000   0.000000   0.015000   0.015000  0.0019000  0.0007000    0.005000    0.002000
1974   4  28  42165   0.020832   0.185032   0.3600470   0.0034730   0.000000   0.000000   0.015000   0.015000  0.0019000  0.0007000    0.005000    0.002000
1974   4  29  42166   0.020132   0.184932   0.3564940   0.0036360   0.000000   0.000000   0.015000   0.015000  0.0019000  0.0007000    0.005000    0.002000
1974   4  30  42167   0.019432   0.184732   0.3527799   0.0037760   0.000000   0.000000   0.015000   0.015000  0.0019000  0.0007000    0.005000    0.002000
1974   5   1  42168   0.018633   0.184533   0.3489619   0.0038600   0.000000   0.000000   0.015000   0.015000  0.0019000  0.0007000    0.005000    0.002000
1974   5   2  42169   0.017833   0.184333   0.3450979   0.0038520   0.000000   0.000000   0.015000   0.015000  0.0019000  0.0007000    0.005000    0.002000
1974   5   3  42170   0.017033   0.184033   0.3412889   0.0037520   0.000000   0.000000   0.015000   0.015000  0.0019000  0.0007000    0.005000    0.002000
1974   5   4  42171   0.016234   0.183834   0.3376118   0.0035830   0.000000   0.000000   0.015000   0.015000  0.0019000  0.0007000    0.005000    0.002000
1974   5   5  42172   0.015334   0.183634   0.3341398   0.0033560   0.000000   0.000000   0.015000   0.015000  0.0019000  0.0007000    0.005000    0.002000
1974   5   6  42173   0.014434   0.183434   0.3309008   0.0031320   0.000000   0.000000   0.015000   0.015000  0.0019000  0.0007000    0.005000    0.002000
1974   5   7  42174   0.013534   0.183134   0.3278758   0.0029280   0.000000   0.000000   0.015000   0.015000  0.0019000  0.0007000    0.005000    0.002000
1974   5   8  42175   0.012635   0.182935   0.3250278   0.0027870   0.000000   0.000000   0.015000   0.015000  0.0019000  0.0007000    0.005000    0.002000
1974   5   9  42176   0.011735   0.182735   0.3222797   0.0027110   0.000000   0.000000   0.015000   0.015000  0.0019000  0.0007000    0.005000    0.002000
1974   5  10  42177   0.010735   0.182535   0.3195767   0.0026940   0.000000   0.000000   0.015000   0.015000  0.0019000  0.0007000    0.005000    0.002000
1974   5  11  42178   0.009835   0.182335   0.3168647   0.0027380   0.000000   0.000000   0.015000   0.015000  0.0019000  0.0007000    0.005000    0.002000
1974   5  12  42179   0.008836   0.182136   0.3140887   0.0028180   0.000000   0.000000   0.015000   0.015000  0.0019000  0.0007000    0.005000    0.002000
1974   5  13  42180   0.007936   0.181936   0.3112306   0.0029200   0.000000   0.000000   0.015000   0.015000  0.0019000  0.0007000    0.005000    0.002000
1974   5  14  42181   0.006936   0.181836   0.3082576   0.0030250   0.000000   0.000000   0.015000   0.015000  0.0019000  0.0007000    0.005000    0.002000
1974   5  15  42182   0.006037   0.181637   0.3051746   0.0031180   0.000000   0.000000   0.015000   0.015000  0.0019000  0.0007000    0.005000    0.002000
1974   5  16  42183   0.005037   0.181537   0.3020226   0.0031910   0.000000   0.000000   0.015000   0.015000  0.0019000  0.0007000    0.005000    0.002000
1974   5  17  42184   0.004137   0.181337   0.2988155   0.0032220   0.000000   0.000000   0.015000   0.015000  0.0019000  0.0007000    0.005000    0.002000
1974   5  18  42185   0.003237   0.181237   0.2955945   0.0032000   0.000000   0.000000   0.015000   0.015000  0.0019000  0.0007000    0.005000    0.002000
1974   5  19  42186   0.002238   0.181138   0.2924235   0.0031230   0.000000   0.000000   0.015000   0.015000  0.0019000  0.0007000    0.005000    0.002000
1974   5  20  42187   0.001338   0.181138   0.2893645   0.0030010   0.000000   0.000000   0.015000   0.015000  0.0019000  0.0007000    0.005000    0.002000
1974   5  21  42188   0.000538   0.181038   0.2864374   0.0028620   0.000000   0.000000   0.015000   0.015000  0.0019000  0.0007000    0.005000    0.002000
1974   5  22  42189  -0.000362   0.181038   0.2836404   0.0027490   0.000000   0.000000   0.015000   0.015000  0.0019000  0.0007000    0.005000    0.002000
1974   5  23  42190  -0.001161   0.180939   0.2809174   0.0027040   0.000000   0.000000   0.015000   0.015000  0.0019000  0.0007000    0.005000    0.002000
1974   5  24  42191  -0.001961   0.181039   0.2782024   0.0027510   0.000000   0.000000   0.015000   0.015000  0.0019000  0.0007000    0.005000    0.002000
1974   5  25  42192  -0.002761   0.181039   0.2753953   0.0028720   0.000000   0.000000   0.015000   0.015000  0.0019000  0.0007000    0.005000    0.002000
1974   5  26  42193  -0.003560   0.181040   0.2724443   0.0030360   0.000000   0.000000   0.015000   0.015000  0.0019000  0.0007000    0.005000    0.002000
1974   5  27  42194  -0.004260   0.181140   0.2693293   0.0031880   0.000000   0.000000   0.015000   0.015000  0.0019000  0.0007000    0.005000    0.002000
1974   5  28  42195  -0.004960   0.181240   0.2660873   0.0032820   0.000000   0.000000   0.015000   0.015000  0.0019000  0.0007000    0.005000    0.002000
1974   5  29  42196  -0.005560   0.181340   0.2628032   0.0032800   0.000000   0.000000   0.015000   0.015000  0.0019000  0.0007000    0.005000    0.002000
1974   5  30  42197  -0.006159   0.181541   0.2595572   0.0031900   0.000000   0.000000   0.015000   0.015000  0.0019000  0.0007000    0.005000    0.002000
1974   5  31  42198  -0.006759   0.181741   0.2564382   0.0030290   0.000000   0.000000   0.015000   0.015000  0.0019000  0.0007000    0.005000    0.002000
1974   6   1  42199  -0.007259   0.181941   0.2535041   0.0028240   0.000000   0.000000   0.015000   0.015000  0.0019000  0.0007000    0.005000    0.002000
1974   6   2  42200  -0.007659   0.182141   0.2507921   0.0025980   0.000000   0.000000   0.015000   0.015000  0.0019000  0.0007000    0.005000    0.002000
1974   6   3  42201  -0.008058   0.182442   0.2482901   0.0024020   0.000000   0.000000   0.015000   0.015000  0.0019000  0.0007000    0.005000    0.002000
1974   6   4  42202  -0.008358   0.182742   0.2459831   0.0022300   0.000000   0.000000   0.015000   0.015000  0.0019000  0.0007000    0.005000    0.002000
1974   6   5  42203  -0.008658   0.183042   0.2438000   0.0021280   0.000000   0.000000   0.015000   0.015000  0.0019000  0.0007000    0.005000    0.002000
1974   6   6  42204  -0.008857   0.183343   0.2416970   0.0020870   0.000000   0.000000   0.015000   0.015000  0.0019000  0.0007000    0.005000    0.002000
1974   6   7  42205  -0.008957   0.183743   0.2396180   0.0020890   0.000000   0.000000   0.015000   0.015000  0.0019000  0.0007000    0.005000    0.002000
1974   6   8  42206  -0.009057   0.184043   0.2375059   0.0021410   0.000000   0.000000   0.015000   0.015000  0.0019000  0.0007000    0.005000    0.002000
1974   6   9  42207  -0.009057   0.184543   0.2353279   0.0022160   0.000000   0.000000   0.015000   0.015000  0.0019000  0.0007000    0.005000    0.002000
1974   6  10  42208  -0.008956   0.184944   0.2330809   0.0022870   0.000000   0.000000   0.015000   0.015000  0.0019000  0.0007000    0.005000    0.002000
1974   6  11  42209  -0.008756   0.185344   0.2307459   0.0023680   0.000000   0.000000   0.015000   0.015000  0.0019000  0.0007000    0.005000    0.002000
1974   6  12  42210  -0.008456   0.185844   0.2283538   0.0024130   0.000000   0.000000   0.015000   0.015000  0.0019000  0.0007000    0.005000    0.002000
1974   6  13  42211  -0.008155   0.186345   0.2259228   0.0024420   0.000000   0.000000   0.015000   0.015000  0.0019000  0.0007000    0.005000    0.002000
1974   6  14  42212  -0.007755   0.186845   0.2234948   0.0024160   0.000000   0.000000   0.015000   0.015000  0.0019000  0.0007000    0.005000    0.002000
1974   6  15  42213  -0.007255   0.187345   0.2211077   0.0023520   0.000000   0.000000   0.015000   0.015000  0.0019000  0.0007000    0.005000    0.002000
1974   6  16  42214  -0.006755   0.187945   0.2188057   0.0022540   0.000000   0.000000   0.015000   0.015000  0.0019000  0.0007000    0.005000    0.002000
1974   6  17  42215  -0.006054   0.188446   0.2166087   0.0021300   0.000000   0.000000   0.015000   0.015000  0.0019000  0.0007000    0.005000    0.002000
1974   6  18  42216  -0.005454   0.189046   0.2145437   0.0020130   0.000000   0.000000   0.015000   0.015000  0.0019000  0.0007000    0.005000    0.002000
1974   6  19  42217  -0.004654   0.189646   0.2125746   0.0019480   0.000000   0.000000   0.015000   0.015000  0.0019000  0.0007000    0.005000    0.002000
1974   6  20  42218  -0.003854   0.190246   0.2106296   0.0019690   0.000000   0.000000   0.015000   0.015000  0.0019000  0.0007000    0.005000    0.002000
1974   6  21  42219  -0.002953   0.190847   0.2086146   0.0020850   0.000000   0.000000   0.015000   0.015000  0.0019000  0.0007000    0.005000    0.002000
1974   6  22  42220  -0.002353   0.191447   0.2064465   0.0022590   0.000000   0.000000   0.015000   0.015000  0.0019000  0.0007000    0.005000    0.002000
1974   6  23  42221  -0.001753   0.192147   0.2040845   0.0024610   0.000000   0.000000   0.015000   0.015000  0.0019000  0.0007000    0.005000    0.002000
1974   6  24  42222  -0.001052   0.192848   0.2015525   0.0025980   0.000000   0.000000   0.015000   0.015000  0.0019000  0.0007000    0.005000    0.002000
1974   6  25  42223  -0.000352   0.193448   0.1989214   0.0026370   0.000000   0.000000   0.015000   0.015000  0.0019000  0.0007000    0.005000    0.002000
1974   6  26  42224   0.000248   0.194148   0.1963144   0.0025690   0.000000   0.000000   0.015000   0.015000  0.0019000  0.0007000    0.005000    0.002000
1974   6  27  42225   0.000948   0.194848   0.1938204   0.0024170   0.000000   0.000000   0.015000   0.015000  0.0019000  0.0007000    0.005000    0.002000
1974   6  28  42226   0.001549   0.195549   0.1914954   0.0022190   0.000000   0.000000   0.015000   0.015000  0.0019000  0.0007000    0.005000    0.002000
1974   6  29  42227   0.002149   0.196349   0.1893763   0.0020230   0.000000   0.000000   0.015000   0.015000  0.0019000  0.0007000    0.005000    0.002000
1974   6  30  42228   0.002749   0.197049   0.1874433   0.0018380   0.000000   0.000000   0.015000   0.015000  0.0019000  0.0007000    0.005000    0.002000
1974   7   1  42229   0.003349   0.197749   0.1856753   0.0017060   0.000000   0.000000   0.015000   0.015000  0.0019000  0.0007000    0.005000    0.002000
1974   7   2  42230   0.003850   0.198450   0.1840222   0.0016290   0.000000   0.000000   0.015000   0.015000  0.0019000  0.0007000    0.005000    0.002000
1974   7   3  42231   0.004250   0.199250   0.1824082   0.0016110   0.000000   0.000000   0.015000   0.015000  0.0019000  0.0007000    0.005000    0.002000
1974   7   4  42232   0.004650   0.199950   0.1807812   0.0016500   0.000000   0.000000   0.015000   0.015000  0.0019000  0.0007000    0.005000    0.002000
1974   7   5  42233   0.005051   0.200751   0.1790921   0.0017340   0.000000   0.000000   0.015000   0.015000  0.0019000  0.0007000    0.005000    0.002000
1974   7   6  42234   0.005351   0.201451   0.1772941   0.0018550   0.000000   0.000000   0.015000   0.015000  0.0019000  0.0007000    0.005000    0.002000
1974   7   7  42235   0.005751   0.202151   0.1753791   0.0019750   0.000000   0.000000   0.015000   0.015000  0.0019000  0.0007000    0.005000    0.002000
1974   7   8  42236   0.006151   0.202951   0.1733370   0.0020860   0.000000   0.000000   0.015000   0.015000  0.0019000  0.0007000    0.005000    0.002000
1974   7   9  42237   0.006552   0.203652   0.1712050   0.0021720   0.000000   0.000000   0.015000   0.015000  0.0019000  0.0007000    0.005000    0.002000
1974   7  10  42238   0.006952   0.204352   0.1689940   0.0022230   0.000000   0.000000   0.015000   0.015000  0.0019000  0.0007000    0.005000    0.002000
1974   7  11  42239   0.007352   0.204952   0.1667629   0.0022330   0.000000   0.000000   0.015000   0.015000  0.0019000  0.0007000    0.005000    0.002000
1974   7  12  42240   0.007652   0.205552   0.1645529   0.0021790   0.000000   0.000000   0.015000   0.015000  0.0019000  0.0007000    0.005000    0.002000
1974   7  13  42241   0.007953   0.206153   0.1624069   0.0020960   0.000000   0.000000   0.015000   0.015000  0.0019000  0.0007000    0.005000    0.002000
1974   7  14  42242   0.008153   0.206653   0.1603698   0.0019750   0.000000   0.000000   0.015000   0.015000  0.0019000  0.0007000    0.005000    0.002000
1974   7  15  42243   0.008253   0.207053   0.1584568   0.0018520   0.000000   0.000000   0.015000   0.015000  0.0019000  0.0007000    0.005000    0.002000
1974   7  16  42244   0.008354   0.207354   0.1566548   0.0017610   0.000000   0.000000   0.015000   0.015000  0.0019000  0.0007000    0.005000    0.002000
1974   7  17  42245   0.008454   0.207654   0.1549207   0.0017320   0.000000   0.000000   0.015000   0.015000  0.0019000  0.0007000    0.005000    0.002000
1974   7  18  42246   0.008554   0.207854   0.1531587   0.0018090   0.000000   0.000000   0.015000   0.015000  0.0019000  0.0007000    0.005000    0.002000
1974   7  19  42247   0.008554   0.207954   0.1512627   0.0019740   0.000000   0.000000   0.015000   0.015000  0.0019000  0.0007000    0.005000    0.002000
1974   7  20  42248   0.008555   0.207955   0.1491866   0.0021820   0.000000   0.000000   0.015000   0.015000  0.0019000  0.0007000    0.005000    0.002000
1974   7  21  42249   0.008555   0.207955   0.1469086   0.0023630   0.000000   0.000000   0.015000   0.015000  0.0019000  0.0007000    0.005000    0.002000
1974   7  22  42250   0.008555   0.207955   0.1445006   0.0024440   0.000000   0.000000   0.015000   0.015000  0.0019000  0.0007000    0.005000    0.002000
1974   7  23  42251   0.008555   0.207955   0.1420525   0.0024290   0.000000   0.000000   0.015000   0.015000  0.0019000  0.0007000    0.005000    0.002000
1974   7  24  42252   0.008556   0.207956   0.1396895   0.0023000   0.000000   0.000000   0.015000   0.015000  0.0019000  0.0007000    0.005000    0.002000
1974   7  25  42253   0.008556   0.207956   0.1374875   0.0020980   0.000000   0.000000   0.015000   0.015000  0.0019000  0.0007000    0.005000    0.002000
1974   7  26  42254   0.008556   0.207956   0.1354914   0.0018950   0.000000   0.000000   0.015000   0.015000  0.0019000  0.0007000    0.005000    0.002000
1974   7  27  42255   0.008557   0.207957   0.1336894   0.0017140   0.000000   0.000000   0.015000   0.015000  0.0019000  0.0007000    0.005000    0.002000
1974   7  28  42256   0.008557   0.207957   0.1320374   0.0015910   0.000000   0.000000   0.015000   0.015000  0.0019000  0.0007000    0.005000    0.002000
1974   7  29  42257   0.008557   0.207957   0.1304983   0.0015160   0.000000   0.000000   0.015000   0.015000  0.0019000  0.0007000    0.005000    0.002000
1974   7  30  42258   0.008557   0.207957   0.1289843   0.0015110   0.000000   0.000000   0.015000   0.015000  0.0019000  0.0007000    0.005000    0.002000
1974   7  31  42259   0.008558   0.207958   0.1274463   0.0015740   0.000000   0.000000   0.015000   0.015000  0.0019000  0.0007000    0.005000    0.002000
1974   8   1  42260   0.008558   0.207958   0.1258212   0.0016840   0.000000   0.000000   0.015000   0.015000  0.0019000  0.0007000    0.005000    0.002000
1974   8   2  42261   0.008558   0.207958   0.1240662   0.0018190   0.000000   0.000000   0.015000   0.015000  0.0019000  0.0007000    0.005000    0.002000
1974   8   3  42262   0.008558   0.207958   0.1221691   0.0019780   0.000000   0.000000   0.015000   0.015000  0.0019000  0.0007000    0.005000    0.002000
1974   8   4  42263   0.008559   0.207959   0.1201121   0.0021320   0.000000   0.000000   0.015000   0.015000  0.0019000  0.0007000    0.005000    0.002000
1974   8   5  42264   0.008559   0.207959   0.1179211   0.0022640   0.000000   0.000000   0.015000   0.015000  0.0019000  0.0007000    0.005000    0.002000
1974   8   6  42265   0.008559   0.207959   0.1156060   0.0023500   0.000000   0.000000   0.015000   0.015000  0.0019000  0.0007000    0.005000    0.002000
1974   8   7  42266   0.008560   0.207960   0.1132360   0.0023940   0.000000   0.000000   0.015000   0.015000  0.0019000  0.0007000    0.005000    0.002000
1974   8   8  42267   0.008560   0.207960   0.1108320   0.0024040   0.000000   0.000000   0.015000   0.015000  0.0019000  0.0007000    0.005000    0.002000
1974   8   9  42268   0.008560   0.207960   0.1084499   0.0023550   0.000000   0.000000   0.015000   0.015000  0.0019000  0.0007000    0.005000    0.002000
1974   8  10  42269   0.008560   0.207960   0.1061209   0.0022790   0.000000   0.000000   0.015000   0.015000  0.0019000  0.0007000    0.005000    0.002000
1974   8  11  42270   0.008561   0.207961   0.1038849   0.0021850   0.000000   0.000000   0.015000   0.015000  0.0019000  0.0007000    0.005000    0.002000
1974   8  12  42271   0.008561   0.207961   0.1017428   0.0021140   0.000000   0.000000   0.015000   0.015000  0.0019000  0.0007000    0.005000    0.002000
1974   8  13  42272   0.008561   0.207961   0.0996378   0.0020980   0.000000   0.000000   0.015000   0.015000  0.0019000  0.0007000    0.005000    0.002000
1974   8  14  42273   0.008561   0.207961   0.0975187   0.0021570   0.000000   0.000000   0.015000   0.015000  0.0019000  0.0007000    0.005000    0.002000
1974   8  15  42274   0.008562   0.207962   0.0952837   0.0023190   0.000000   0.000000   0.015000   0.015000  0.0019000  0.0007000    0.005000    0.002000
1974   8  16  42275   0.008562   0.207962   0.0928577   0.0025410   0.000000   0.000000   0.015000   0.015000  0.0019000  0.0007000    0.005000    0.002000
1974   8  17  42276   0.008562   0.207962   0.0901956   0.0027780   0.000000   0.000000   0.015000   0.015000  0.0019000  0.0007000    0.005000    0.002000
1974   8  18  42277   0.008563   0.207963   0.0873206   0.0029580   0.000000   0.000000   0.015000   0.015000  0.0019000  0.0007000    0.005000    0.002000
1974   8  19  42278   0.008563   0.207963   0.0843186   0.0030240   0.000000   0.000000   0.015000   0.015000  0.0019000  0.0007000    0.005000    0.002000
1974   8  20  42279   0.008563   0.207963   0.0813185   0.0029550   0.000000   0.000000   0.015000   0.015000  0.0019000  0.0007000    0.005000    0.002000
1974   8  21  42280   0.008563   0.207963   0.0784555   0.0027660   0.000000   0.000000   0.015000   0.015000  0.0019000  0.0007000    0.005000    0.002000
1974   8  22  42281   0.008564   0.207964   0.0757954   0.0025310   0.000000   0.000000   0.015000   0.015000  0.0019000  0.0007000    0.005000    0.002000
1974   8  23  42282   0.008564   0.207964   0.0733834   0.0022990   0.000000   0.000000   0.015000   0.015000  0.0019000  0.0007000    0.005000    0.002000
1974   8  24  42283   0.008564   0.207964   0.0711914   0.0021020   0.000000   0.000000   0.015000   0.015000  0.0019000  0.0007000    0.005000    0.002000
1974   8  25  42284   0.008564   0.207964   0.0691553   0.0019800   0.000000   0.000000   0.015000   0.015000  0.0019000  0.0007000    0.005000    0.002000
1974   8  26  42285   0.008565   0.207965   0.0672103   0.0019220   0.000000   0.000000   0.015000   0.015000  0.0019000  0.0007000    0.005000    0.002000
1974   8  27  42286   0.008565   0.207965   0.0653002   0.0019150   0.000000   0.000000   0.015000   0.015000  0.0019000  0.0007000    0.005000    0.002000
1974   8  28  42287   0.008565   0.207965   0.0633632   0.0019590   0.000000   0.000000   0.015000   0.015000  0.0019000  0.0007000    0.005000    0.002000
1974   8  29  42288   0.008566   0.207966   0.0613692   0.0020420   0.000000   0.000000   0.015000   0.015000  0.0019000  0.0007000    0.005000    0.002000
1974   8  30  42289   0.008566   0.207966   0.0592811   0.0021470   0.000000   0.000000   0.015000   0.015000  0.0019000  0.0007000    0.005000    0.002000
1974   8  31  42290   0.008566   0.207966   0.0570851   0.0022540   0.000000   0.000000   0.015000   0.015000  0.0019000  0.0007000    0.005000    0.002000
1974   9   1  42291   0.008566   0.207966   0.0547800   0.0023530   0.000000   0.000000   0.015000   0.015000  0.0019000  0.0007000    0.005000    0.002000
1974   9   2  42292   0.008567   0.207967   0.0523900   0.0024200   0.000000   0.000000   0.015000   0.015000  0.0019000  0.0007000    0.005000    0.002000
1974   9   3  42293   0.008567   0.207967   0.0499540   0.0024440   0.000000   0.000000   0.015000   0.015000  0.0019000  0.0007000    0.005000    0.002000
1974   9   4  42294   0.008567   0.207967   0.0475079   0.0024320   0.000000   0.000000   0.015000   0.015000  0.0019000  0.0007000    0.005000    0.002000
1974   9   5  42295   0.008568   0.207968   0.0451049   0.0023770   0.000000   0.000000   0.015000   0.015000  0.0019000  0.0007000    0.005000    0.002000
1974   9   6  42296   0.008568   0.207968   0.0427638   0.0023000   0.000000   0.000000   0.015000   0.015000  0.0019000  0.0007000    0.005000    0.002000
1974   9   7  42297   0.008568   0.207968   0.0404998   0.0022210   0.000000   0.000000   0.015000   0.015000  0.0019000  0.0007000    0.005000    0.002000
1974   9   8  42298   0.008568   0.207968   0.0383178   0.0021470   0.000000   0.000000   0.015000   0.015000  0.0019000  0.0007000    0.005000    0.002000
1974   9   9  42299   0.008569   0.207969   0.0361907   0.0021290   0.000000   0.000000   0.015000   0.015000  0.0019000  0.0007000    0.005000    0.002000
1974   9  10  42300   0.008569   0.208069   0.0340367   0.0021830   0.000000   0.000000   0.015000   0.015000  0.0019000  0.0007000    0.005000    0.002000
1974   9  11  42301   0.008569   0.208169   0.0317856   0.0023330   0.000000   0.000000   0.015000   0.015000  0.0019000  0.0007000    0.005000    0.002000
1974   9  12  42302   0.008569   0.208269   0.0293446   0.0025510   0.000000   0.000000   0.015000   0.015000  0.0019000  0.0007000    0.005000    0.002000
1974   9  13  42303   0.008370   0.208370   0.0266595   0.0028210   0.000000   0.000000   0.015000   0.015000  0.0019000  0.0007000    0.005000    0.002000
1974   9  14  42304   0.008170   0.208470   0.0237165   0.0030660   0.000000   0.000000   0.015000   0.015000  0.0019000  0.0007000    0.005000    0.002000
1974   9  15  42305   0.008070   0.208670   0.0205535   0.0032430   0.000000   0.000000   0.015000   0.015000  0.0019000  0.0007000    0.005000    0.002000
1974   9  16  42306   0.007871   0.208771   0.0172814   0.0032780   0.000000   0.000000   0.015000   0.015000  0.0019000  0.0007000    0.005000    0.002000
1974   9  17  42307   0.007671   0.208971   0.0140394   0.0031860   0.000000   0.000000   0.015000   0.015000  0.0019000  0.0007000    0.005000    0.002000
1974   9  18  42308   0.007471   0.209271   0.0109303   0.0030020   0.000000   0.000000   0.015000   0.015000  0.0019000  0.0007000    0.005000    0.002000
1974   9  19  42309   0.007271   0.209671   0.0080373   0.0027730   0.000000   0.000000   0.015000   0.015000  0.0019000  0.0007000    0.005000    0.002000
1974   9  20  42310   0.006972   0.210272   0.0053663   0.0025670   0.000000   0.000000   0.015000   0.015000  0.0019000  0.0007000    0.005000    0.002000
1974   9  21  42311   0.006672   0.210872   0.0028842   0.0024190   0.000000   0.000000   0.015000   0.015000  0.0019000  0.0007000    0.005000    0.002000
1974   9  22  42312   0.006272   0.211472   0.0005042   0.0023430   0.000000   0.000000   0.015000   0.015000  0.0019000  0.0007000    0.005000    0.002000
1974   9  23  42313   0.005872   0.212172  -0.0018249   0.0023230   0.000000   0.000000   0.015000   0.015000  0.0019000  0.0007000    0.005000    0.002000
1974   9  24  42314   0.005473   0.212973  -0.0041619   0.0023590   0.000000   0.000000   0.015000   0.015000  0.0019000  0.0007000    0.005000    0.002000
1974   9  25  42315   0.004973   0.213673  -0.0065560   0.0024360   0.000000   0.000000   0.015000   0.015000  0.0019000  0.0007000    0.005000    0.002000
1974   9  26  42316   0.004373   0.214473  -0.0090430   0.0025410   0.000000   0.000000   0.015000   0.015000  0.0019000  0.0007000    0.005000    0.002000
1974   9  27  42317   0.003874   0.215374  -0.0116520   0.0026660   0.000000   0.000000   0.015000   0.015000  0.0019000  0.0007000    0.005000    0.002000
1974   9  28  42318   0.003274   0.216174  -0.0143611   0.0027710   0.000000   0.000000   0.015000   0.015000  0.0019000  0.0007000    0.005000    0.002000
1974   9  29  42319   0.002574   0.217074  -0.0171851   0.0028600   0.000000   0.000000   0.015000   0.015000  0.0019000  0.0007000    0.005000    0.002000
1974   9  30  42320   0.001974   0.217874  -0.0200792   0.0029200   0.000000   0.000000   0.015000   0.015000  0.0019000  0.0007000    0.005000    0.002000
1974  10   1  42321   0.001275   0.218775  -0.0230102   0.0029230   0.000000   0.000000   0.015000   0.015000  0.0019000  0.0007000    0.005000    0.002000
1974  10   2  42322   0.000575   0.219675  -0.0259203   0.0028910   0.000000   0.000000   0.015000   0.015000  0.0019000  0.0007000    0.005000    0.002000
1974  10   3  42323  -0.000225   0.220575  -0.0287783   0.0028200   0.000000   0.000000   0.015000   0.015000  0.0019000  0.0007000    0.005000    0.002000
1974  10   4  42324  -0.000925   0.221475  -0.0315524   0.0027380   0.000000   0.000000   0.015000   0.015000  0.0019000  0.0007000    0.005000    0.002000
1974  10   5  42325  -0.001724   0.222276  -0.0342454   0.0026520   0.000000   0.000000   0.015000   0.015000  0.0019000  0.0007000    0.005000    0.002000
1974  10   6  42326  -0.002524   0.223176  -0.0368794   0.0026130   0.000000   0.000000   0.015000   0.015000  0.0019000  0.0007000    0.005000    0.002000
1974  10   7  42327  -0.003324   0.224076  -0.0395055   0.0026400   0.000000   0.000000   0.015000   0.015000  0.0019000  0.0007000    0.005000    0.002000
1974  10   8  42328  -0.004123   0.224877  -0.0421955   0.0027450   0.000000   0.000000   0.015000   0.015000  0.0019000  0.0007000    0.005000    0.002000
1974  10   9  42329  -0.004923   0.225777  -0.0450186   0.0029240   0.000000   0.000000   0.015000   0.015000  0.0019000  0.0007000    0.005000    0.002000
1974  10  10  42330  -0.005723   0.226577  -0.0480596   0.0031530   0.000000   0.000000   0.015000   0.015000  0.0019000  0.0007000    0.005000    0.002000
1974  10  11  42331  -0.006523   0.227377  -0.0513377   0.0033890   0.000000   0.000000   0.015000   0.015000  0.0019000  0.0007000    0.005000    0.002000
1974  10  12  42332  -0.007322   0.228178  -0.0548127   0.0035700   0.000000   0.000000   0.015000   0.015000  0.0019000  0.0007000    0.005000    0.002000
1974  10  13  42333  -0.008122   0.228978  -0.0584388   0.0036620   0.000000   0.000000   0.015000   0.015000  0.0019000  0.0007000    0.005000    0.002000
1974  10  14  42334  -0.008922   0.229778  -0.0620988   0.0036310   0.000000   0.000000   0.015000   0.015000  0.0019000  0.0007000    0.005000    0.002000
1974  10  15  42335  -0.009622   0.230478  -0.0656749   0.0035060   0.000000   0.000000   0.015000   0.015000  0.0019000  0.0007000    0.005000    0.002000
1974  10  16  42336  -0.010421   0.231179  -0.0690799   0.0032970   0.000000   0.000000   0.015000   0.015000  0.0019000  0.0007000    0.005000    0.002000
1974  10  17  42337  -0.011121   0.231979  -0.0722760   0.0030780   0.000000   0.000000   0.015000   0.015000  0.0019000  0.0007000    0.005000    0.002000
1974  10  18  42338  -0.011921   0.232679  -0.0752600   0.0028970   0.000000   0.000000   0.015000   0.015000  0.0019000  0.0007000    0.005000    0.002000
1974  10  19  42339  -0.012620   0.233380  -0.0780840   0.0027620   0.000000   0.000000   0.015000   0.015000  0.0019000  0.0007000    0.005000    0.002000
1974  10  20  42340  -0.013320   0.233980  -0.0808081   0.0026980   0.000000   0.000000   0.015000   0.015000  0.0019000  0.0007000    0.005000    0.002000
1974  10  21  42341  -0.014020   0.234680  -0.0835001   0.0026950   0.000000   0.000000   0.015000   0.015000  0.0019000  0.0007000    0.005000    0.002000
1974  10  22  42342  -0.014720   0.235280  -0.0862032   0.0027370   0.000000   0.000000   0.015000   0.015000  0.0019000  0.0007000    0.005000    0.002000
1974  10  23  42343  -0.015419   0.235981  -0.0889742   0.0028000   0.000000   0.000000   0.015000   0.015000  0.0019000  0.0007000    0.005000    0.002000
1974  10  24  42344  -0.016019   0.236581  -0.0918073   0.0028780   0.000000   0.000000   0.015000   0.015000  0.0019000  0.0007000    0.005000    0.002000
1974  10  25  42345  -0.016719   0.237181  -0.0947193   0.0029530   0.000000   0.000000   0.015000   0.015000  0.0019000  0.0007000    0.005000    0.002000
1974  10  26  42346  -0.017319   0.237781  -0.0977084   0.0030200   0.000000   0.000000   0.015000   0.015000  0.0019000  0.0007000    0.005000    0.002000
1974  10  27  42347  -0.017918   0.238382  -0.1007384   0.0030540   0.000000   0.000000   0.015000   0.015000  0.0019000  0.0007000    0.005000    0.002000
1974  10  28  42348  -0.018618   0.238982  -0.1038015   0.0030560   0.000000   0.000000   0.015000   0.015000  0.0019000  0.0007000    0.005000    0.002000
1974  10  29  42349  -0.019218   0.239482  -0.1068355   0.0030130   0.000000   0.000000   0.015000   0.015000  0.0019000  0.0007000    0.005000    0.002000
1974  10  30  42350  -0.019817   0.240083  -0.1098146   0.0029390   0.000000   0.000000   0.015000   0.015000  0.0019000  0.0007000    0.005000    0.002000
1974  10  31  42351  -0.020417   0.240583  -0.1127036   0.0028360   0.000000   0.000000   0.015000   0.015000  0.0019000  0.0007000    0.005000    0.002000
1974  11   1  42352  -0.021017   0.241183  -0.1154847   0.0027370   0.000000   0.000000   0.015000   0.015000  0.0019000  0.0007000    0.005000    0.002000
1974  11   2  42353  -0.021617   0.241683  -0.1181767   0.0026640   0.000000   0.000000   0.015000   0.015000  0.0019000  0.0007000    0.005000    0.002000
1974  11   3  42354  -0.022116   0.242184  -0.1208208   0.0026480   0.000000   0.000000   0.015000   0.015000  0.0019000  0.0007000    0.005000    0.002000
1974  11   4  42355  -0.022716   0.242684  -0.1235068   0.0027280   0.000000   0.000000   0.015000   0.015000  0.0019000  0.0007000    0.005000    0.002000
1974  11   5  42356  -0.023316   0.243184  -0.1263019   0.0028720   0.000000   0.000000   0.015000   0.015000  0.0019000  0.0007000    0.005000    0.002000
1974  11   6  42357  -0.023916   0.243684  -0.1292669   0.0030660   0.000000   0.000000   0.015000   0.015000  0.0019000  0.0007000    0.005000    0.002000
1974  11   7  42358  -0.024415   0.244085  -0.1324360   0.0032700   0.000000   0.000000   0.015000   0.015000  0.0019000  0.0007000    0.005000    0.002000
1974  11   8  42359  -0.025015   0.244585  -0.1357960   0.0034410   0.000000   0.000000   0.015000   0.015000  0.0019000  0.0007000    0.005000    0.002000
1974  11   9  42360  -0.025615   0.244985  -0.1392951   0.0035420   0.000000   0.000000   0.015000   0.015000  0.0019000  0.0007000    0.005000    0.002000
1974  11  10  42361  -0.026114   0.245486  -0.1428491   0.0035530   0.000000   0.000000   0.015000   0.015000  0.0019000  0.0007000    0.005000    0.002000
1974  11  11  42362  -0.026714   0.245886  -0.1463692   0.0034620   0.000000   0.000000   0.015000   0.015000  0.0019000  0.0007000    0.005000    0.002000
1974  11  12  42363  -0.027214   0.246286  -0.1497512   0.0033030   0.000000   0.000000   0.015000   0.015000  0.0019000  0.0007000    0.005000    0.002000
1974  11  13  42364  -0.027814   0.246686  -0.1529563   0.0031160   0.000000   0.000000   0.015000   0.015000  0.0019000  0.0007000    0.005000    0.002000
1974  11  14  42365  -0.028313   0.247087  -0.1559773   0.0029330   0.000000   0.000000   0.015000   0.015000  0.0019000  0.0007000    0.005000    0.002000
1974  11  15  42366  -0.028913   0.247487  -0.1588394   0.0028000   0.000000   0.000000   0.015000   0.015000  0.0019000  0.0007000    0.005000    0.002000
1974  11  16  42367  -0.029413   0.247787  -0.1616104   0.0027450   0.000000   0.000000   0.015000   0.015000  0.0019000  0.0007000    0.005000    0.002000
1974  11  17  42368  -0.029913   0.248187  -0.1643505   0.0027440   0.000000   0.000000   0.015000   0.015000  0.0019000  0.0007000    0.005000    0.002000
1974  11  18  42369  -0.030512   0.248488  -0.1671155   0.0027940   0.000000   0.000000   0.015000   0.015000  0.0019000  0.0007000    0.005000    0.002000
1974  11  19  42370  -0.031012   0.248888  -0.1699486   0.0028780   0.000000   0.000000   0.015000   0.015000  0.0019000  0.0007000    0.005000    0.002000
1974  11  20  42371  -0.031512   0.249188  -0.1728766   0.0029780   0.000000   0.000000   0.015000   0.015000  0.0019000  0.0007000    0.005000    0.002000
1974  11  21  42372  -0.032111   0.249489  -0.1758967   0.0030810   0.000000   0.000000   0.015000   0.015000  0.0019000  0.0007000    0.005000    0.002000
1974  11  22  42373  -0.032611   0.249889  -0.1790237   0.0031590   0.000000   0.000000   0.015000   0.015000  0.0019000  0.0007000    0.005000    0.002000
1974  11  23  42374  -0.033111   0.250189  -0.1822158   0.0032210   0.000000   0.000000   0.015000   0.015000  0.0019000  0.0007000    0.005000    0.002000
1974  11  24  42375  -0.033611   0.250489  -0.1854418   0.0032360   0.000000   0.000000   0.015000   0.015000  0.0019000  0.0007000    0.005000    0.002000
1974  11  25  42376  -0.034210   0.250790  -0.1886739   0.0032110   0.000000   0.000000   0.015000   0.015000  0.0019000  0.0007000    0.005000    0.002000
1974  11  26  42377  -0.034710   0.251190  -0.1918609   0.0031470   0.000000   0.000000   0.015000   0.015000  0.0019000  0.0007000    0.005000    0.002000
1974  11  27  42378  -0.035210   0.251490  -0.1949570   0.0030510   0.000000   0.000000   0.015000   0.015000  0.0019000  0.0007000    0.005000    0.002000
1974  11  28  42379  -0.035709   0.251791  -0.1979490   0.0029310   0.000000   0.000000   0.015000   0.015000  0.0019000  0.0007000    0.005000    0.002000
1974  11  29  42380  -0.036209   0.252191  -0.2008341   0.0028330   0.000000   0.000000   0.015000   0.015000  0.0019000  0.0007000    0.005000    0.002000
1974  11  30  42381  -0.036709   0.252491  -0.2036301   0.0027710   0.000000   0.000000   0.015000   0.015000  0.0019000  0.0007000    0.005000    0.002000
1974  12   1  42382  -0.037109   0.252891  -0.2063892   0.0027810   0.000000   0.000000   0.015000   0.015000  0.0019000  0.0007000    0.005000    0.002000
1974  12   2  42383  -0.037608   0.253192  -0.2092102   0.0028610   0.000000   0.000000   0.015000   0.015000  0.0019000  0.0007000    0.005000    0.002000
1974  12   3  42384  -0.038108   0.253592  -0.2121423   0.0030100   0.000000   0.000000   0.015000   0.015000  0.0019000  0.0007000    0.005000    0.002000
1974  12   4  42385  -0.038508   0.253992  -0.2152243   0.0031740   0.000000   0.000000   0.015000   0.015000  0.0019000  0.0007000    0.005000    0.002000
1974  12   5  42386  -0.038908   0.254392  -0.2184684   0.0032940   0.000000   0.000000   0.015000   0.015000  0.0019000  0.0007000    0.005000    0.002000
1974  12   6  42387  -0.039407   0.254693  -0.2217974   0.0033510   0.000000   0.000000   0.015000   0.015000  0.0019000  0.0007000    0.005000    0.002000
1974  12   7  42388  -0.039807   0.255193  -0.2251495   0.0033280   0.000000   0.000000   0.015000   0.015000  0.0019000  0.0007000    0.005000    0.002000
1974  12   8  42389  -0.040207   0.255593  -0.2284266   0.0032230   0.000000   0.000000   0.015000   0.015000  0.0019000  0.0007000    0.005000    0.002000
1974  12   9  42390  -0.040606   0.255994  -0.2315746   0.0030570   0.000000   0.000000   0.015000   0.015000  0.0019000  0.0007000    0.005000    0.002000
1974  12  10  42391  -0.041006   0.256394  -0.2345297   0.0028620   0.000000   0.000000   0.015000   0.015000  0.0019000  0.0007000    0.005000    0.002000
1974  12  11  42392  -0.041406   0.256894  -0.2373027   0.0026750   0.000000   0.000000   0.015000   0.015000  0.0019000  0.0007000    0.005000    0.002000
1974  12  12  42393  -0.041806   0.257294  -0.2399048   0.0025270   0.000000   0.000000   0.015000   0.015000  0.0019000  0.0007000    0.005000    0.002000
1974  12  13  42394  -0.042205   0.257795  -0.2423758   0.0024360   0.000000   0.000000   0.015000   0.015000  0.0019000  0.0007000    0.005000    0.002000
1974  12  14  42395  -0.042505   0.258195  -0.2447979   0.0024090   0.000000   0.000000   0.015000   0.015000  0.0019000  0.0007000    0.005000    0.002000
1974  12  15  42396  -0.042905   0.258695  -0.2472219   0.0024380   0.000000   0.000000   0.015000   0.015000  0.0019000  0.0007000    0.005000    0.002000
1974  12  16  42397  -0.043305   0.259195  -0.2496960   0.0025060   0.000000   0.000000   0.015000   0.015000  0.0019000  0.0007000    0.005000    0.002000
1974  12  17  42398  -0.043604   0.259696  -0.2522410   0.0025940   0.000000   0.000000   0.015000   0.015000  0.0019000  0.0007000    0.005000    0.002000
1974  12  18  42399  -0.044004   0.260196  -0.2548761   0.0026750   0.000000   0.000000   0.015000   0.015000  0.0019000  0.0007000    0.005000    0.002000
1974  12  19  42400  -0.044404   0.260796  -0.2575871   0.0027540   0.000000   0.000000   0.015000   0.015000  0.0019000  0.0007000    0.005000    0.002000
1974  12  20  42401  -0.044703   0.261297  -0.2603752   0.0027980   0.000000   0.000000   0.015000   0.015000  0.0019000  0.0007000    0.005000    0.002000
1974  12  21  42402  -0.045103   0.261897  -0.2631833   0.0028200   0.000000   0.000000   0.015000   0.015000  0.0019000  0.0007000    0.005000    0.002000
1974  12  22  42403  -0.045403   0.262497  -0.2660033   0.0028050   0.000000   0.000000   0.015000   0.015000  0.0019000  0.0007000    0.005000    0.002000
1974  12  23  42404  -0.045803   0.262997  -0.2687794   0.0027440   0.000000   0.000000   0.015000   0.015000  0.0019000  0.0007000    0.005000    0.002000
1974  12  24  42405  -0.046102   0.263598  -0.2714904   0.0026630   0.000000   0.000000   0.015000   0.015000  0.0019000  0.0007000    0.005000    0.002000
1974  12  25  42406  -0.046502   0.264298  -0.2740985   0.0025640   0.000000   0.000000   0.015000   0.015000  0.0019000  0.0007000    0.005000    0.002000
1974  12  26  42407  -0.046802   0.264898  -0.2766195   0.0024690   0.000000   0.000000   0.015000   0.015000  0.0019000  0.0007000    0.005000    0.002000
1974  12  27  42408  -0.047202   0.265498  -0.2790476   0.0024060   0.000000   0.000000   0.015000   0.015000  0.0019000  0.0007000    0.005000    0.002000
1974  12  28  42409  -0.047501   0.266199  -0.2814426   0.0023970   0.000000   0.000000   0.015000   0.015000  0.0019000  0.0007000    0.005000    0.002000
1974  12  29  42410  -0.047801   0.266799  -0.2838697   0.0024800   0.000000   0.000000   0.015000   0.015000  0.0019000  0.0007000    0.005000    0.002000
1974  12  30  42411  -0.048101   0.267499  -0.2864298   0.0026390   0.000000   0.000000   0.015000   0.015000  0.0019000  0.0007000    0.005000    0.002000
1974  12  31  42412  -0.048400   0.268200  -0.2891688   0.0028430   0.000000   0.000000   0.015000   0.015000  0.0019000  0.0007000    0.005000    0.002000
