

                   INTERNATIONAL EARTH ROTATION SERVICE
                        EARTH ROTATION PARAMETERS
                          EOP (IERS) C04

  
             FORMAT(3(I4),I7,2(F11.6),2(F12.7),2(F12.6),2(F11.6),2(F12.7),2F12.6)
**********************************************************************************
  
      Date      MJD      x          y        UT1-UTC       LOD         dX        dY        x Err     y Err   UT1-UTC Err  Lod Err     dY Err       dY Err  
                         "          "           s           s          "         "           "          "          s         s            "           "
     (0h UTC)

1998   1   1  50814   0.102450   0.174726   0.2181573   0.0015107   0.000143  -0.000122   0.000063   0.000101  0.0000082  0.0000098    0.000051    0.000029
1998   1   2  50815   0.100163   0.173809   0.2166120   0.0016770   0.000164  -0.000255   0.000118   0.000140  0.0000118  0.0000096    0.000051    0.000029
1998   1   3  50816   0.097677   0.173086   0.2148485   0.0018493   0.000154  -0.000310   0.000133   0.000157  0.0001293  0.0000099    0.000051    0.000029
1998   1   4  50817   0.095221   0.172569   0.2128650   0.0019997   0.000125  -0.000296   0.000139   0.000356  0.0001376  0.0000124    0.000082    0.000067
1998   1   5  50818   0.092825   0.172204   0.2107552   0.0020712   0.000095  -0.000233   0.000115   0.000404  0.0000864  0.0000130    0.000083    0.000069
1998   1   6  50819   0.090487   0.171728   0.2086860   0.0020280   0.000079  -0.000149   0.000130   0.000285  0.0000285  0.0000105    0.000083    0.000069
1998   1   7  50820   0.088021   0.171185   0.2067329   0.0019157   0.000089  -0.000069   0.000128   0.000216  0.0000141  0.0000108    0.000083    0.000069
1998   1   8  50821   0.085226   0.170478   0.2048701   0.0017624   0.000153  -0.000032   0.000132   0.000231  0.0000181  0.0000139    0.000083    0.000069
1998   1   9  50822   0.082308   0.169725   0.2031720   0.0015828   0.000232  -0.000025   0.000132   0.000389  0.0000662  0.0000146    0.000083    0.000069
1998   1  10  50823   0.079205   0.169038   0.2016741   0.0014537   0.000293  -0.000027   0.000111   0.000510  0.0001228  0.0000118    0.000084    0.000069
1998   1  11  50824   0.076093   0.168539   0.2002787   0.0014189   0.000313  -0.000027   0.000067   0.000243  0.0000673  0.0000117    0.000096    0.000066
1998   1  12  50825   0.072792   0.168274   0.1988985   0.0014345   0.000279  -0.000012   0.000061   0.000151  0.0000094  0.0000123    0.000094    0.000065
1998   1  13  50826   0.069373   0.168092   0.1974683   0.0014772   0.000191   0.000026   0.000068   0.000090  0.0000067  0.0000128    0.000081    0.000057
1998   1  14  50827   0.066504   0.167876   0.1959590   0.0015577   0.000059   0.000086   0.000052   0.000072  0.0000073  0.0000132    0.000061    0.000044
1998   1  15  50828   0.063655   0.167710   0.1943527   0.0016315  -0.000053   0.000139   0.000056   0.000086  0.0000107  0.0000132    0.000054    0.000039
1998   1  16  50829   0.060380   0.167562   0.1926901   0.0016713  -0.000114   0.000169   0.000064   0.000091  0.0000387  0.0000132    0.000053    0.000038
1998   1  17  50830   0.056997   0.167452   0.1910024   0.0016977  -0.000123   0.000175   0.000057   0.000096  0.0000732  0.0000133    0.000053    0.000038
1998   1  18  50831   0.054044   0.167610   0.1892766   0.0017309  -0.000091   0.000159   0.000071   0.000174  0.0000746  0.0000164    0.000076    0.000050
1998   1  19  50832   0.051246   0.167974   0.1875305   0.0017671  -0.000039   0.000128   0.000119   0.000269  0.0000647  0.0000183    0.000077    0.000050
1998   1  20  50833   0.048088   0.168285   0.1857875   0.0017708   0.000007   0.000093   0.000151   0.000301  0.0000222  0.0000186    0.000077    0.000050
1998   1  21  50834   0.044702   0.168289   0.1840530   0.0017227   0.000029   0.000065   0.000128   0.000231  0.0000110  0.0000178    0.000077    0.000050
1998   1  22  50835   0.041230   0.167966   0.1823226   0.0016791  -0.000041   0.000065   0.000131   0.000250  0.0000144  0.0000142    0.000077    0.000050
1998   1  23  50836   0.037889   0.167590   0.1806159   0.0016862  -0.000142   0.000080   0.000163   0.000373  0.0000540  0.0000138    0.000077    0.000050
1998   1  24  50837   0.034671   0.167294   0.1789261   0.0017030  -0.000224   0.000093   0.000156   0.000471  0.0000974  0.0000138    0.000079    0.000051
1998   1  25  50838   0.031509   0.166888   0.1772266   0.0017086  -0.000257   0.000095   0.000145   0.000393  0.0000623  0.0000134    0.000110    0.000071
1998   1  26  50839   0.028509   0.166639   0.1755289   0.0017334  -0.000222   0.000077   0.000141   0.000251  0.0000143  0.0000126    0.000110    0.000071
1998   1  27  50840   0.025746   0.166909   0.1737729   0.0018170  -0.000118   0.000035   0.000123   0.000164  0.0000105  0.0000121    0.000107    0.000069
1998   1  28  50841   0.023179   0.167359   0.1718602   0.0019848   0.000049  -0.000025   0.000113   0.000142  0.0000100  0.0000125    0.000099    0.000064
1998   1  29  50842   0.020479   0.168015   0.1697397   0.0022222   0.000177  -0.000117   0.000113   0.000154  0.0000112  0.0000128    0.000087    0.000065
1998   1  30  50843   0.017390   0.168588   0.1673820   0.0024306   0.000235  -0.000215   0.000137   0.000194  0.0000172  0.0000123    0.000077    0.000069
1998   1  31  50844   0.014146   0.169056   0.1648555   0.0025347   0.000203  -0.000225   0.000194   0.000239  0.0000288  0.0000117    0.000076    0.000070
1998   2   1  50845   0.010971   0.169696   0.1623406   0.0025549   0.000120  -0.000181   0.000131   0.000254  0.0000726  0.0000111    0.000105    0.000086
1998   2   2  50846   0.007771   0.170313   0.1598082   0.0025365   0.000025  -0.000102   0.000101   0.000232  0.0000560  0.0000108    0.000268    0.000122
1998   2   3  50847   0.004574   0.171115   0.1572769   0.0024865  -0.000038  -0.000015   0.000125   0.000221  0.0000320  0.0000108    0.000172    0.000100
1998   2   4  50848   0.001294   0.171973   0.1548213   0.0024026  -0.000025   0.000042   0.000172   0.000207  0.0000196  0.0000108    0.000104    0.000071
1998   2   5  50849  -0.002026   0.172730   0.1524647   0.0023140  -0.000014   0.000114   0.000139   0.000226  0.0000204  0.0000108    0.000135    0.000094
1998   2   6  50850  -0.004997   0.173438   0.1501805   0.0022010  -0.000012   0.000182   0.000121   0.000291  0.0000543  0.0000108    0.000296    0.000196
1998   2   7  50851  -0.007595   0.174225   0.1480546   0.0021046  -0.000018   0.000224   0.000127   0.000305  0.0000926  0.0000112    0.000472    0.000287
1998   2   8  50852  -0.010033   0.174849   0.1460173   0.0020608  -0.000026   0.000225   0.000134   0.000308  0.0000525  0.0000122    0.000031    0.000022
1998   2   9  50853  -0.012468   0.175190   0.1439878   0.0020187  -0.000028   0.000179   0.000096   0.000177  0.0000106  0.0000161    0.000030    0.000022
1998   2  10  50854  -0.015041   0.175473   0.1419805   0.0019635  -0.000017   0.000090   0.000063   0.000107  0.0000103  0.0000170    0.000032    0.000023
1998   2  11  50855  -0.017910   0.175521   0.1400458   0.0019316   0.000006  -0.000046   0.000078   0.000133  0.0000134  0.0000168    0.000047    0.000033
1998   2  12  50856  -0.020763   0.175790   0.1381439   0.0019560   0.000074  -0.000072   0.000124   0.000232  0.0000130  0.0000155    0.000077    0.000052
1998   2  13  50857  -0.023099   0.176319   0.1361608   0.0019811   0.000163   0.000006   0.000123   0.000230  0.0000133  0.0000124    0.000086    0.000066
1998   2  14  50858  -0.025104   0.176938   0.1341435   0.0019840   0.000157   0.000057   0.000154   0.000275  0.0000218  0.0000126    0.000086    0.000067
1998   2  15  50859  -0.026896   0.177554   0.1321689   0.0019832   0.000100   0.000095   0.000231   0.000282  0.0000462  0.0000168    0.000086    0.000067
1998   2  16  50860  -0.028625   0.178606   0.1302062   0.0019679   0.000018   0.000109   0.000279   0.000273  0.0000732  0.0000269    0.000068    0.000040
1998   2  17  50861  -0.030329   0.179947   0.1282215   0.0019194  -0.000055   0.000089   0.000152   0.000245  0.0000338  0.0000162    0.000067    0.000040
1998   2  18  50862  -0.032136   0.181357   0.1263015   0.0018406  -0.000088   0.000038   0.000104   0.000187  0.0000176  0.0000123    0.000067    0.000040
1998   2  19  50863  -0.034719   0.182741   0.1245430   0.0017890   0.000007  -0.000033   0.000106   0.000201  0.0000190  0.0000117    0.000067    0.000040
1998   2  20  50864  -0.038014   0.184026   0.1227697   0.0017844   0.000166  -0.000106   0.000139   0.000253  0.0000553  0.0000111    0.000067    0.000040
1998   2  21  50865  -0.041377   0.185192   0.1209265   0.0018008   0.000321  -0.000162   0.000130   0.000257  0.0000810  0.0000111    0.000070    0.000042
1998   2  22  50866  -0.044759   0.186155   0.1191238   0.0018355   0.000426  -0.000186   0.000113   0.000312  0.0001002  0.0000139    0.000225    0.000195
1998   2  23  50867  -0.047973   0.186969   0.1172511   0.0019090   0.000441  -0.000169   0.000112   0.000302  0.0000809  0.0000140    0.000178    0.000131
1998   2  24  50868  -0.050829   0.187894   0.1152914   0.0020368   0.000347  -0.000113   0.000099   0.000247  0.0000230  0.0000114    0.000093    0.000059
1998   2  25  50869  -0.053521   0.188661   0.1131804   0.0021936   0.000145  -0.000027   0.000078   0.000163  0.0000105  0.0000117    0.000051    0.000032
1998   2  26  50870  -0.055842   0.189395   0.1108809   0.0023387  -0.000072   0.000051   0.000087   0.000166  0.0000117  0.0000123    0.000043    0.000026
1998   2  27  50871  -0.057503   0.190387   0.1084828   0.0024953  -0.000248   0.000100   0.000136   0.000250  0.0000364  0.0000162    0.000042    0.000026
1998   2  28  50872  -0.058608   0.191710   0.1059654   0.0026393  -0.000357   0.000116   0.000144   0.000269  0.0001038  0.0000272    0.000042    0.000026
1998   3   1  50873  -0.059467   0.193369   0.1032862   0.0026735  -0.000383   0.000104   0.000103   0.000198  0.0001761  0.0000169    0.000058    0.000041
1998   3   2  50874  -0.060489   0.195195   0.1006357   0.0025953  -0.000332   0.000073   0.000099   0.000110  0.0000551  0.0000126    0.000059    0.000042
1998   3   3  50875  -0.061939   0.196992   0.0981249   0.0024370  -0.000225   0.000034   0.000102   0.000103  0.0000240  0.0000124    0.000059    0.000042
1998   3   4  50876  -0.063547   0.198738   0.0957921   0.0022446  -0.000093   0.000003   0.000071   0.000098  0.0000125  0.0000156    0.000059    0.000042
1998   3   5  50877  -0.065205   0.200658   0.0936224   0.0020854  -0.000004   0.000007   0.000068   0.000085  0.0000156  0.0000162    0.000059    0.000042
1998   3   6  50878  -0.066837   0.202591   0.0915834   0.0019776   0.000047   0.000032   0.000082   0.000111  0.0000475  0.0000136    0.000059    0.000042
1998   3   7  50879  -0.068410   0.204494   0.0896490   0.0018995   0.000065   0.000061   0.000094   0.000190  0.0001109  0.0000169    0.000059    0.000042
1998   3   8  50880  -0.070040   0.206570   0.0877938   0.0018398   0.000053   0.000086   0.000093   0.000194  0.0000995  0.0000170    0.000056    0.000040
1998   3   9  50881  -0.071680   0.208654   0.0859674   0.0018258   0.000024   0.000095   0.000109   0.000173  0.0000099  0.0000136    0.000056    0.000040
1998   3  10  50882  -0.073262   0.210743   0.0841028   0.0018851  -0.000006   0.000084   0.000102   0.000175  0.0000097  0.0000135    0.000056    0.000041
1998   3  11  50883  -0.074828   0.212780   0.0821498   0.0019920  -0.000027   0.000053   0.000078   0.000141  0.0000088  0.0000137    0.000058    0.000042
1998   3  12  50884  -0.076105   0.214670   0.0800967   0.0020869  -0.000028   0.000005   0.000085   0.000115  0.0000071  0.0000135    0.000067    0.000048
1998   3  13  50885  -0.077166   0.216737   0.0779806   0.0021324  -0.000017  -0.000040   0.000101   0.000126  0.0000065  0.0000135    0.000075    0.000055
1998   3  14  50886  -0.078404   0.218885   0.0758456   0.0021289   0.000001  -0.000070   0.000119   0.000152  0.0000184  0.0000138    0.000077    0.000057
1998   3  15  50887  -0.080183   0.221412   0.0737232   0.0021048   0.000020  -0.000083   0.000113   0.000144  0.0000410  0.0000142    0.000078    0.000057
1998   3  16  50888  -0.082413   0.223501   0.0716344   0.0020629   0.000038  -0.000080   0.000086   0.000129  0.0000395  0.0000175    0.000089    0.000055
1998   3  17  50889  -0.084759   0.224987   0.0696165   0.0019949   0.000050  -0.000063   0.000079   0.000131  0.0000182  0.0000164    0.000089    0.000055
1998   3  18  50890  -0.086963   0.226525   0.0676827   0.0019107   0.000055  -0.000039   0.000072   0.000163  0.0000184  0.0000130    0.000089    0.000055
1998   3  19  50891  -0.088892   0.228051   0.0658364   0.0018219   0.000058  -0.000025   0.000071   0.000155  0.0000258  0.0000128    0.000089    0.000055
1998   3  20  50892  -0.090740   0.229926   0.0640511   0.0017648   0.000059  -0.000016   0.000077   0.000127  0.0000828  0.0000121    0.000089    0.000055
1998   3  21  50893  -0.092750   0.231844   0.0623006   0.0017493   0.000060  -0.000006   0.000075   0.000118  0.0001126  0.0000111    0.000094    0.000056
1998   3  22  50894  -0.094846   0.233174   0.0605518   0.0017775   0.000063   0.000003   0.000062   0.000089  0.0000886  0.0000105    0.000126    0.000061
1998   3  23  50895  -0.096642   0.234244   0.0587342   0.0018501   0.000072   0.000012   0.000054   0.000078  0.0000246  0.0000102    0.000123    0.000060
1998   3  24  50896  -0.098031   0.235553   0.0568216   0.0019772   0.000086   0.000021   0.000052   0.000091  0.0000142  0.0000102    0.000100    0.000050
1998   3  25  50897  -0.099347   0.237234   0.0547670   0.0021810   0.000106   0.000029   0.000050   0.000100  0.0000088  0.0000102    0.000071    0.000036
1998   3  26  50898  -0.100809   0.238804   0.0524604   0.0024107   0.000124   0.000005   0.000050   0.000082  0.0000096  0.0000102    0.000077    0.000046
1998   3  27  50899  -0.102366   0.240518   0.0499239   0.0025571   0.000144  -0.000035   0.000056   0.000083  0.0000159  0.0000105    0.000091    0.000077
1998   3  28  50900  -0.104065   0.242648   0.0473170   0.0025870   0.000165  -0.000082   0.000063   0.000101  0.0000533  0.0000104    0.000095    0.000096
1998   3  29  50901  -0.105882   0.245125   0.0447573   0.0025346   0.000177  -0.000132   0.000076   0.000147  0.0000673  0.0000102    0.000096    0.000100
1998   3  30  50902  -0.107650   0.247609   0.0422541   0.0024080   0.000172  -0.000183   0.000097   0.000257  0.0000850  0.0000130    0.000116    0.000085
1998   3  31  50903  -0.109002   0.249890   0.0399442   0.0022396   0.000145  -0.000231   0.000099   0.000236  0.0000526  0.0000207    0.000116    0.000085
1998   4   1  50904  -0.109855   0.252166   0.0378235   0.0020725   0.000095  -0.000271   0.000097   0.000200  0.0000293  0.0000128    0.000117    0.000086
1998   4   2  50905  -0.110462   0.254662   0.0358419   0.0019282   0.000024  -0.000300   0.000102   0.000208  0.0000294  0.0000095    0.000144    0.000107
1998   4   3  50906  -0.111028   0.257172   0.0339722   0.0018289  -0.000046  -0.000310   0.000128   0.000241  0.0000955  0.0000090    0.000248    0.000197
1998   4   4  50907  -0.111805   0.259476   0.0321147   0.0018022  -0.000097  -0.000302   0.000125   0.000249  0.0000790  0.0000087    0.000271    0.000220
1998   4   5  50908  -0.112795   0.261583   0.0303057   0.0018251  -0.000116  -0.000270   0.000098   0.000303  0.0000488  0.0000084    0.000267    0.000214
1998   4   6  50909  -0.113620   0.263643   0.0284812   0.0018529  -0.000095  -0.000212   0.000096   0.000321  0.0000355  0.0000086    0.000063    0.000037
1998   4   7  50910  -0.113987   0.265949   0.0266107   0.0018919  -0.000034  -0.000131   0.000100   0.000273  0.0000088  0.0000108    0.000063    0.000037
1998   4   8  50911  -0.114014   0.268371   0.0246880   0.0019403   0.000057  -0.000034   0.000104   0.000188  0.0000088  0.0000109    0.000065    0.000038
1998   4   9  50912  -0.113865   0.271079   0.0227327   0.0019609   0.000162   0.000067   0.000086   0.000166  0.0000097  0.0000089    0.000072    0.000043
1998   4  10  50913  -0.113707   0.273998   0.0207749   0.0019630   0.000251   0.000144   0.000102   0.000214  0.0000143  0.0000089    0.000079    0.000049
1998   4  11  50914  -0.113587   0.276964   0.0188320   0.0019740   0.000302   0.000179   0.000165   0.000228  0.0000449  0.0000086    0.000081    0.000050
1998   4  12  50915  -0.113621   0.279784   0.0168947   0.0019663   0.000301   0.000165   0.000091   0.000133  0.0000616  0.0000081    0.000102    0.000055
1998   4  13  50916  -0.113994   0.282474   0.0149481   0.0019086   0.000249   0.000104   0.000069   0.000109  0.0000181  0.0000078    0.000102    0.000055
1998   4  14  50917  -0.114515   0.285197   0.0130494   0.0018365   0.000155   0.000008   0.000066   0.000139  0.0000143  0.0000080    0.000094    0.000053
1998   4  15  50918  -0.114834   0.287700   0.0112559   0.0017689   0.000015  -0.000130   0.000061   0.000136  0.0000119  0.0000100    0.000066    0.000042
1998   4  16  50919  -0.114871   0.290260   0.0095193   0.0016965   0.000042  -0.000104   0.000046   0.000079  0.0000079  0.0000105    0.000043    0.000030
1998   4  17  50920  -0.114550   0.292908   0.0078545   0.0016529   0.000115  -0.000055   0.000048   0.000077  0.0000093  0.0000106    0.000036    0.000026
1998   4  18  50921  -0.113994   0.295784   0.0061955   0.0016680   0.000143  -0.000076   0.000070   0.000096  0.0000301  0.0000106    0.000035    0.000025
1998   4  19  50922  -0.113687   0.298787   0.0044752   0.0017363   0.000142  -0.000118   0.000094   0.000123  0.0000832  0.0000083    0.000173    0.000113
1998   4  20  50923  -0.113660   0.301539   0.0027037   0.0018452   0.000116  -0.000152   0.000166   0.000189  0.0000736  0.0000078    0.000449    0.000220
1998   4  21  50924  -0.113669   0.304248   0.0007941   0.0019999   0.000071  -0.000149   0.000119   0.000203  0.0000258  0.0000078    0.000147    0.000106
1998   4  22  50925  -0.113732   0.306932  -0.0013038   0.0021846   0.000028  -0.000077   0.000091   0.000159  0.0000119  0.0000077    0.000074    0.000056
1998   4  23  50926  -0.113704   0.309838  -0.0035771   0.0023761  -0.000025   0.000015   0.000081   0.000120  0.0000078  0.0000094    0.000074    0.000053
1998   4  24  50927  -0.113628   0.312717  -0.0060398   0.0025347  -0.000072   0.000095   0.000099   0.000144  0.0000098  0.0000099    0.000084    0.000056
1998   4  25  50928  -0.113432   0.315143  -0.0086223   0.0025785  -0.000106   0.000142   0.000174   0.000233  0.0000336  0.0000080    0.000086    0.000056
1998   4  26  50929  -0.113098   0.317283  -0.0111682   0.0024780  -0.000124   0.000151   0.000131   0.000251  0.0001316  0.0000078    0.000087    0.000056
1998   4  27  50930  -0.112808   0.319359  -0.0135316   0.0022778  -0.000130   0.000122   0.000127   0.000243  0.0001077  0.0000074    0.000097    0.000052
1998   4  28  50931  -0.112791   0.321592  -0.0157080   0.0020534  -0.000126   0.000067   0.000167   0.000217  0.0000343  0.0000069    0.000097    0.000052
1998   4  29  50932  -0.113024   0.323929  -0.0176734   0.0018821  -0.000115   0.000001   0.000111   0.000182  0.0000176  0.0000067    0.000097    0.000052
1998   4  30  50933  -0.113246   0.326183  -0.0194899   0.0018062  -0.000123  -0.000052   0.000116   0.000220  0.0000185  0.0000069    0.000097    0.000052
1998   5   1  50934  -0.113393   0.328278  -0.0213182   0.0017973  -0.000128  -0.000082   0.000203   0.000323  0.0000416  0.0000075    0.000097    0.000052
1998   5   2  50935  -0.113476   0.330319  -0.0231797   0.0017993  -0.000118  -0.000087   0.000214   0.000357  0.0000625  0.0000080    0.000100    0.000055
1998   5   3  50936  -0.113638   0.332317  -0.0249889   0.0017804  -0.000088  -0.000067   0.000123   0.000438  0.0000150  0.0000084    0.000118    0.000084
1998   5   4  50937  -0.113930   0.334343  -0.0267158   0.0017586  -0.000043  -0.000030   0.000097   0.000252  0.0000138  0.0000084    0.000116    0.000082
1998   5   5  50938  -0.114171   0.336612  -0.0284301   0.0017762   0.000010   0.000009   0.000110   0.000202  0.0000132  0.0000087    0.000101    0.000073
1998   5   6  50939  -0.114415   0.339073  -0.0302088   0.0018179   0.000082   0.000044   0.000093   0.000174  0.0000098  0.0000090    0.000076    0.000056
1998   5   7  50940  -0.114528   0.341308  -0.0320517   0.0018474   0.000018   0.000024   0.000076   0.000157  0.0000068  0.0000092    0.000078    0.000063
1998   5   8  50941  -0.114413   0.343477  -0.0339052   0.0018394  -0.000078  -0.000031   0.000085   0.000195  0.0000081  0.0000093    0.000085    0.000077
1998   5   9  50942  -0.114205   0.345610  -0.0357320   0.0018061  -0.000132  -0.000098   0.000096   0.000252  0.0000294  0.0000093    0.000086    0.000081
1998   5  10  50943  -0.113900   0.347593  -0.0375163   0.0017531  -0.000145  -0.000159   0.000124   0.000210  0.0000665  0.0000096    0.000085    0.000079
1998   5  11  50944  -0.113410   0.349659  -0.0392361   0.0016707  -0.000113  -0.000195   0.000189   0.000176  0.0000581  0.0000099    0.000060    0.000049
1998   5  12  50945  -0.112858   0.351907  -0.0408588   0.0015851  -0.000043  -0.000192   0.000115   0.000160  0.0000303  0.0000102    0.000060    0.000049
1998   5  13  50946  -0.112390   0.353925  -0.0423776   0.0014996   0.000046  -0.000144   0.000091   0.000140  0.0000162  0.0000102    0.000060    0.000049
1998   5  14  50947  -0.111960   0.356070  -0.0438357   0.0014241   0.000103  -0.000034   0.000111   0.000145  0.0000203  0.0000099    0.000060    0.000049
1998   5  15  50948  -0.111486   0.358147  -0.0452422   0.0014074   0.000134   0.000097   0.000116   0.000162  0.0000523  0.0000096    0.000060    0.000049
1998   5  16  50949  -0.111014   0.359882  -0.0466603   0.0014840   0.000144   0.000210   0.000099   0.000173  0.0000923  0.0000093    0.000060    0.000049
1998   5  17  50950  -0.110685   0.361575  -0.0482137   0.0016246   0.000134   0.000273   0.000111   0.000199  0.0001316  0.0000090    0.000060    0.000037
1998   5  18  50951  -0.110395   0.363326  -0.0499362   0.0018005   0.000112   0.000263   0.000136   0.000212  0.0000728  0.0000086    0.000060    0.000037
1998   5  19  50952  -0.110138   0.365201  -0.0518505   0.0019986   0.000086   0.000176   0.000109   0.000203  0.0000215  0.0000081    0.000060    0.000037
1998   5  20  50953  -0.109997   0.367291  -0.0539522   0.0021701   0.000065   0.000023   0.000074   0.000167  0.0000092  0.0000075    0.000061    0.000038
1998   5  21  50954  -0.109939   0.369295  -0.0562048   0.0023033   0.000054  -0.000172   0.000064   0.000148  0.0000068  0.0000072    0.000064    0.000044
1998   5  22  50955  -0.109596   0.371864  -0.0585690   0.0023870   0.000046  -0.000337   0.000076   0.000197  0.0000084  0.0000074    0.000066    0.000049
1998   5  23  50956  -0.109153   0.374722  -0.0609688   0.0023774   0.000037  -0.000429   0.000119   0.000269  0.0000295  0.0000090    0.000067    0.000050
1998   5  24  50957  -0.108679   0.377430  -0.0632943   0.0022594   0.000026  -0.000436   0.000117   0.000192  0.0000662  0.0000083    0.000067    0.000050
1998   5  25  50958  -0.108137   0.380019  -0.0654439   0.0020547   0.000013  -0.000364   0.000098   0.000161  0.0000708  0.0000079    0.000077    0.000046
1998   5  26  50959  -0.107740   0.382482  -0.0673774   0.0018155  -0.000001  -0.000232   0.000114   0.000152  0.0000313  0.0000071    0.000077    0.000046
1998   5  27  50960  -0.107457   0.384759  -0.0690844   0.0016038  -0.000013  -0.000072   0.000095   0.000133  0.0000170  0.0000059    0.000077    0.000046
1998   5  28  50961  -0.107395   0.386648  -0.0706055   0.0014488  -0.000018   0.000057   0.000091   0.000141  0.0000180  0.0000060    0.000077    0.000046
1998   5  29  50962  -0.107190   0.388140  -0.0720004   0.0013524  -0.000014   0.000145   0.000106   0.000187  0.0000540  0.0000060    0.000077    0.000046
1998   5  30  50963  -0.106578   0.389614  -0.0732936   0.0013200  -0.000003   0.000190   0.000096   0.000179  0.0001408  0.0000060    0.000077    0.000046
1998   5  31  50964  -0.105865   0.391444  -0.0745689   0.0013241   0.000015   0.000189   0.000086   0.000145  0.0002599  0.0000060    0.000055    0.000042
1998   6   1  50965  -0.105278   0.393549  -0.0759488   0.0013187   0.000038   0.000149   0.000085   0.000131  0.0000850  0.0000057    0.000054    0.000042
1998   6   2  50966  -0.104836   0.395708  -0.0773089   0.0013060   0.000062   0.000085   0.000078   0.000120  0.0000281  0.0000056    0.000054    0.000042
1998   6   3  50967  -0.104482   0.397659  -0.0785905   0.0013008   0.000086   0.000010   0.000062   0.000112  0.0000151  0.0000069    0.000054    0.000042
1998   6   4  50968  -0.104543   0.399360  -0.0798716   0.0012903   0.000104  -0.000050   0.000065   0.000121  0.0000159  0.0000070    0.000054    0.000042
1998   6   5  50969  -0.104737   0.400943  -0.0811653   0.0012474   0.000116  -0.000094   0.000078   0.000138  0.0000417  0.0000059    0.000054    0.000042
1998   6   6  50970  -0.104585   0.402435  -0.0823856   0.0011524   0.000121  -0.000117   0.000090   0.000143  0.0000681  0.0000059    0.000054    0.000042
1998   6   7  50971  -0.104189   0.404080  -0.0834612   0.0010307   0.000123  -0.000122   0.000102   0.000162  0.0000872  0.0000057    0.000065    0.000057
1998   6   8  50972  -0.103658   0.405850  -0.0844431   0.0009063   0.000122  -0.000115   0.000092   0.000183  0.0000608  0.0000054    0.000065    0.000057
1998   6   9  50973  -0.103023   0.407547  -0.0853095   0.0007997   0.000122  -0.000103   0.000091   0.000174  0.0000305  0.0000054    0.000065    0.000057
1998   6  10  50974  -0.102218   0.408994  -0.0860448   0.0007283   0.000126  -0.000096   0.000087   0.000148  0.0000171  0.0000054    0.000065    0.000057
1998   6  11  50975  -0.101272   0.410535  -0.0867187   0.0006855   0.000122  -0.000092   0.000088   0.000163  0.0000183  0.0000054    0.000065    0.000057
1998   6  12  50976  -0.100507   0.412148  -0.0874317   0.0006867   0.000124  -0.000101   0.000095   0.000231  0.0000515  0.0000054    0.000065    0.000057
1998   6  13  50977  -0.099970   0.413480  -0.0881497   0.0007440   0.000135  -0.000122   0.000120   0.000252  0.0000925  0.0000054    0.000067    0.000060
1998   6  14  50978  -0.099293   0.414632  -0.0888595   0.0008258   0.000152  -0.000149   0.000118   0.000205  0.0000640  0.0000057    0.000078    0.000072
1998   6  15  50979  -0.098208   0.415919  -0.0897213   0.0008895   0.000165  -0.000173   0.000105   0.000159  0.0000169  0.0000060    0.000076    0.000070
1998   6  16  50980  -0.097090   0.417324  -0.0906682   0.0009407   0.000168  -0.000190   0.000111   0.000145  0.0000141  0.0000060    0.000068    0.000058
1998   6  17  50981  -0.095281   0.418769  -0.0916308   0.0009905   0.000181  -0.000222   0.000083   0.000120  0.0000106  0.0000060    0.000053    0.000040
1998   6  18  50982  -0.093608   0.420546  -0.0926362   0.0010052  -0.000012  -0.000054   0.000064   0.000099  0.0000091  0.0000060    0.000053    0.000038
1998   6  19  50983  -0.091735   0.422151  -0.0936288   0.0009659  -0.000200   0.000083   0.000073   0.000122  0.0000127  0.0000060    0.000055    0.000039
1998   6  20  50984  -0.089819   0.423658  -0.0945608   0.0008725  -0.000269   0.000077   0.000122   0.000173  0.0000319  0.0000062    0.000055    0.000039
1998   6  21  50985  -0.088104   0.425166  -0.0953842   0.0007423  -0.000255  -0.000008   0.000214   0.000146  0.0000501  0.0000077    0.000253    0.000215
1998   6  22  50986  -0.086475   0.426428  -0.0960695   0.0006045  -0.000183  -0.000123   0.000203   0.000128  0.0000796  0.0000077    0.000357    0.000366
1998   6  23  50987  -0.084723   0.427611  -0.0966092   0.0004759  -0.000091  -0.000209   0.000119   0.000128  0.0000371  0.0000062    0.000177    0.000121
1998   6  24  50988  -0.082886   0.429036  -0.0970217   0.0003980  -0.000029  -0.000221   0.000083   0.000120  0.0000165  0.0000060    0.000072    0.000055
1998   6  25  50989  -0.081295   0.430748  -0.0973945   0.0003859   0.000027  -0.000086   0.000058   0.000098  0.0000095  0.0000063    0.000041    0.000039
1998   6  26  50990  -0.079763   0.432174  -0.0978236   0.0004046   0.000098   0.000012   0.000063   0.000118  0.0000110  0.0000065    0.000035    0.000035
1998   6  27  50991  -0.078075   0.433378  -0.0982605   0.0004412   0.000185  -0.000029   0.000104   0.000244  0.0000357  0.0000065    0.000034    0.000035
1998   6  28  50992  -0.076090   0.434592  -0.0986864   0.0004971   0.000257  -0.000137   0.000118   0.000243  0.0001164  0.0000078    0.000105    0.000100
1998   6  29  50993  -0.073712   0.435741  -0.0991914   0.0005560   0.000289  -0.000250   0.000087   0.000169  0.0000410  0.0000078    0.000185    0.000141
1998   6  30  50994  -0.071065   0.437090  -0.0997858   0.0005964   0.000263  -0.000303   0.000072   0.000107  0.0000199  0.0000065    0.000123    0.000084
1998   7   1  50995  -0.068210   0.438892  -0.1004083   0.0006191   0.000196  -0.000242   0.000070   0.000083  0.0000108  0.0000069    0.000078    0.000050
1998   7   2  50996  -0.065470   0.440776  -0.1010269   0.0006003  -0.000095  -0.000040   0.000079   0.000079  0.0000122  0.0000075    0.000083    0.000052
1998   7   3  50997  -0.062929   0.442258  -0.1016080   0.0005238  -0.000389   0.000176   0.000100   0.000086  0.0000218  0.0000081    0.000105    0.000064
1998   7   4  50998  -0.060494   0.443739  -0.1020718   0.0004333  -0.000529   0.000315   0.000100   0.000116  0.0000693  0.0000087    0.000112    0.000067
1998   7   5  50999  -0.057967   0.445486  -0.1024422   0.0003396  -0.000529   0.000358   0.000089   0.000194  0.0002604  0.0000095    0.000109    0.000066
1998   7   6  51000  -0.055352   0.447247  -0.1027193   0.0002344  -0.000410   0.000298   0.000087   0.000202  0.0001188  0.0000123    0.000064    0.000045
1998   7   7  51001  -0.052846   0.448777  -0.1028986   0.0001183  -0.000220   0.000154   0.000085   0.000179  0.0000391  0.0000125    0.000064    0.000045
1998   7   8  51002  -0.050296   0.450026  -0.1029849   0.0000355  -0.000019  -0.000038   0.000076   0.000159  0.0000195  0.0000102    0.000064    0.000045
1998   7   9  51003  -0.047741   0.451187  -0.1030140   0.0000207   0.000021  -0.000232   0.000078   0.000165  0.0000246  0.0000102    0.000064    0.000045
1998   7  10  51004  -0.045253   0.452598  -0.1030419   0.0000873  -0.000029  -0.000376   0.000098   0.000187  0.0000741  0.0000105    0.000064    0.000045
1998   7  11  51005  -0.042730   0.454359  -0.1031613   0.0002357  -0.000109  -0.000432   0.000094   0.000198  0.0001165  0.0000130    0.000064    0.000047
1998   7  12  51006  -0.040185   0.456174  -0.1034826   0.0004124  -0.000184  -0.000392   0.000091   0.000253  0.0000471  0.0000123    0.000066    0.000054
1998   7  13  51007  -0.037678   0.457672  -0.1040101   0.0005731  -0.000220  -0.000275   0.000101   0.000222  0.0000151  0.0000098    0.000066    0.000054
1998   7  14  51008  -0.035251   0.459084  -0.1046859   0.0006909  -0.000187  -0.000112   0.000110   0.000169  0.0000127  0.0000116    0.000064    0.000049
1998   7  15  51009  -0.032901   0.460582  -0.1054246   0.0007495  -0.000055   0.000074   0.000096   0.000162  0.0000090  0.0000115    0.000060    0.000040
1998   7  16  51010  -0.030665   0.461666  -0.1061746   0.0007314  -0.000083  -0.000036   0.000081   0.000141  0.0000088  0.0000118    0.000064    0.000042
1998   7  17  51011  -0.028510   0.462583  -0.1068627   0.0006405  -0.000104  -0.000290   0.000108   0.000175  0.0000096  0.0000174    0.000069    0.000045
1998   7  18  51012  -0.026463   0.463403  -0.1074375   0.0005094  -0.000042  -0.000538   0.000140   0.000319  0.0000288  0.0000104    0.000070    0.000046
1998   7  19  51013  -0.024470   0.464230  -0.1078793   0.0003684   0.000044  -0.000711   0.000107   0.000327  0.0000539  0.0000077    0.000134    0.000114
1998   7  20  51014  -0.022428   0.465137  -0.1081823   0.0002337   0.000115  -0.000738   0.000094   0.000253  0.0000221  0.0000072    0.000146    0.000133
1998   7  21  51015  -0.020412   0.466059  -0.1083414   0.0001296   0.000134  -0.000580   0.000104   0.000241  0.0000178  0.0000072    0.000138    0.000108
1998   7  22  51016  -0.018483   0.466822  -0.1084170   0.0000959   0.000066  -0.000229   0.000106   0.000225  0.0000202  0.0000072    0.000119    0.000075
1998   7  23  51017  -0.016518   0.467736  -0.1085533   0.0001222   0.000001   0.000148   0.000094   0.000285  0.0000310  0.0000072    0.000110    0.000066
1998   7  24  51018  -0.014312   0.468590  -0.1087256   0.0001989  -0.000031   0.000450   0.000093   0.000534  0.0001055  0.0000069    0.000109    0.000064
1998   7  25  51019  -0.011846   0.469233  -0.1089237   0.0003223  -0.000033   0.000635   0.000092   0.000354  0.0001339  0.0000066    0.000109    0.000064
1998   7  26  51020  -0.009269   0.470035  -0.1092690   0.0004342  -0.000013   0.000677   0.000090   0.000264  0.0001253  0.0000068    0.000064    0.000044
1998   7  27  51021  -0.006737   0.471061  -0.1097454   0.0004858   0.000017   0.000581   0.000102   0.000242  0.0000862  0.0000086    0.000063    0.000043
1998   7  28  51022  -0.004256   0.472156  -0.1102640   0.0004756   0.000039   0.000382   0.000100   0.000193  0.0000304  0.0000092    0.000064    0.000044
1998   7  29  51023  -0.001906   0.473266  -0.1107334   0.0004584   0.000037   0.000134   0.000078   0.000111  0.0000155  0.0000074    0.000068    0.000046
1998   7  30  51024   0.000207   0.474464  -0.1111829   0.0004734  -0.000003  -0.000099   0.000074   0.000092  0.0000126  0.0000072    0.000086    0.000056
1998   7  31  51025   0.002018   0.475710  -0.1117104   0.0004772  -0.000048  -0.000280   0.000084   0.000100  0.0000173  0.0000072    0.000111    0.000070
1998   8   1  51026   0.003803   0.476639  -0.1122021   0.0004409  -0.000086  -0.000385   0.000090   0.000127  0.0000610  0.0000072    0.000120    0.000074
1998   8   2  51027   0.005819   0.477280  -0.1125702   0.0003883  -0.000114  -0.000403   0.000093   0.000182  0.0001893  0.0000069    0.000118    0.000073
1998   8   3  51028   0.007802   0.477705  -0.1129254   0.0003372  -0.000130  -0.000346   0.000106   0.000198  0.0001176  0.0000069    0.000080    0.000049
1998   8   4  51029   0.009735   0.477986  -0.1132586   0.0003141  -0.000137  -0.000240   0.000112   0.000186  0.0000301  0.0000072    0.000080    0.000049
1998   8   5  51030   0.011933   0.478360  -0.1135641   0.0003200  -0.000139  -0.000117   0.000100   0.000175  0.0000147  0.0000075    0.000080    0.000049
1998   8   6  51031   0.014141   0.478676  -0.1138837   0.0003581  -0.000149  -0.000020   0.000103   0.000186  0.0000196  0.0000078    0.000080    0.000049
1998   8   7  51032   0.016066   0.478906  -0.1142771   0.0004439  -0.000162   0.000037   0.000112   0.000195  0.0000742  0.0000078    0.000080    0.000049
1998   8   8  51033   0.017928   0.478884  -0.1147996   0.0005898  -0.000175   0.000049   0.000114   0.000189  0.0001606  0.0000075    0.000060    0.000046
1998   8   9  51034   0.019974   0.478506  -0.1154868   0.0007749  -0.000186   0.000016   0.000146   0.000139  0.0000554  0.0000075    0.000029    0.000034
1998   8  10  51035   0.022289   0.478373  -0.1163527   0.0009228  -0.000186  -0.000050   0.000103   0.000093  0.0000094  0.0000078    0.000029    0.000034
1998   8  11  51036   0.024748   0.478575  -0.1173156   0.0009933  -0.000173  -0.000129   0.000055   0.000070  0.0000087  0.0000078    0.000031    0.000034
1998   8  12  51037   0.027519   0.478761  -0.1183077   0.0009941  -0.000146  -0.000207   0.000052   0.000072  0.0000111  0.0000078    0.000043    0.000032
1998   8  13  51038   0.030501   0.478723  -0.1193027   0.0009183  -0.000087  -0.000254   0.000064   0.000091  0.0000155  0.0000078    0.000058    0.000031
1998   8  14  51039   0.033222   0.478497  -0.1201531   0.0007579  -0.000008  -0.000265   0.000072   0.000106  0.0000525  0.0000078    0.000062    0.000031
1998   8  15  51040   0.035361   0.478419  -0.1208163   0.0005577   0.000062  -0.000252   0.000078   0.000141  0.0000812  0.0000075    0.000069    0.000034
1998   8  16  51041   0.037314   0.478251  -0.1213015   0.0003864   0.000095  -0.000227   0.000093   0.000239  0.0000704  0.0000076    0.000439    0.000225
1998   8  17  51042   0.039395   0.477764  -0.1215894   0.0002852   0.000074  -0.000209   0.000135   0.000353  0.0000739  0.0000083    0.000378    0.000200
1998   8  18  51043   0.041741   0.477864  -0.1217977   0.0002308  -0.000007  -0.000210   0.000204   0.000390  0.0000386  0.0000092    0.000199    0.000112
1998   8  19  51044   0.043801   0.477296  -0.1220280   0.0001997  -0.000147  -0.000240   0.000161   0.000267  0.0000210  0.0000098    0.000105    0.000060
1998   8  20  51045   0.046109   0.477401  -0.1222448   0.0002183  -0.000272  -0.000263   0.000161   0.000246  0.0000216  0.0000099    0.000091    0.000053
1998   8  21  51046   0.048243   0.477428  -0.1224748   0.0003140  -0.000349  -0.000270   0.000295   0.000304  0.0000614  0.0000100    0.000090    0.000052
1998   8  22  51047   0.050290   0.477242  -0.1228443   0.0004228  -0.000367  -0.000262   0.000267   0.000315  0.0003224  0.0000104    0.000092    0.000055
1998   8  23  51048   0.052261   0.476914  -0.1233113   0.0004919  -0.000323  -0.000241   0.000162   0.000307  0.0001068  0.0000108    0.000100    0.000076
1998   8  24  51049   0.054205   0.476666  -0.1238385   0.0005453  -0.000233  -0.000212   0.000123   0.000272  0.0000203  0.0000108    0.000099    0.000072
1998   8  25  51050   0.056209   0.476673  -0.1244262   0.0006078  -0.000119  -0.000184   0.000115   0.000190  0.0000181  0.0000108    0.000090    0.000053
1998   8  26  51051   0.058319   0.476760  -0.1250599   0.0006661   0.000008  -0.000168   0.000098   0.000146  0.0000154  0.0000109    0.000073    0.000034
1998   8  27  51052   0.060534   0.476622  -0.1257343   0.0006535  -0.000026  -0.000129   0.000086   0.000147  0.0000111  0.0000114    0.000076    0.000038
1998   8  28  51053   0.063022   0.476584  -0.1263672   0.0005839  -0.000111  -0.000097   0.000111   0.000193  0.0000141  0.0000119    0.000083    0.000049
1998   8  29  51054   0.065492   0.476598  -0.1269304   0.0005386  -0.000166  -0.000086   0.000261   0.000289  0.0000466  0.0000117    0.000085    0.000053
1998   8  30  51055   0.067613   0.476470  -0.1274726   0.0005521  -0.000186  -0.000086   0.000292   0.000366  0.0001638  0.0000115    0.000085    0.000053
1998   8  31  51056   0.069484   0.476201  -0.1280349   0.0005870  -0.000161  -0.000093   0.000153   0.000312  0.0001077  0.0000117    0.000076    0.000046
1998   9   1  51057   0.071257   0.475678  -0.1286100   0.0006136  -0.000093  -0.000095   0.000115   0.000241  0.0000387  0.0000120    0.000076    0.000046
1998   9   2  51058   0.073024   0.474878  -0.1292382   0.0006608   0.000007  -0.000088   0.000098   0.000211  0.0000203  0.0000123    0.000076    0.000046
1998   9   3  51059   0.074921   0.473742  -0.1299625   0.0007375   0.000092  -0.000060   0.000116   0.000233  0.0000213  0.0000156    0.000076    0.000046
1998   9   4  51060   0.077235   0.472485  -0.1307542   0.0008575   0.000158  -0.000025   0.000147   0.000290  0.0000653  0.0000160    0.000076    0.000046
1998   9   5  51061   0.079840   0.471331  -0.1316774   0.0010490   0.000201   0.000002   0.000138   0.000264  0.0000915  0.0000127    0.000076    0.000046
1998   9   6  51062   0.082467   0.470316  -0.1328694   0.0012487   0.000211   0.000010   0.000090   0.000128  0.0000806  0.0000124    0.000051    0.000028
1998   9   7  51063   0.085006   0.469332  -0.1341893   0.0013934   0.000187  -0.000007   0.000070   0.000091  0.0000630  0.0000128    0.000051    0.000028
1998   9   8  51064   0.087343   0.468438  -0.1355874   0.0014609   0.000135  -0.000048   0.000068   0.000083  0.0000166  0.0000132    0.000051    0.000028
1998   9   9  51065   0.089359   0.467847  -0.1370314   0.0014441   0.000066  -0.000104   0.000063   0.000076  0.0000080  0.0000132    0.000051    0.000028
1998   9  10  51066   0.091360   0.467248  -0.1384793   0.0013338  -0.000007  -0.000156   0.000067   0.000079  0.0000103  0.0000132    0.000051    0.000028
1998   9  11  51067   0.093241   0.466601  -0.1397398   0.0011443  -0.000069  -0.000196   0.000094   0.000087  0.0000385  0.0000132    0.000051    0.000028
1998   9  12  51068   0.094933   0.466291  -0.1407550   0.0009510  -0.000111  -0.000218   0.000098   0.000093  0.0001046  0.0000135    0.000051    0.000028
1998   9  13  51069   0.096914   0.465997  -0.1416625   0.0007897  -0.000124  -0.000218   0.000094   0.000130  0.0000960  0.0000137    0.000080    0.000049
1998   9  14  51070   0.099156   0.465575  -0.1423858   0.0006955  -0.000111  -0.000198   0.000152   0.000325  0.0000960  0.0000139    0.000082    0.000051
1998   9  15  51071   0.101597   0.465253  -0.1430437   0.0006986  -0.000076  -0.000168   0.000204   0.000330  0.0000406  0.0000170    0.000082    0.000051
1998   9  16  51072   0.104145   0.464977  -0.1437530   0.0007629  -0.000030  -0.000140   0.000119   0.000198  0.0000204  0.0000162    0.000084    0.000052
1998   9  17  51073   0.106207   0.464578  -0.1445397   0.0008352   0.000018  -0.000130   0.000123   0.000193  0.0000261  0.0000125    0.000116    0.000072
1998   9  18  51074   0.107828   0.463896  -0.1453895   0.0009037   0.000048  -0.000126   0.000220   0.000235  0.0000746  0.0000114    0.000290    0.000205
1998   9  19  51075   0.109217   0.462696  -0.1463383   0.0009973   0.000050  -0.000118   0.000249   0.000252  0.0000799  0.0000112    0.000436    0.000407
1998   9  20  51076   0.110522   0.461418  -0.1474364   0.0011024   0.000027  -0.000108   0.000155   0.000321  0.0000638  0.0000114    0.000382    0.000287
1998   9  21  51077   0.112061   0.460040  -0.1485684   0.0011521  -0.000014  -0.000095   0.000116   0.000462  0.0000603  0.0000114    0.000049    0.000026
1998   9  22  51078   0.113872   0.458436  -0.1496856   0.0011219  -0.000060  -0.000077   0.000101   0.000277  0.0000169  0.0000111    0.000049    0.000026
1998   9  23  51079   0.115880   0.456809  -0.1507793   0.0010615  -0.000099  -0.000050   0.000074   0.000141  0.0000082  0.0000111    0.000049    0.000026
1998   9  24  51080   0.117567   0.455458  -0.1518447   0.0009993  -0.000112  -0.000024   0.000079   0.000139  0.0000107  0.0000114    0.000049    0.000026
1998   9  25  51081   0.119054   0.454391  -0.1528451   0.0009489  -0.000103   0.000005   0.000121   0.000198  0.0000398  0.0000114    0.000049    0.000026
1998   9  26  51082   0.120428   0.453103  -0.1537916   0.0009237  -0.000078   0.000035   0.000114   0.000175  0.0001196  0.0000113    0.000053    0.000028
1998   9  27  51083   0.121226   0.451429  -0.1547164   0.0008808  -0.000046   0.000059   0.000075   0.000098  0.0001513  0.0000107    0.000086    0.000059
1998   9  28  51084   0.121934   0.449529  -0.1555316   0.0008309  -0.000017   0.000071   0.000059   0.000069  0.0000385  0.0000099    0.000085    0.000059
1998   9  29  51085   0.123122   0.447865  -0.1563192   0.0008326   0.000001   0.000068   0.000052   0.000058  0.0000268  0.0000097    0.000082    0.000057
1998   9  30  51086   0.124161   0.446455  -0.1571760   0.0009143   0.000008   0.000049   0.000043   0.000065  0.0000178  0.0000099    0.000072    0.000051
1998  10   1  51087   0.125239   0.445244  -0.1581512   0.0010729  -0.000034   0.000008   0.000041   0.000087  0.0000110  0.0000104    0.000048    0.000034
1998  10   2  51088   0.126507   0.444064  -0.1593454   0.0012882  -0.000104  -0.000041   0.000039   0.000058  0.0000097  0.0000101    0.000035    0.000024
1998  10   3  51089   0.128149   0.442698  -0.1607788   0.0015243  -0.000143  -0.000052   0.000042   0.000061  0.0000152  0.0000093    0.000034    0.000023
1998  10   4  51090   0.129862   0.441246  -0.1623866   0.0017316  -0.000149  -0.000046   0.000063   0.000136  0.0000368  0.0000091    0.000042    0.000028
1998  10   5  51091   0.131388   0.439668  -0.1641828   0.0018721  -0.000125  -0.000044   0.000091   0.000204  0.0000154  0.0000093    0.000084    0.000044
1998  10   6  51092   0.132960   0.438194  -0.1661003   0.0018981  -0.000081  -0.000061   0.000085   0.000144  0.0000144  0.0000098    0.000085    0.000044
1998  10   7  51093   0.134324   0.436256  -0.1679929   0.0018287  -0.000013  -0.000133   0.000077   0.000130  0.0000155  0.0000099    0.000082    0.000047
1998  10   8  51094   0.135677   0.434065  -0.1697650   0.0017203  -0.000082  -0.000067   0.000073   0.000129  0.0000126  0.0000099    0.000068    0.000049
1998  10   9  51095   0.137222   0.432148  -0.1714380   0.0015958  -0.000245   0.000031   0.000083   0.000158  0.0000158  0.0000098    0.000061    0.000050
1998  10  10  51096   0.138787   0.430778  -0.1729617   0.0014561  -0.000421   0.000085   0.000109   0.000224  0.0000419  0.0000094    0.000060    0.000050
1998  10  11  51097   0.140222   0.429723  -0.1743539   0.0013283  -0.000534   0.000099   0.000137   0.000173  0.0000796  0.0000093    0.000182    0.000111
1998  10  12  51098   0.141393   0.428838  -0.1756481   0.0012668  -0.000521   0.000069   0.000109   0.000094  0.0000881  0.0000096    0.000202    0.000113
1998  10  13  51099   0.142198   0.427811  -0.1768772   0.0012627  -0.000345   0.000005   0.000081   0.000093  0.0000386  0.0000096    0.000147    0.000084
1998  10  14  51100   0.142949   0.426206  -0.1781168   0.0013093   0.000011  -0.000077   0.000069   0.000135  0.0000204  0.0000093    0.000090    0.000053
1998  10  15  51101   0.144038   0.424657  -0.1794610   0.0013674   0.000305  -0.000162   0.000067   0.000148  0.0000209  0.0000093    0.000080    0.000047
1998  10  16  51102   0.145361   0.423450  -0.1808534   0.0013984   0.000466  -0.000229   0.000080   0.000175  0.0000589  0.0000118    0.000079    0.000046
1998  10  17  51103   0.146796   0.422284  -0.1822482   0.0014302   0.000500  -0.000269   0.000091   0.000206  0.0001310  0.0000129    0.000079    0.000046
1998  10  18  51104   0.148269   0.421124  -0.1836958   0.0014589   0.000432  -0.000273   0.000088   0.000233  0.0002141  0.0000104    0.000062    0.000035
1998  10  19  51105   0.149447   0.419920  -0.1851930   0.0014650   0.000310  -0.000241   0.000092   0.000247  0.0000922  0.0000095    0.000062    0.000035
1998  10  20  51106   0.150454   0.418470  -0.1866405   0.0014476   0.000192  -0.000180   0.000089   0.000215  0.0000255  0.0000090    0.000063    0.000035
1998  10  21  51107   0.151335   0.416977  -0.1880618   0.0014192   0.000132  -0.000100   0.000074   0.000152  0.0000125  0.0000087    0.000066    0.000037
1998  10  22  51108   0.151870   0.415128  -0.1894802   0.0013575   0.000176  -0.000014   0.000068   0.000146  0.0000098  0.0000085    0.000078    0.000046
1998  10  23  51109   0.152268   0.413047  -0.1908128   0.0012782   0.000220   0.000067   0.000079   0.000214  0.0000132  0.0000087    0.000092    0.000057
1998  10  24  51110   0.152614   0.411264  -0.1920775   0.0012364   0.000229   0.000134   0.000102   0.000290  0.0000424  0.0000092    0.000095    0.000061
1998  10  25  51111   0.152965   0.409720  -0.1933211   0.0012222   0.000209   0.000179   0.000150   0.000283  0.0000576  0.0000098    0.000095    0.000061
1998  10  26  51112   0.153479   0.408168  -0.1945564   0.0011998   0.000169   0.000202   0.000299   0.000307  0.0000647  0.0000123    0.000073    0.000045
1998  10  27  51113   0.154149   0.406465  -0.1957591   0.0011734   0.000121   0.000207   0.000232   0.000271  0.0000416  0.0000123    0.000073    0.000045
1998  10  28  51114   0.154976   0.404721  -0.1969174   0.0012168   0.000082   0.000199   0.000123   0.000213  0.0000232  0.0000099    0.000074    0.000046
1998  10  29  51115   0.156002   0.402944  -0.1981437   0.0013475   0.000083   0.000178   0.000100   0.000206  0.0000249  0.0000096    0.000094    0.000061
1998  10  30  51116   0.157118   0.401370  -0.1995818   0.0015323   0.000066   0.000178   0.000103   0.000277  0.0000849  0.0000093    0.000141    0.000108
1998  10  31  51117   0.158250   0.399957  -0.2012397   0.0017571  -0.000010   0.000235   0.000110   0.000482  0.0002371  0.0000096    0.000151    0.000123
1998  11   1  51118   0.159451   0.398480  -0.2030929   0.0019808  -0.000102   0.000288   0.000114   0.000512  0.0001475  0.0000122    0.000128    0.000075
1998  11   2  51119   0.160659   0.397115  -0.2051761   0.0021212  -0.000174   0.000299   0.000112   0.000298  0.0000303  0.0000124    0.000119    0.000067
1998  11   3  51120   0.161879   0.395686  -0.2073401   0.0021183  -0.000197   0.000237   0.000121   0.000242  0.0000176  0.0000102    0.000101    0.000061
1998  11   4  51121   0.162831   0.394183  -0.2094127   0.0020202  -0.000140   0.000071   0.000088   0.000165  0.0000091  0.0000102    0.000072    0.000048
1998  11   5  51122   0.163328   0.392501  -0.2113641   0.0018770  -0.000090  -0.000070   0.000064   0.000124  0.0000061  0.0000105    0.000071    0.000049
1998  11   6  51123   0.163254   0.390654  -0.2131334   0.0017189  -0.000053  -0.000054   0.000074   0.000143  0.0000077  0.0000108    0.000092    0.000061
1998  11   7  51124   0.163262   0.388527  -0.2147533   0.0015800  -0.000030   0.000022   0.000109   0.000206  0.0000202  0.0000111    0.000121    0.000071
1998  11   8  51125   0.163708   0.386098  -0.2162702   0.0014826  -0.000022   0.000055   0.000123   0.000203  0.0000413  0.0000113    0.000130    0.000073
1998  11   9  51126   0.164271   0.383509  -0.2177045   0.0014530  -0.000026   0.000069   0.000122   0.000194  0.0000574  0.0000110    0.000086    0.000048
1998  11  10  51127   0.164880   0.381158  -0.2191215   0.0014598  -0.000039   0.000068   0.000114   0.000194  0.0000425  0.0000105    0.000082    0.000046
1998  11  11  51128   0.165450   0.378954  -0.2205863   0.0014722  -0.000051   0.000061   0.000111   0.000187  0.0000237  0.0000099    0.000082    0.000046
1998  11  12  51129   0.165978   0.377176  -0.2221084   0.0014873  -0.000053   0.000075   0.000129   0.000202  0.0000247  0.0000096    0.000083    0.000046
1998  11  13  51130   0.166554   0.374813  -0.2236233   0.0015025  -0.000047   0.000087   0.000112   0.000159  0.0000198  0.0000093    0.000085    0.000045
1998  11  14  51131   0.166567   0.372808  -0.2251381   0.0015076  -0.000041   0.000083   0.000103   0.000151  0.0000191  0.0000090    0.000085    0.000045
1998  11  15  51132   0.166116   0.370872  -0.2266785   0.0014900  -0.000038   0.000062   0.000111   0.000206  0.0000431  0.0000086    0.000085    0.000045
1998  11  16  51133   0.165390   0.368936  -0.2281512   0.0014470  -0.000036   0.000033   0.000113   0.000268  0.0000941  0.0000077    0.000068    0.000045
1998  11  17  51134   0.164654   0.366850  -0.2295576   0.0014054  -0.000034   0.000004   0.000105   0.000228  0.0000410  0.0000069    0.000065    0.000046
1998  11  18  51135   0.164109   0.364828  -0.2309340   0.0013811  -0.000032  -0.000014   0.000092   0.000162  0.0000206  0.0000063    0.000065    0.000046
1998  11  19  51136   0.163664   0.362903  -0.2322830   0.0013251  -0.000028  -0.000003   0.000115   0.000163  0.0000260  0.0000057    0.000065    0.000046
1998  11  20  51137   0.163063   0.361069  -0.2335965   0.0012549  -0.000021   0.000030   0.000211   0.000218  0.0000533  0.0000054    0.000065    0.000046
1998  11  21  51138   0.161878   0.359298  -0.2348621   0.0012210  -0.000014   0.000081   0.000139   0.000251  0.0000563  0.0000054    0.000065    0.000046
1998  11  22  51139   0.159960   0.357207  -0.2360849   0.0012202  -0.000007   0.000138   0.000087   0.000144  0.0000781  0.0000054    0.000068    0.000040
1998  11  23  51140   0.157964   0.354915  -0.2372998   0.0012439  -0.000001   0.000190   0.000068   0.000104  0.0001036  0.0000054    0.000068    0.000040
1998  11  24  51141   0.156271   0.352977  -0.2385774   0.0012721   0.000005   0.000223   0.000064   0.000096  0.0000350  0.0000057    0.000068    0.000040
1998  11  25  51142   0.154813   0.351206  -0.2398480   0.0013184   0.000010   0.000228   0.000062   0.000104  0.0000183  0.0000060    0.000068    0.000040
1998  11  26  51143   0.153753   0.349292  -0.2411480   0.0014454   0.000016   0.000193   0.000064   0.000133  0.0000149  0.0000060    0.000068    0.000040
1998  11  27  51144   0.152835   0.347224  -0.2426994   0.0016215   0.000021   0.000130   0.000069   0.000119  0.0000467  0.0000060    0.000068    0.000040
1998  11  28  51145   0.151752   0.345035  -0.2444540   0.0017665   0.000021   0.000056   0.000073   0.000099  0.0000944  0.0000062    0.000068    0.000040
1998  11  29  51146   0.150872   0.342832  -0.2463026   0.0018507   0.000013  -0.000013   0.000087   0.000110  0.0000630  0.0000081    0.000046    0.000028
1998  11  30  51147   0.150192   0.340992  -0.2481784   0.0018462  -0.000003  -0.000058   0.000119   0.000156  0.0000463  0.0000132    0.000046    0.000028
1998  12   1  51148   0.149245   0.339507  -0.2499615   0.0017553  -0.000031  -0.000067   0.000082   0.000169  0.0000162  0.0000085    0.000046    0.000028
1998  12   2  51149   0.147994   0.337874  -0.2515990   0.0016114  -0.000068  -0.000038   0.000054   0.000091  0.0000081  0.0000085    0.000046    0.000028
1998  12   3  51150   0.146833   0.336306  -0.2531244   0.0014441  -0.000125   0.000043   0.000058   0.000082  0.0000107  0.0000153    0.000046    0.000028
1998  12   4  51151   0.146193   0.335282  -0.2544964   0.0012850  -0.000181   0.000144   0.000077   0.000115  0.0000367  0.0000152    0.000046    0.000028
1998  12   5  51152   0.145710   0.334529  -0.2557186   0.0011766  -0.000216   0.000235   0.000076   0.000127  0.0000743  0.0000081    0.000049    0.000031
1998  12   6  51153   0.144953   0.333565  -0.2568625   0.0011268  -0.000224   0.000291   0.000084   0.000116  0.0000558  0.0000062    0.000085    0.000069
1998  12   7  51154   0.143815   0.332539  -0.2579433   0.0010986  -0.000202   0.000298   0.000105   0.000123  0.0000142  0.0000060    0.000084    0.000069
1998  12   8  51155   0.142402   0.331400  -0.2590339   0.0010753  -0.000153   0.000253   0.000103   0.000122  0.0000139  0.0000060    0.000082    0.000063
1998  12   9  51156   0.140989   0.329919  -0.2601233   0.0010833  -0.000078   0.000162   0.000088   0.000120  0.0000163  0.0000060    0.000076    0.000052
1998  12  10  51157   0.139791   0.328077  -0.2611923   0.0011406  -0.000062   0.000047   0.000088   0.000149  0.0000205  0.0000060    0.000101    0.000066
1998  12  11  51158   0.138825   0.326020  -0.2623866   0.0011889  -0.000090  -0.000051   0.000108   0.000265  0.0000554  0.0000060    0.000251    0.000180
1998  12  12  51159   0.138078   0.324087  -0.2636084   0.0011827  -0.000114  -0.000087   0.000135   0.000226  0.0000814  0.0000060    0.000371    0.000311
1998  12  13  51160   0.137469   0.322137  -0.2647643   0.0011272  -0.000132  -0.000073   0.000105   0.000117  0.0001336  0.0000062    0.000301    0.000457
1998  12  14  51161   0.137104   0.320357  -0.2658499   0.0010515  -0.000132  -0.000025   0.000074   0.000113  0.0000576  0.0000064    0.000220    0.000246
1998  12  15  51162   0.137216   0.318746  -0.2668698   0.0009697  -0.000106   0.000031   0.000064   0.000141  0.0000227  0.0000082    0.000101    0.000084
1998  12  16  51163   0.137501   0.317140  -0.2677862   0.0008717  -0.000044   0.000069   0.000055   0.000082  0.0000118  0.0000131    0.000054    0.000042
1998  12  17  51164   0.137939   0.315930  -0.2686056   0.0007839  -0.000011   0.000091   0.000054   0.000064  0.0000094  0.0000081    0.000058    0.000040
1998  12  18  51165   0.138781   0.314759  -0.2693758   0.0007168   0.000019   0.000084   0.000060   0.000066  0.0000130  0.0000062    0.000070    0.000043
1998  12  19  51166   0.140015   0.313562  -0.2700730   0.0006659   0.000053   0.000051   0.000067   0.000075  0.0000396  0.0000060    0.000074    0.000044
1998  12  20  51167   0.141331   0.312844  -0.2707185   0.0006394   0.000079   0.000009   0.000079   0.000098  0.0000489  0.0000057    0.000034    0.000020
1998  12  21  51168   0.142379   0.312081  -0.2713778   0.0006374   0.000083  -0.000023   0.000073   0.000112  0.0000113  0.0000055    0.000033    0.000019
1998  12  22  51169   0.142867   0.310461  -0.2720088   0.0006897   0.000059  -0.000027   0.000047   0.000082  0.0000078  0.0000057    0.000035    0.000021
1998  12  23  51170   0.143085   0.308437  -0.2727395   0.0008163   0.000006   0.000002   0.000049   0.000088  0.0000085  0.0000061    0.000047    0.000030
1998  12  24  51171   0.143263   0.306821  -0.2736474   0.0009951  -0.000081   0.000056   0.000075   0.000123  0.0000115  0.0000079    0.000066    0.000049
1998  12  25  51172   0.143250   0.305502  -0.2747360   0.0011839  -0.000184   0.000115   0.000098   0.000134  0.0000189  0.0000091    0.000073    0.000059
1998  12  26  51173   0.142973   0.304091  -0.2759957   0.0013052  -0.000266   0.000157   0.000122   0.000148  0.0002078  0.0000077    0.000075    0.000061
1998  12  27  51174   0.142447   0.302792  -0.2773703   0.0013442  -0.000297   0.000161   0.000137   0.000208  0.0000768  0.0000081    0.000106    0.000064
1998  12  28  51175   0.141821   0.301622  -0.2787396   0.0013314  -0.000256   0.000118   0.000139   0.000345  0.0000167  0.0000086    0.000105    0.000063
1998  12  29  51176   0.141354   0.300301  -0.2799820   0.0012835  -0.000138   0.000027   0.000109   0.000206  0.0000111  0.0000090    0.000096    0.000056
1998  12  30  51177   0.140726   0.299005  -0.2811977   0.0011929   0.000050  -0.000103   0.000085   0.000164  0.0000101  0.0000092    0.000078    0.000045
1998  12  31  51178   0.139826   0.297591  -0.2823473   0.0010719   0.000229  -0.000217   0.000094   0.000196  0.0000150  0.0000092    0.000072    0.000040
