

                   INTERNATIONAL EARTH ROTATION SERVICE
                        EARTH ROTATION PARAMETERS
                          EOP (IERS) C04

  
             FORMAT(3(I4),I7,2(F11.6),2(F12.7),2(F12.6),2(F11.6),2(F12.7),2F12.6)
**********************************************************************************
  
      Date      MJD      x          y        UT1-UTC       LOD         dX        dY        x Err     y Err   UT1-UTC Err  Lod Err     dY Err       dY Err  
                         "          "           s           s          "         "           "          "          s         s            "           "
     (0h UTC)

1985   1   1  46066   0.041444   0.022069  -0.1586087   0.0018647   0.000051  -0.000449   0.002409   0.002590  0.0001556  0.0001380    0.000467    0.000401
1985   1   2  46067   0.038640   0.022121  -0.1604401   0.0017833   0.000068  -0.000365   0.004729   0.007487  0.0001203  0.0001370    0.000539    0.000305
1985   1   3  46068   0.035132   0.022587  -0.1621660   0.0016576   0.000116  -0.000304   0.002074   0.002193  0.0001183  0.0001193    0.000546    0.000300
1985   1   4  46069   0.031074   0.023256  -0.1637536   0.0015127   0.000196  -0.000282   0.001046   0.001055  0.0001183  0.0001183    0.000546    0.000300
1985   1   5  46070   0.027572   0.023760  -0.1651998   0.0013808   0.000310  -0.000316   0.001213   0.001225  0.0001183  0.0001183    0.000546    0.000300
1985   1   6  46071   0.024215   0.024129  -0.1665359   0.0012984   0.000427  -0.000388   0.003822   0.004263  0.0001183  0.0001082    0.000546    0.000300
1985   1   7  46072   0.019785   0.024706  -0.1678284   0.0012982   0.000516  -0.000473   0.003779   0.004649  0.0000982  0.0001076    0.000330    0.000266
1985   1   8  46073   0.014871   0.025325  -0.1691688   0.0013975   0.000550  -0.000546   0.000631   0.000704  0.0000969  0.0000975    0.000321    0.000264
1985   1   9  46074   0.010310   0.025776  -0.1706539   0.0015876   0.000512  -0.000583   0.000612   0.000683  0.0000969  0.0000969    0.000321    0.000264
1985   1  10  46075   0.006752   0.026045  -0.1723577   0.0018306   0.000385  -0.000567   0.000687   0.000766  0.0000969  0.0000969    0.000321    0.000264
1985   1  11  46076   0.003326   0.027132  -0.1743065   0.0020686   0.000196  -0.000503   0.002468   0.002719  0.0000969  0.0001438    0.000321    0.000264
1985   1  12  46077  -0.001190   0.029839  -0.1764662   0.0022409  -0.000019  -0.000411   0.005368   0.005728  0.0001907  0.0001576    0.000596    0.000474
1985   1  13  46078  -0.006146   0.032585  -0.1787472   0.0023012  -0.000222  -0.000317   0.002774   0.003241  0.0002183  0.0002045    0.000667    0.000525
1985   1  14  46079  -0.009854   0.032848  -0.1810253   0.0022300  -0.000376  -0.000252   0.002835   0.003257  0.0002183  0.0002183    0.000667    0.000525
1985   1  15  46080  -0.011797   0.030375  -0.1831713   0.0020408  -0.000439  -0.000235   0.003623   0.003914  0.0002183  0.0002183    0.000667    0.000525
1985   1  16  46081  -0.013987   0.028513  -0.1850862   0.0017768  -0.000409  -0.000285   0.005102   0.004902  0.0002183  0.0002565    0.000668    0.000525
1985   1  17  46082  -0.016917   0.029621  -0.1867237   0.0014983  -0.000301  -0.000399   0.008600   0.010223  0.0002947  0.0002618    0.001411    0.000354
1985   1  18  46083  -0.020207   0.033564  -0.1881011   0.0012676  -0.000142  -0.000563   0.007402   0.004679  0.0003052  0.0002999    0.001670    0.000346
1985   1  19  46084  -0.023325   0.038041  -0.1892912   0.0011315   0.000030  -0.000747   0.005347   0.002435  0.0003052  0.0003052    0.001670    0.000346
1985   1  20  46085  -0.026739   0.039937  -0.1904010   0.0011028   0.000171  -0.000945   0.004881   0.002129  0.0003052  0.0003052    0.001670    0.000346
1985   1  21  46086  -0.030080   0.039682  -0.1915284   0.0011619   0.000250  -0.001099   0.007126   0.003885  0.0003052  0.0003983    0.001669    0.000346
1985   1  22  46087  -0.032756   0.040192  -0.1927446   0.0012741   0.000252  -0.001165   0.007315   0.004464  0.0004914  0.0003932    0.001071    0.000822
1985   1  23  46088  -0.035106   0.043062  -0.1940829   0.0014003   0.000176  -0.001130   0.005259   0.003663  0.0004812  0.0004097    0.001010    0.000972
1985   1  24  46089  -0.039713   0.045932  -0.1955399   0.0015089   0.000039  -0.000996   0.004943   0.002409  0.0003280  0.0003414    0.000855    0.000647
1985   1  25  46090  -0.045151   0.046547  -0.1970869   0.0015849  -0.000131  -0.000776   0.004730   0.001747  0.0002016  0.0002478    0.000624    0.000393
1985   1  26  46091  -0.048950   0.046696  -0.1986904   0.0016215  -0.000279  -0.000573   0.005131   0.001798  0.0001675  0.0001802    0.000540    0.000326
1985   1  27  46092  -0.051640   0.048584  -0.2003082   0.0016125  -0.000375  -0.000438   0.009659   0.005679  0.0001588  0.0001518    0.000520    0.000313
1985   1  28  46093  -0.055104   0.051663  -0.2018950   0.0015572  -0.000415  -0.000364   0.002181   0.002082  0.0001361  0.0001474    0.000478    0.000293
1985   1  29  46094  -0.059495   0.053462  -0.2034069   0.0014563  -0.000407  -0.000340   0.001326   0.001264  0.0001360  0.0001360    0.000478    0.000293
1985   1  30  46095  -0.063770   0.052637  -0.2047985   0.0013153  -0.000395  -0.000297   0.001879   0.001784  0.0001360  0.0001360    0.000478    0.000293
1985   1  31  46096  -0.067061   0.052252  -0.2060359   0.0011485  -0.000373  -0.000257   0.003767   0.003491  0.0001360  0.0001594    0.000478    0.000293
1985   2   1  46097  -0.069066   0.053843  -0.2071019   0.0009798  -0.000334  -0.000234   0.011552   0.007348  0.0001827  0.0001623    0.000502    0.000329
1985   2   2  46098  -0.070430   0.056512  -0.2080116   0.0008472  -0.000277  -0.000232   0.003371   0.003441  0.0001885  0.0001856    0.000504    0.000332
1985   2   3  46099  -0.072217   0.058920  -0.2088238   0.0007956  -0.000199  -0.000256   0.001629   0.001766  0.0001885  0.0001885    0.000504    0.000332
1985   2   4  46100  -0.074829   0.060892  -0.2096394   0.0008577  -0.000082  -0.000322   0.001721   0.001872  0.0001885  0.0001885    0.000504    0.000332
1985   2   5  46101  -0.077800   0.062461  -0.2105768   0.0010370   0.000054  -0.000407   0.006652   0.007298  0.0001884  0.0001427    0.000504    0.000332
1985   2   6  46102  -0.080310   0.063929  -0.2117389   0.0013003   0.000189  -0.000486   0.007251   0.006700  0.0000969  0.0001413    0.000358    0.000250
1985   2   7  46103  -0.082068   0.065544  -0.2131792   0.0015840   0.000301  -0.000539   0.000857   0.000768  0.0000941  0.0000955    0.000351    0.000246
1985   2   8  46104  -0.083576   0.067394  -0.2148812   0.0018145   0.000370  -0.000552   0.000766   0.000686  0.0000941  0.0000941    0.000351    0.000246
1985   2   9  46105  -0.085474   0.069436  -0.2167618   0.0019341   0.000373  -0.000504   0.000769   0.000688  0.0000941  0.0000941    0.000351    0.000246
1985   2  10  46106  -0.087914   0.071708  -0.2186971   0.0019197   0.000317  -0.000409   0.001617   0.001444  0.0000941  0.0000926    0.000351    0.000246
1985   2  11  46107  -0.090599   0.074221  -0.2205582   0.0017863   0.000220  -0.000291   0.006693   0.008110  0.0000910  0.0000924    0.000376    0.000247
1985   2  12  46108  -0.093278   0.076916  -0.2222460   0.0015790   0.000104  -0.000167   0.001241   0.001582  0.0000907  0.0000908    0.000379    0.000247
1985   2  13  46109  -0.095918   0.079634  -0.2237145   0.0013575  -0.000010  -0.000060   0.000636   0.000804  0.0000907  0.0000907    0.000379    0.000247
1985   2  14  46110  -0.098554   0.082213  -0.2249786   0.0011798  -0.000091   0.000002   0.000617   0.000780  0.0000907  0.0000907    0.000379    0.000247
1985   2  15  46111  -0.101267   0.084595  -0.2261047   0.0010879  -0.000132   0.000024   0.000785   0.000985  0.0000907  0.0000989    0.000379    0.000247
1985   2  16  46112  -0.104134   0.086773  -0.2271902   0.0010989  -0.000131   0.000011   0.005293   0.005691  0.0001071  0.0000998    0.000427    0.000262
1985   2  17  46113  -0.107321   0.088747  -0.2283358   0.0012031  -0.000090  -0.000024   0.001622   0.001726  0.0001090  0.0001080    0.000432    0.000263
1985   2  18  46114  -0.110934   0.090533  -0.2296207   0.0013704  -0.000019  -0.000070   0.000778   0.000828  0.0001090  0.0001090    0.000432    0.000263
1985   2  19  46115  -0.114608   0.092182  -0.2310884   0.0015616   0.000070  -0.000105   0.000878   0.000937  0.0001090  0.0001090    0.000432    0.000263
1985   2  20  46116  -0.118282   0.093992  -0.2327431   0.0017395   0.000162  -0.000128   0.002847   0.003317  0.0001090  0.0001112    0.000432    0.000263
1985   2  21  46117  -0.122147   0.096266  -0.2345561   0.0018749   0.000239  -0.000143   0.004096   0.005191  0.0001134  0.0001114    0.000363    0.000270
1985   2  22  46118  -0.126064   0.098731  -0.2364746   0.0019486   0.000289  -0.000151   0.000760   0.000769  0.0001138  0.0001136    0.000358    0.000270
1985   2  23  46119  -0.130043   0.100913  -0.2384311   0.0019510   0.000304  -0.000153   0.000733   0.000741  0.0001138  0.0001138    0.000358    0.000270
1985   2  24  46120  -0.133991   0.102528  -0.2403541   0.0018841   0.000272  -0.000162   0.000754   0.000762  0.0001138  0.0001138    0.000358    0.000270
1985   2  25  46121  -0.137737   0.104080  -0.2421807   0.0017625   0.000208  -0.000169   0.002395   0.002419  0.0001138  0.0000955    0.000358    0.000270
1985   2  26  46122  -0.141084   0.106327  -0.2438676   0.0016097   0.000132  -0.000169   0.005809   0.007656  0.0000773  0.0000946    0.000291    0.000193
1985   2  27  46123  -0.144119   0.109536  -0.2453974   0.0014516   0.000064  -0.000160   0.000960   0.001956  0.0000755  0.0000764    0.000287    0.000189
1985   2  28  46124  -0.146920   0.112882  -0.2467765   0.0013081   0.000022  -0.000145   0.000757   0.001548  0.0000755  0.0000755    0.000287    0.000189
1985   3   1  46125  -0.149669   0.115570  -0.2480271   0.0011961   0.000009  -0.000108   0.001008   0.002029  0.0000755  0.0000755    0.000287    0.000189
1985   3   2  46126  -0.152714   0.117707  -0.2491909   0.0011375   0.000035  -0.000084   0.001580   0.003023  0.0000755  0.0001052    0.000287    0.000189
1985   3   3  46127  -0.155760   0.119831  -0.2503338   0.0011641   0.000090  -0.000101   0.002020   0.001687  0.0001350  0.0001121    0.000457    0.000349
1985   3   4  46128  -0.158509   0.122586  -0.2515572   0.0013108   0.000150  -0.000172   0.001514   0.001063  0.0001488  0.0001363    0.000486    0.000389
1985   3   5  46129  -0.160919   0.126177  -0.2529904   0.0015873   0.000188  -0.000299   0.001277   0.000991  0.0001376  0.0001225    0.000431    0.000355
1985   3   6  46130  -0.163122   0.130145  -0.2547498   0.0019472   0.000188  -0.000478   0.000726   0.000708  0.0000962  0.0001090    0.000269    0.000238
1985   3   7  46131  -0.165825   0.133803  -0.2568743   0.0022953   0.000068  -0.000646   0.000579   0.000595  0.0000804  0.0000876    0.000219    0.000196
1985   3   8  46132  -0.169437   0.136815  -0.2593003   0.0025350  -0.000217  -0.000749   0.000570   0.000588  0.0000790  0.0001040    0.000215    0.000193
1985   3   9  46133  -0.173628   0.139486  -0.2618861   0.0026096  -0.000562  -0.000784   0.002766   0.002840  0.0001277  0.0006098    0.000344    0.000307
1985   3  10  46134  -0.177746   0.142230  -0.2644627   0.0025212  -0.000863  -0.000754   0.030812   0.025314  0.0011405  0.0006375    0.001623    0.001200
1985   3  11  46135  -0.181033   0.145217  -0.2668908   0.0023211  -0.001026  -0.000676   0.028786   0.024826  0.0011472  0.0011476    0.001625    0.001202
1985   3  12  46136  -0.183036   0.148155  -0.2690949   0.0020782  -0.000906  -0.000591   0.010156   0.007785  0.0011547  0.0010431    0.001632    0.001211
1985   3  13  46137  -0.184197   0.151104  -0.2710626   0.0018554  -0.000598  -0.000507   0.006105   0.004703  0.0009389  0.0007445    0.001844    0.001870
1985   3  14  46138  -0.185501   0.154520  -0.2728372   0.0016993  -0.000206  -0.000435   0.002923   0.002353  0.0003342  0.0005561    0.000988    0.000850
1985   3  15  46139  -0.187135   0.158444  -0.2744983   0.0016335   0.000172  -0.000390   0.001370   0.001099  0.0001732  0.0002394    0.000544    0.000444
1985   3  16  46140  -0.188378   0.162345  -0.2761385   0.0016594   0.000471  -0.000405   0.001136   0.000910  0.0001446  0.0001571    0.000457    0.000371
1985   3  17  46141  -0.189252   0.166109  -0.2778433   0.0017599   0.000647  -0.000486   0.001212   0.000972  0.0001410  0.0001344    0.000447    0.000362
1985   3  18  46142  -0.190586   0.170178  -0.2796738   0.0019044   0.000691  -0.000607   0.004588   0.003722  0.0001242  0.0001321    0.000449    0.000371
1985   3  19  46143  -0.193006   0.174862  -0.2816560   0.0020556   0.000623  -0.000738   0.002827   0.002093  0.0001231  0.0001237    0.000450    0.000371
1985   3  20  46144  -0.196298   0.179833  -0.2837783   0.0021781   0.000484  -0.000846   0.001668   0.001196  0.0001231  0.0001231    0.000450    0.000371
1985   3  21  46145  -0.198290   0.183688  -0.2859971   0.0022462   0.000357  -0.000875   0.001955   0.001392  0.0001231  0.0001231    0.000450    0.000371
1985   3  22  46146  -0.198859   0.186834  -0.2882500   0.0022485   0.000265  -0.000837   0.004615   0.003195  0.0001231  0.0001236    0.000449    0.000371
1985   3  23  46147  -0.199119   0.190538  -0.2904712   0.0021884   0.000220  -0.000750   0.002843   0.002554  0.0001242  0.0001237    0.000294    0.000244
1985   3  24  46148  -0.199173   0.194762  -0.2926055   0.0020804   0.000233  -0.000637   0.000659   0.000647  0.0001243  0.0001242    0.000287    0.000239
1985   3  25  46149  -0.199023   0.199001  -0.2946166   0.0019447   0.000298  -0.000523   0.000749   0.000736  0.0001243  0.0001243    0.000287    0.000239
1985   3  26  46150  -0.198660   0.202822  -0.2964881   0.0018002   0.000393  -0.000452   0.000985   0.000967  0.0001243  0.0001243    0.000287    0.000239
1985   3  27  46151  -0.198351   0.206490  -0.2982199   0.0016628   0.000498  -0.000420   0.002192   0.002047  0.0001243  0.0001047    0.000287    0.000239
1985   3  28  46152  -0.198505   0.210475  -0.2998253   0.0015460   0.000592  -0.000412   0.004713   0.003493  0.0000851  0.0001038    0.000313    0.000302
1985   3  29  46153  -0.199410   0.215013  -0.3013310   0.0014652   0.000658  -0.000419   0.000939   0.000963  0.0000833  0.0000842    0.000315    0.000310
1985   3  30  46154  -0.200192   0.219368  -0.3027819   0.0014420   0.000687  -0.000426   0.000636   0.000659  0.0000833  0.0000833    0.000315    0.000310
1985   3  31  46155  -0.200250   0.223084  -0.3042477   0.0015025   0.000673  -0.000402   0.000930   0.000955  0.0000833  0.0000833    0.000315    0.000310
1985   4   1  46156  -0.200192   0.226874  -0.3058221   0.0016646   0.000633  -0.000363   0.002332   0.002207  0.0000833  0.0000944    0.000315    0.000310
1985   4   2  46157  -0.200706   0.231114  -0.3076048   0.0019176   0.000588  -0.000326   0.003801   0.002994  0.0001056  0.0000958    0.000319    0.000268
1985   4   3  46158  -0.201937   0.235350  -0.3096650   0.0022102   0.000555  -0.000304   0.001585   0.001815  0.0001083  0.0001069    0.000320    0.000266
1985   4   4  46159  -0.203527   0.239195  -0.3120032   0.0024573   0.000543  -0.000303   0.000911   0.001156  0.0001083  0.0001083    0.000320    0.000266
1985   4   5  46160  -0.204233   0.243393  -0.3145296   0.0025701   0.000570  -0.000348   0.001138   0.001454  0.0001083  0.0001083    0.000320    0.000266
1985   4   6  46161  -0.204110   0.247617  -0.3170804   0.0024976   0.000611  -0.000410   0.002260   0.002796  0.0001083  0.0000942    0.000320    0.000266
1985   4   7  46162  -0.203583   0.251527  -0.3194706   0.0022547   0.000636  -0.000457   0.001572   0.001461  0.0000802  0.0000934    0.000282    0.000293
1985   4   8  46163  -0.203017   0.255119  -0.3215618   0.0019191   0.000626  -0.000474   0.000654   0.000603  0.0000786  0.0000794    0.000279    0.000295
1985   4   9  46164  -0.202625   0.258581  -0.3233127   0.0015981   0.000570  -0.000449   0.000654   0.000602  0.0000786  0.0000786    0.000279    0.000295
1985   4  10  46165  -0.202336   0.262211  -0.3247868   0.0013832   0.000443  -0.000357   0.000666   0.000613  0.0000786  0.0000786    0.000279    0.000295
1985   4  11  46166  -0.201955   0.265922  -0.3261187   0.0013167   0.000286  -0.000244   0.001960   0.001798  0.0000786  0.0000815    0.000279    0.000295
1985   4  12  46167  -0.201318   0.269612  -0.3274578   0.0013860   0.000148  -0.000156   0.008371   0.006998  0.0000843  0.0000818    0.000355    0.000294
1985   4  13  46168  -0.200486   0.273267  -0.3289190   0.0015436   0.000059  -0.000120   0.001318   0.001223  0.0000849  0.0000846    0.000366    0.000294
1985   4  14  46169  -0.199673   0.277444  -0.3305618   0.0017348   0.000041  -0.000146   0.000943   0.000874  0.0000849  0.0000849    0.000366    0.000294
1985   4  15  46170  -0.199055   0.282057  -0.3323947   0.0019164   0.000134  -0.000273   0.001328   0.001208  0.0000849  0.0000849    0.000366    0.000294
1985   4  16  46171  -0.198450   0.285964  -0.3343913   0.0020623   0.000281  -0.000419   0.002469   0.002091  0.0000849  0.0000871    0.000366    0.000294
1985   4  17  46172  -0.197872   0.288917  -0.3365078   0.0021596   0.000422  -0.000514   0.004317   0.005357  0.0000893  0.0000873    0.000307    0.000285
1985   4  18  46173  -0.197501   0.291537  -0.3386929   0.0022027   0.000519  -0.000520   0.002003   0.001862  0.0000897  0.0000895    0.000303    0.000284
1985   4  19  46174  -0.197480   0.294637  -0.3408922   0.0021892   0.000555  -0.000430   0.001017   0.000900  0.0000897  0.0000897    0.000303    0.000284
1985   4  20  46175  -0.197136   0.298388  -0.3430500   0.0021184   0.000389  -0.000095   0.001118   0.000980  0.0000897  0.0000897    0.000303    0.000284
1985   4  21  46176  -0.196495   0.302253  -0.3451111   0.0019941   0.000197   0.000256   0.003864   0.002997  0.0000897  0.0000842    0.000303    0.000284
1985   4  22  46177  -0.196043   0.305477  -0.3470273   0.0018287   0.000133   0.000415   0.004943   0.003988  0.0000787  0.0000841    0.000274    0.000278
1985   4  23  46178  -0.195802   0.308849  -0.3487670   0.0016457   0.000262   0.000293   0.000718   0.000785  0.0000785  0.0000813    0.000273    0.000280
1985   4  24  46179  -0.195740   0.313091  -0.3503273   0.0014781   0.000602  -0.000138   0.000748   0.000815  0.0000839  0.0000949    0.000287    0.000296
1985   4  25  46180  -0.195743   0.318104  -0.3517404   0.0013618   0.001157  -0.000876   0.001125   0.001188  0.0001113  0.0001232    0.000346    0.000373
1985   4  26  46181  -0.195507   0.321593  -0.3530745   0.0013259   0.001450  -0.001368   0.003567   0.002876  0.0001625  0.0001403    0.000419    0.000484
1985   4  27  46182  -0.195389   0.323987  -0.3544203   0.0013863   0.001340  -0.001424   0.009648   0.004265  0.0001693  0.0001362    0.000431    0.000494
1985   4  28  46183  -0.195794   0.327015  -0.3558770   0.0015434   0.000972  -0.001159   0.001219   0.000833  0.0001099  0.0001396    0.000371    0.000361
1985   4  29  46184  -0.196193   0.330705  -0.3575344   0.0017741   0.000504  -0.000713   0.001025   0.000705  0.0001098  0.0001098    0.000370    0.000361
1985   4  30  46185  -0.195686   0.334487  -0.3594415   0.0020428   0.000380  -0.000502   0.001472   0.001039  0.0001098  0.0001148    0.000370    0.000361
1985   5   1  46186  -0.193816   0.337851  -0.3616150   0.0023023   0.000443  -0.000426   0.002954   0.002508  0.0001197  0.0004570    0.000404    0.000383
1985   5   2  46187  -0.191500   0.341063  -0.3640143   0.0024967   0.000552  -0.000405   0.006566   0.005334  0.0008042  0.0002301    0.001995    0.000654
1985   5   3  46188  -0.190322   0.344901  -0.3665545   0.0025847   0.000632  -0.000411   0.003120   0.002546  0.0003405  0.0004935    0.000969    0.000615
1985   5   4  46189  -0.190552   0.349542  -0.3691240   0.0025283   0.000594  -0.000403   0.001626   0.001388  0.0001827  0.0002470    0.000534    0.000529
1985   5   5  46190  -0.189657   0.353911  -0.3715664   0.0023044   0.000483  -0.000257   0.001472   0.001249  0.0001534  0.0002692    0.000450    0.000494
1985   5   6  46191  -0.186698   0.357024  -0.3737182   0.0019459   0.000359  -0.000050   0.005495   0.003719  0.0003557  0.0002934    0.000977    0.000875
1985   5   7  46192  -0.183208   0.359147  -0.3754754   0.0015615   0.000306   0.000037   0.005007   0.003355  0.0004334  0.0002853    0.001238    0.000590
1985   5   8  46193  -0.181746   0.362049  -0.3768792   0.0013131   0.000433  -0.000169   0.002194   0.001486  0.0002148  0.0002811    0.000731    0.000354
1985   5   9  46194  -0.182574   0.367053  -0.3781440   0.0012910   0.000390  -0.000469   0.001380   0.000907  0.0001287  0.0001493    0.000481    0.000358
1985   5  10  46195  -0.180957   0.371234  -0.3794950   0.0014110   0.000204  -0.000582   0.001019   0.000684  0.0000837  0.0001002    0.000318    0.000252
1985   5  11  46196  -0.177484   0.374004  -0.3809860   0.0015276   0.000134  -0.000583   0.000999   0.000679  0.0000716  0.0001024    0.000271    0.000205
1985   5  12  46197  -0.175005   0.376681  -0.3825573   0.0015990   0.000332  -0.000611   0.002705   0.001802  0.0001210  0.0001494    0.000437    0.000346
1985   5  13  46198  -0.173361   0.379851  -0.3841813   0.0016614   0.000588  -0.000579   0.001966   0.001829  0.0002271  0.0001259    0.000587    0.001606
1985   5  14  46199  -0.171813   0.383436  -0.3858701   0.0017421   0.000744  -0.000471   0.000974   0.000924  0.0001308  0.0001919    0.000360    0.001155
1985   5  15  46200  -0.169997   0.387025  -0.3876503   0.0018195   0.000652  -0.000251   0.001035   0.000855  0.0001568  0.0001377    0.000389    0.000408
1985   5  16  46201  -0.167734   0.390329  -0.3894903   0.0018310   0.000330   0.000001   0.000769   0.000515  0.0001446  0.0001374    0.000268    0.000175
1985   5  17  46202  -0.165377   0.393049  -0.3912925   0.0017439   0.000019   0.000076   0.000943   0.000628  0.0001181  0.0001284    0.000216    0.000139
1985   5  18  46203  -0.163972   0.395490  -0.3929602   0.0015834  -0.000143  -0.000087   0.001440   0.001075  0.0001122  0.0001149    0.000307    0.000223
1985   5  19  46204  -0.162833   0.397939  -0.3944464   0.0013998  -0.000179  -0.000380   0.001080   0.000938  0.0001117  0.0001120    0.000386    0.000333
1985   5  20  46205  -0.160308   0.400464  -0.3957549   0.0012259  -0.000179  -0.000554   0.001189   0.001037  0.0001117  0.0001117    0.000386    0.000334
1985   5  21  46206  -0.156574   0.403185  -0.3969032   0.0010760  -0.000140  -0.000606   0.003688   0.003739  0.0001117  0.0001038    0.000386    0.000334
1985   5  22  46207  -0.152722   0.406189  -0.3979219   0.0009662  -0.000066  -0.000578   0.004884   0.006750  0.0000960  0.0001032    0.000334    0.000363
1985   5  23  46208  -0.149296   0.409311  -0.3988589   0.0009155   0.000017  -0.000490   0.000922   0.001000  0.0000948  0.0000954    0.000330    0.000366
1985   5  24  46209  -0.146225   0.412219  -0.3997807   0.0009416   0.000083  -0.000381   0.000802   0.000869  0.0000948  0.0000948    0.000330    0.000366
1985   5  25  46210  -0.143152   0.414643  -0.4007702   0.0010604   0.000105  -0.000347   0.000807   0.000874  0.0000948  0.0000948    0.000330    0.000366
1985   5  26  46211  -0.139989   0.416988  -0.4019255   0.0012762   0.000095  -0.000366   0.001901   0.002026  0.0000948  0.0000900    0.000330    0.000366
1985   5  27  46212  -0.136842   0.419814  -0.4033376   0.0015675   0.000073  -0.000411   0.008894   0.006160  0.0000852  0.0000897    0.000251    0.000278
1985   5  28  46213  -0.134075   0.423327  -0.4050612   0.0018830   0.000060  -0.000465   0.001521   0.001272  0.0000845  0.0000849    0.000247    0.000274
1985   5  29  46214  -0.131992   0.426085  -0.4070848   0.0021476   0.000073  -0.000500   0.000949   0.000796  0.0000845  0.0000845    0.000247    0.000274
1985   5  30  46215  -0.130348   0.427450  -0.4093176   0.0022844   0.000141  -0.000468   0.001295   0.001079  0.0000845  0.0000846    0.000247    0.000274
1985   5  31  46216  -0.128129   0.429528  -0.4116023   0.0022465   0.000245  -0.000389   0.002292   0.001870  0.0000846  0.0000988    0.000247    0.000274
1985   6   1  46217  -0.125290   0.432460  -0.4137617   0.0020418   0.000362  -0.000287   0.005196   0.005314  0.0001130  0.0001009    0.000340    0.000339
1985   6   2  46218  -0.122630   0.435135  -0.4156569   0.0017345   0.000465  -0.000187   0.002001   0.002509  0.0001173  0.0001152    0.000354    0.000348
1985   6   3  46219  -0.120562   0.437078  -0.4172317   0.0014198   0.000533  -0.000113   0.000959   0.001235  0.0001173  0.0001173    0.000354    0.000348
1985   6   4  46220  -0.118167   0.439430  -0.4185251   0.0011857   0.000535  -0.000106   0.000951   0.001226  0.0001173  0.0001173    0.000354    0.000348
1985   6   5  46221  -0.115259   0.442179  -0.4196461   0.0010798   0.000482  -0.000151   0.003466   0.004313  0.0001173  0.0001040    0.000354    0.000348
1985   6   6  46222  -0.112328   0.444483  -0.4207255   0.0010981   0.000396  -0.000221   0.006100   0.005650  0.0000906  0.0001031    0.000323    0.000311
1985   6   7  46223  -0.109760   0.446128  -0.4218696   0.0011995   0.000300  -0.000296   0.000735   0.000695  0.0000889  0.0000898    0.000320    0.000308
1985   6   8  46224  -0.107628   0.447788  -0.4231353   0.0013312   0.000219  -0.000357   0.000607   0.000574  0.0000889  0.0000889    0.000320    0.000308
1985   6   9  46225  -0.105860   0.450105  -0.4245296   0.0014493   0.000186  -0.000366   0.000608   0.000575  0.0000889  0.0000889    0.000320    0.000308
1985   6  10  46226  -0.104146   0.452794  -0.4260233   0.0015267   0.000201  -0.000344   0.001115   0.001054  0.0000889  0.0000911    0.000320    0.000308
1985   6  11  46227  -0.102091   0.455157  -0.4275676   0.0015500   0.000253  -0.000321   0.008332   0.007745  0.0000932  0.0000913    0.000425    0.000399
1985   6  12  46228  -0.099731   0.456857  -0.4291051   0.0015140   0.000331  -0.000312   0.001863   0.002041  0.0000937  0.0000934    0.000440    0.000412
1985   6  13  46229  -0.097648   0.458268  -0.4305765   0.0014205   0.000416  -0.000332   0.001016   0.001108  0.0000937  0.0000937    0.000440    0.000412
1985   6  14  46230  -0.096103   0.459920  -0.4319288   0.0012831   0.000485  -0.000417   0.001406   0.001451  0.0000937  0.0000937    0.000440    0.000412
1985   6  15  46231  -0.094467   0.461936  -0.4331299   0.0011254   0.000532  -0.000523   0.002751   0.002260  0.0000936  0.0000868    0.000440    0.000412
1985   6  16  46232  -0.092124   0.463984  -0.4341733   0.0009721   0.000559  -0.000611   0.003378   0.003103  0.0000800  0.0000868    0.000274    0.000279
1985   6  17  46233  -0.089205   0.465724  -0.4350765   0.0008445   0.000567  -0.000654   0.001488   0.001495  0.0000799  0.0000824    0.000270    0.000274
1985   6  18  46234  -0.086253   0.467007  -0.4358743   0.0007545   0.000562  -0.000648   0.000911   0.000908  0.0000848  0.0000722    0.000291    0.000283
1985   6  19  46235  -0.083452   0.467770  -0.4366073   0.0007051   0.000543  -0.000622   0.000775   0.000736  0.0000645  0.0000560    0.000342    0.000271
1985   6  20  46236  -0.080391   0.468840  -0.4373134   0.0007014   0.000590  -0.000382   0.000376   0.000366  0.0000271  0.0000428    0.000195    0.000161
1985   6  21  46237  -0.077337   0.470333  -0.4380408   0.0007633   0.000628  -0.000239   0.000293   0.000286  0.0000210  0.0000308    0.000153    0.000130
1985   6  22  46238  -0.074784   0.471858  -0.4388655   0.0009151   0.000595  -0.000445   0.000438   0.000436  0.0000345  0.0000539    0.000223    0.000194
1985   6  23  46239  -0.072628   0.473219  -0.4398852   0.0011571   0.000541  -0.000824   0.000711   0.000745  0.0000867  0.0000612    0.000340    0.000316
1985   6  24  46240  -0.070329   0.474284  -0.4411788   0.0014433   0.000557  -0.001046   0.000718   0.000753  0.0000880  0.0000873    0.000341    0.000318
1985   6  25  46241  -0.067500   0.475047  -0.4427545   0.0016948   0.000633  -0.001105   0.001706   0.001772  0.0000880  0.0000913    0.000341    0.000318
1985   6  26  46242  -0.063975   0.475700  -0.4445363   0.0018359   0.000740  -0.001041   0.007081   0.007188  0.0000946  0.0000916    0.000348    0.000288
1985   6  27  46243  -0.060091   0.476515  -0.4463842   0.0018190   0.000855  -0.000872   0.001372   0.001616  0.0000952  0.0000949    0.000348    0.000285
1985   6  28  46244  -0.056403   0.477935  -0.4481314   0.0016371   0.000953  -0.000639   0.000879   0.001035  0.0000952  0.0000952    0.000348    0.000285
1985   6  29  46245  -0.053230   0.479908  -0.4496267   0.0013277   0.000982  -0.000450   0.001141   0.001324  0.0000952  0.0000952    0.000348    0.000285
1985   6  30  46246  -0.050335   0.481555  -0.4507773   0.0009658   0.000950  -0.000306   0.001719   0.001909  0.0000952  0.0000908    0.000348    0.000285
1985   7   1  46247  -0.047411   0.482663   0.5484254   0.0006412   0.000874  -0.000206   0.003342   0.002590  0.0000864  0.0000905    0.000344    0.000283
1985   7   2  46248  -0.044479   0.483492   0.5479038   0.0004286   0.000770  -0.000156   0.002425   0.001510  0.0000858  0.0000861    0.000344    0.000283
1985   7   3  46249  -0.041881   0.484385   0.5475252   0.0003582   0.000660  -0.000148   0.001712   0.000995  0.0000858  0.0000858    0.000344    0.000283
1985   7   4  46250  -0.039512   0.484951   0.5471522   0.0004065   0.000573  -0.000140   0.001660   0.000938  0.0000858  0.0000872    0.000344    0.000283
1985   7   5  46251  -0.036943   0.485423   0.5466935   0.0005158   0.000513  -0.000156   0.004235   0.002144  0.0000887  0.0000956    0.000286    0.000259
1985   7   6  46252  -0.033862   0.486685   0.5461190   0.0006293   0.000474  -0.000207   0.001126   0.000775  0.0001054  0.0000982    0.000191    0.000201
1985   7   7  46253  -0.030449   0.487671   0.5454456   0.0007121   0.000450  -0.000292   0.000701   0.000510  0.0001078  0.0001109    0.000202    0.000210
1985   7   8  46254  -0.027171   0.487492   0.5447122   0.0007529   0.000429  -0.000410   0.000693   0.000593  0.0001164  0.0001151    0.000265    0.000253
1985   7   9  46255  -0.023764   0.487021   0.5439598   0.0007512   0.000377  -0.000504   0.000699   0.000676  0.0001224  0.0001199    0.000343    0.000294
1985   7  10  46256  -0.020054   0.487372   0.5432300   0.0007074   0.000292  -0.000557   0.001610   0.001577  0.0001234  0.0001088    0.000363    0.000302
1985   7  11  46257  -0.016210   0.488898   0.5425630   0.0006260   0.000200  -0.000576   0.003500   0.003247  0.0000952  0.0001086    0.000345    0.000300
1985   7  12  46258  -0.012892   0.491131   0.5419914   0.0005182   0.000127  -0.000575   0.001452   0.001467  0.0000938  0.0000945    0.000344    0.000300
1985   7  13  46259  -0.008863   0.491882   0.5415333   0.0004001   0.000098  -0.000568   0.001019   0.001044  0.0000938  0.0000938    0.000344    0.000300
1985   7  14  46260  -0.003797   0.490698   0.5411901   0.0002849   0.000192  -0.000588   0.001261   0.001297  0.0000938  0.0000938    0.000344    0.000300
1985   7  15  46261   0.000180   0.490286   0.5409540   0.0001835   0.000340  -0.000629   0.001720   0.001780  0.0000938  0.0000951    0.000344    0.000300
1985   7  16  46262   0.003139   0.491193   0.5408044   0.0001149   0.000481  -0.000689   0.004074   0.002919  0.0000964  0.0000954    0.000444    0.000376
1985   7  17  46263   0.005958   0.492437   0.5406969   0.0001095   0.000576  -0.000752   0.001732   0.001670  0.0000969  0.0000989    0.000456    0.000385
1985   7  18  46264   0.009267   0.492929   0.5405526   0.0002010   0.000594  -0.000805   0.000949   0.000981  0.0001013  0.0001229    0.000477    0.000402
1985   7  19  46265   0.013177   0.493321   0.5402639   0.0004035   0.000507  -0.000829   0.001013   0.001053  0.0001489  0.0001818    0.000698    0.000588
1985   7  20  46266   0.016912   0.494098   0.5397257   0.0006867   0.000414  -0.000799   0.001977   0.001457  0.0002623  0.0001231    0.000759    0.000530
1985   7  21  46267   0.019556   0.495140   0.5388891   0.0009773   0.000364  -0.000703   0.000924   0.000534  0.0000974  0.0001778    0.000245    0.000167
1985   7  22  46268   0.022131   0.495675   0.5377902   0.0011943   0.000355  -0.000530   0.000761   0.000483  0.0000932  0.0001016    0.000246    0.000170
1985   7  23  46269   0.025226   0.495543   0.5365360   0.0012836   0.000380  -0.000317   0.000701   0.000730  0.0001057  0.0001011    0.000370    0.000294
1985   7  24  46270   0.028971   0.495593   0.5352659   0.0012397   0.000433  -0.000171   0.000702   0.000863  0.0001091  0.0001389    0.000428    0.000380
1985   7  25  46271   0.032801   0.495525   0.5340971   0.0010918   0.000485  -0.000119   0.002023   0.002234  0.0001721  0.0003629    0.000563    0.000430
1985   7  26  46272   0.035982   0.494874   0.5331116   0.0008760   0.000504  -0.000151   0.004299   0.003198  0.0006168  0.0002140    0.000745    0.000463
1985   7  27  46273   0.038552   0.494244   0.5323563   0.0006304   0.000452  -0.000253   0.001984   0.001772  0.0002559  0.0003635    0.000542    0.000360
1985   7  28  46274   0.041722   0.495097   0.5318407   0.0003998   0.000333  -0.000383   0.000765   0.000750  0.0001101  0.0001786    0.000262    0.000182
1985   7  29  46275   0.045579   0.495803   0.5315277   0.0002388   0.000236  -0.000469   0.000962   0.000928  0.0001013  0.0001056    0.000241    0.000168
1985   7  30  46276   0.049737   0.495751   0.5313237   0.0001936   0.000197  -0.000470   0.001933   0.001738  0.0001010  0.0001015    0.000241    0.000167
1985   7  31  46277   0.053395   0.495496   0.5311025   0.0002739   0.000182  -0.000430   0.003190   0.002509  0.0001017  0.0001014    0.000365    0.000232
1985   8   1  46278   0.055770   0.495512   0.5307499   0.0004460   0.000178  -0.000383   0.001496   0.001405  0.0001018  0.0001018    0.000488    0.000286
1985   8   2  46279   0.056972   0.495875   0.5302017   0.0006504   0.000175  -0.000374   0.000868   0.000858  0.0001018  0.0001018    0.000488    0.000286
1985   8   3  46280   0.060196   0.495764   0.5294563   0.0008299   0.000066  -0.000452   0.001042   0.001052  0.0001018  0.0001022    0.000488    0.000286
1985   8   4  46281   0.064357   0.495437   0.5285596   0.0009497  -0.000031  -0.000610   0.002013   0.002211  0.0001026  0.0002559    0.000492    0.000289
1985   8   5  46282   0.067950   0.495151   0.5275792   0.0009998  -0.000017  -0.000816   0.002445   0.003616  0.0004100  0.0001858    0.002213    0.001000
1985   8   6  46283   0.071000   0.494712   0.5265829   0.0009832   0.000135  -0.001030   0.001129   0.002006  0.0002690  0.0002979    0.002151    0.000710
1985   8   7  46284   0.073995   0.493933   0.5256334   0.0009038   0.000420  -0.001214   0.001128   0.001459  0.0001858  0.0002100    0.001830    0.000508
1985   8   8  46285   0.077699   0.493115   0.5247909   0.0007653   0.000762  -0.001197   0.001184   0.001244  0.0001511  0.0001536    0.001619    0.000418
1985   8   9  46286   0.081759   0.492631   0.5241112   0.0005798   0.001014  -0.000918   0.002638   0.002081  0.0001215  0.0001179    0.000392    0.000300
1985   8  10  46287   0.085647   0.492346   0.5236312   0.0003766   0.001033  -0.000537   0.000888   0.000725  0.0000848  0.0001054    0.000171    0.000179
1985   8  11  46288   0.089144   0.491888   0.5233497   0.0001993   0.000737  -0.000220   0.000509   0.000420  0.0000894  0.0000984    0.000184    0.000190
1985   8  12  46289   0.092411   0.490989   0.5232165   0.0000937   0.000078  -0.000147   0.000730   0.000618  0.0001120  0.0001126    0.000263    0.000240
1985   8  13  46290   0.095724   0.489109   0.5231386   0.0000914  -0.000424  -0.000192   0.001656   0.001538  0.0001359  0.0001265    0.000413    0.000296
1985   8  14  46291   0.099177   0.487284   0.5230030   0.0002030  -0.000590  -0.000310   0.002825   0.002693  0.0001411  0.0001234    0.000470    0.000309
1985   8  15  46292   0.102447   0.486280   0.5226987   0.0004194  -0.000448  -0.000461   0.003089   0.005064  0.0001109  0.0001252    0.000566    0.000284
1985   8  16  46293   0.105060   0.485729   0.5221360   0.0007110  -0.000071  -0.000589   0.002347   0.002049  0.0001093  0.0001101    0.000575    0.000282
1985   8  17  46294   0.107261   0.485057   0.5212652   0.0010274   0.000413  -0.000653   0.001479   0.001001  0.0001093  0.0001093    0.000575    0.000282
1985   8  18  46295   0.110291   0.484169   0.5200942   0.0013037   0.000684  -0.000573   0.001521   0.001010  0.0001093  0.0001093    0.000575    0.000282
1985   8  19  46296   0.114260   0.483411   0.5186944   0.0014791   0.000770  -0.000424   0.005501   0.003889  0.0001093  0.0001032    0.000575    0.000282
1985   8  20  46297   0.118233   0.483154   0.5171864   0.0015171   0.000698  -0.000281   0.006561   0.006966  0.0000971  0.0001028    0.000424    0.000274
1985   8  21  46298   0.121620   0.483092   0.5157092   0.0014182   0.000495  -0.000196   0.000916   0.000914  0.0000963  0.0000967    0.000417    0.000273
1985   8  22  46299   0.124507   0.482505   0.5143845   0.0012137   0.000224  -0.000202   0.000803   0.000796  0.0000963  0.0000962    0.000417    0.000273
1985   8  23  46300   0.127275   0.480984   0.5132943   0.0009530  -0.000009  -0.000407   0.000874   0.000865  0.0000961  0.0000880    0.000413    0.000271
1985   8  24  46301   0.130303   0.478955   0.5124687   0.0006919  -0.000155  -0.000637   0.001988   0.001739  0.0000796  0.0000865    0.000253    0.000190
1985   8  25  46302   0.133518   0.477246   0.5118834   0.0004863  -0.000175  -0.000767   0.001533   0.001248  0.0000770  0.0000816    0.000237    0.000180
1985   8  26  46303   0.135732   0.476610   0.5114593   0.0003847  -0.000066  -0.000684   0.001214   0.001031  0.0000836  0.0000974    0.000262    0.000198
1985   8  27  46304   0.137614   0.476199   0.5110767   0.0004141   0.000150  -0.000478   0.001159   0.001147  0.0001179  0.0001031    0.000423    0.000303
1985   8  28  46305   0.141336   0.474381   0.5106022   0.0005667   0.000487  -0.000322   0.001564   0.001550  0.0001226  0.0001203    0.000451    0.000320
1985   8  29  46306   0.145685   0.472039   0.5099285   0.0008009   0.000825  -0.000276   0.002413   0.002355  0.0001227  0.0001722    0.000452    0.000320
1985   8  30  46307   0.148894   0.470124   0.5090016   0.0010558   0.001021  -0.000354   0.002966   0.006195  0.0002218  0.0001839    0.000807    0.000503
1985   8  31  46308   0.150415   0.468580   0.5078313   0.0012687   0.000990  -0.000549   0.002573   0.003641  0.0002451  0.0002407    0.000887    0.000536
1985   9   1  46309   0.151519   0.466957   0.5064866   0.0013928   0.000705  -0.000821   0.001958   0.001946  0.0002596  0.0003146    0.000933    0.000565
1985   9   2  46310   0.155351   0.465393   0.5050706   0.0014168   0.000174  -0.001113   0.002730   0.002675  0.0003841  0.0006137    0.001281    0.000795
1985   9   3  46311   0.158735   0.463548   0.5036766   0.0013571  -0.000318  -0.001274   0.004448   0.005052  0.0009678  0.0004254    0.002063    0.001428
1985   9   4  46312   0.160478   0.460471   0.5023756   0.0012386  -0.000581  -0.001215   0.003714   0.004259  0.0004666  0.0005994    0.000570    0.000618
1985   9   5  46313   0.162389   0.457356   0.5012112   0.0010868  -0.000519  -0.000909   0.001688   0.001952  0.0002310  0.0003178    0.000405    0.000415
1985   9   6  46314   0.165529   0.457056   0.5002046   0.0009163  -0.000107  -0.000372   0.001147   0.001337  0.0001691  0.0001858    0.000418    0.000382
1985   9   7  46315   0.169259   0.457584   0.4993719   0.0007452   0.000403   0.000080   0.000942   0.001100  0.0001406  0.0001497    0.000433    0.000356
1985   9   8  46316   0.172416   0.456216   0.4986994   0.0006130   0.000760   0.000201   0.001362   0.001534  0.0001303  0.0001213    0.000442    0.000345
1985   9   9  46317   0.174719   0.453665   0.4981244   0.0005608   0.000901   0.000034   0.007466   0.003821  0.0001019  0.0001158    0.000369    0.000305
1985   9  10  46318   0.176391   0.451808   0.4975506   0.0006119   0.000814  -0.000331   0.002061   0.001735  0.0001012  0.0001039    0.000366    0.000306
1985   9  11  46319   0.177958   0.450664   0.4968686   0.0007711   0.000547  -0.000750   0.001088   0.000950  0.0001058  0.0001138    0.000373    0.000330
1985   9  12  46320   0.180063   0.448440   0.4959766   0.0010185   0.000186  -0.001060   0.001480   0.001170  0.0001264  0.0001278    0.000399    0.000482
1985   9  13  46321   0.182280   0.445860   0.4948091   0.0013220  -0.000085  -0.001175   0.002979   0.001703  0.0001499  0.0001355    0.000420    0.000990
1985   9  14  46322   0.184267   0.443479   0.4933311   0.0016384  -0.000189  -0.001071   0.006659   0.004818  0.0001446  0.0001235    0.000420    0.000959
1985   9  15  46323   0.185742   0.441028   0.4915586   0.0019009  -0.000159  -0.000812   0.002195   0.001936  0.0000972  0.0001208    0.000386    0.000377
1985   9  16  46324   0.186742   0.438409   0.4895796   0.0020375  -0.000047  -0.000490   0.001075   0.000942  0.0000971  0.0000971    0.000386    0.000377
1985   9  17  46325   0.187949   0.435915   0.4875431   0.0020030  -0.000047  -0.000297   0.001138   0.000997  0.0000971  0.0000971    0.000386    0.000377
1985   9  18  46326   0.189391   0.433666   0.4856226   0.0018081  -0.000102  -0.000242   0.004096   0.003536  0.0000971  0.0001279    0.000386    0.000377
1985   9  19  46327   0.190605   0.431545   0.4839508   0.0015213  -0.000154  -0.000310   0.006829   0.006534  0.0001588  0.0001336    0.000380    0.000370
1985   9  20  46328   0.191775   0.429322   0.4825745   0.0012361  -0.000182  -0.000478   0.001153   0.001500  0.0001701  0.0001645    0.000380    0.000370
1985   9  21  46329   0.193383   0.426873   0.4814503   0.0010312  -0.000171  -0.000694   0.001014   0.001324  0.0001701  0.0001701    0.000380    0.000370
1985   9  22  46330   0.195901   0.424280   0.4804727   0.0009484  -0.000022  -0.000878   0.001018   0.001330  0.0001701  0.0001701    0.000380    0.000370
1985   9  23  46331   0.198692   0.421848   0.4795144   0.0009908   0.000147  -0.000984   0.001995   0.002976  0.0001700  0.0001369    0.000380    0.000370
1985   9  24  46332   0.200972   0.419834   0.4784606   0.0011348   0.000241  -0.000979   0.003202   0.007152  0.0001036  0.0001357    0.000372    0.000345
1985   9  25  46333   0.202215   0.418188   0.4772271   0.0013439   0.000214  -0.000855   0.001470   0.001670  0.0001013  0.0001024    0.000372    0.000344
1985   9  26  46334   0.203548   0.416414   0.4757693   0.0015746   0.000062  -0.000645   0.000963   0.001029  0.0001013  0.0001013    0.000372    0.000344
1985   9  27  46335   0.205945   0.414052   0.4740872   0.0017754  -0.000431  -0.000294   0.001349   0.001438  0.0001013  0.0000993    0.000372    0.000344
1985   9  28  46336   0.208531   0.411133   0.4722374   0.0018982  -0.000903   0.000007   0.002333   0.002446  0.0000973  0.0000800    0.000350    0.000312
1985   9  29  46337   0.210338   0.408055   0.4703149   0.0019198  -0.001095   0.000119   0.000484   0.000468  0.0000587  0.0000800    0.000183    0.000139
1985   9  30  46338   0.210878   0.405191   0.4684226   0.0018501  -0.000887  -0.000020   0.000473   0.000459  0.0000626  0.0000664    0.000196    0.000150
1985  10   1  46339   0.210508   0.402566   0.4666365   0.0017281  -0.000226  -0.000437   0.000568   0.000555  0.0000741  0.0000776    0.000237    0.000186
1985  10   2  46340   0.210861   0.399735   0.4649821   0.0015952   0.000434  -0.000885   0.000915   0.000910  0.0000925  0.0000899    0.000311    0.000257
1985  10   3  46341   0.212478   0.396504   0.4634528   0.0014705   0.000770  -0.001187   0.003776   0.003809  0.0001057  0.0001042    0.000371    0.000327
1985  10   4  46342   0.214336   0.393154   0.4620375   0.0013560   0.000774  -0.001329   0.005489   0.004546  0.0001159  0.0001110    0.000402    0.000391
1985  10   5  46343   0.215208   0.390125   0.4607277   0.0012553   0.000492  -0.001324   0.001905   0.001587  0.0001164  0.0001162    0.000403    0.000393
1985  10   6  46344   0.214656   0.387436   0.4595064   0.0011873   0.000044  -0.001214   0.001315   0.001114  0.0001164  0.0001164    0.000403    0.000393
1985  10   7  46345   0.214901   0.384345   0.4583277   0.0011881  -0.000227  -0.001172   0.001108   0.000946  0.0001164  0.0001164    0.000403    0.000393
1985  10   8  46346   0.217241   0.380826   0.4571014   0.0012934  -0.000357  -0.001156   0.002696   0.002876  0.0001163  0.0001033    0.000403    0.000393
1985  10   9  46347   0.220239   0.377879   0.4557106   0.0015140  -0.000373  -0.001141   0.003840   0.006837  0.0000902  0.0001026    0.000346    0.000355
1985  10  10  46348   0.221954   0.375981   0.4540464   0.0018249  -0.000288  -0.001125   0.001275   0.001052  0.0000889  0.0000895    0.000343    0.000353
1985  10  11  46349   0.222572   0.373994   0.4520465   0.0021651  -0.000150  -0.001103   0.000900   0.000734  0.0000889  0.0000889    0.000343    0.000353
1985  10  12  46350   0.222700   0.370831   0.4497250   0.0024518  -0.000062  -0.001042   0.000897   0.000731  0.0000889  0.0000889    0.000343    0.000353
1985  10  13  46351   0.222851   0.366800   0.4471796   0.0026063  -0.000049  -0.000964   0.000958   0.000784  0.0000889  0.0000913    0.000343    0.000353
1985  10  14  46352   0.223374   0.362955   0.4445702   0.0025848  -0.000115  -0.000884   0.005761   0.004058  0.0000938  0.0000915    0.000348    0.000390
1985  10  15  46353   0.224168   0.359988   0.4420706   0.0023999  -0.000241  -0.000813   0.002791   0.001786  0.0000942  0.0000940    0.000348    0.000394
1985  10  16  46354   0.224703   0.357672   0.4398126   0.0021159  -0.000376  -0.000760   0.001567   0.000990  0.0000942  0.0000942    0.000348    0.000394
1985  10  17  46355   0.225119   0.355035   0.4378489   0.0018191  -0.000502  -0.000781   0.001668   0.001064  0.0000942  0.0000987    0.000348    0.000394
1985  10  18  46356   0.225861   0.351415   0.4361522   0.0015842  -0.000512  -0.000811   0.003705   0.002716  0.0001033  0.0003489    0.000381    0.000423
1985  10  19  46357   0.227095   0.347244   0.4346383   0.0014534  -0.000351  -0.000800   0.004913   0.004070  0.0006036  0.0001704    0.001833    0.000837
1985  10  20  46358   0.227819   0.344524   0.4331999   0.0014352  -0.000025  -0.000729   0.002075   0.001724  0.0002375  0.0003643    0.000738    0.000632
1985  10  21  46359   0.227120   0.343843   0.4317318   0.0015200   0.000437  -0.000560   0.001089   0.000905  0.0001250  0.0001712    0.000390    0.000415
1985  10  22  46360   0.225937   0.342613   0.4301389   0.0016906   0.000710  -0.000606   0.000916   0.000762  0.0001049  0.0001922    0.000327    0.000360
1985  10  23  46361   0.225430   0.339559   0.4283447   0.0019159   0.000721  -0.000817   0.002419   0.002046  0.0002594  0.0004817    0.000804    0.000753
1985  10  24  46362   0.226036   0.335602   0.4263134   0.0021419   0.000540  -0.000975   0.007679   0.007855  0.0008585  0.0001977    0.002632    0.001210
1985  10  25  46363   0.227101   0.332548   0.4240761   0.0023028   0.000313  -0.000680   0.001374   0.002082  0.0001361  0.0004676    0.000474    0.000543
1985  10  26  46364   0.228325   0.329649   0.4217285   0.0023562   0.000068  -0.000344   0.000956   0.001476  0.0000766  0.0001133    0.000267    0.000327
1985  10  27  46365   0.229404   0.326280   0.4193870   0.0023039  -0.000135  -0.000351   0.001392   0.002107  0.0000905  0.0001706    0.000316    0.000386
1985  10  28  46366   0.229816   0.323298   0.4171430   0.0021767  -0.000239  -0.000574   0.002906   0.003266  0.0002646  0.0001005    0.000804    0.000857
1985  10  29  46367   0.229757   0.320954   0.4150513   0.0020051  -0.000221  -0.000837   0.001026   0.000993  0.0001105  0.0001758    0.000298    0.000296
1985  10  30  46368   0.229456   0.318788   0.4131432   0.0018094  -0.000096  -0.000959   0.000803   0.000772  0.0000870  0.0001126    0.000238    0.000237
1985  10  31  46369   0.229047   0.316216   0.4114331   0.0016112   0.000087  -0.000823   0.001083   0.000991  0.0001148  0.0001082    0.000344    0.000368
1985  11   1  46370   0.228859   0.313316   0.4099110   0.0014376   0.000191  -0.000693   0.001666   0.001482  0.0001294  0.0001227    0.000415    0.000474
1985  11   2  46371   0.228850   0.310345   0.4085392   0.0013138   0.000178  -0.000625   0.005272   0.004703  0.0001305  0.0001627    0.000421    0.000484
1985  11   3  46372   0.228692   0.307598   0.4072587   0.0012558   0.000070  -0.000605   0.006186   0.006838  0.0001960  0.0001679    0.000525    0.000680
1985  11   4  46373   0.228456   0.305032   0.4060000   0.0012706  -0.000099  -0.000636   0.001237   0.001462  0.0002053  0.0002006    0.000536    0.000705
1985  11   5  46374   0.228155   0.302404   0.4046898   0.0013621  -0.000276  -0.000706   0.001215   0.001435  0.0002053  0.0002053    0.000536    0.000705
1985  11   6  46375   0.228039   0.299493   0.4032506   0.0015336  -0.000343  -0.000757   0.001237   0.001460  0.0002053  0.0002052    0.000536    0.000705
1985  11   7  46376   0.227948   0.296472   0.4016046   0.0017775  -0.000332  -0.000791   0.003585   0.003881  0.0002051  0.0001616    0.000536    0.000704
1985  11   8  46377   0.227717   0.293716   0.3996924   0.0020593  -0.000275  -0.000806   0.007826   0.006196  0.0001180  0.0001602    0.000364    0.000346
1985  11   9  46378   0.227173   0.291534   0.3975053   0.0023119  -0.000197  -0.000792   0.001664   0.001314  0.0001152  0.0001166    0.000356    0.000337
1985  11  10  46379   0.227217   0.289889   0.3951118   0.0024526  -0.000128  -0.000751   0.001130   0.000890  0.0001152  0.0001152    0.000356    0.000337
1985  11  11  46380   0.228234   0.288332   0.3926581   0.0024188  -0.000127  -0.000686   0.001653   0.001280  0.0001152  0.0001152    0.000356    0.000337
1985  11  12  46381   0.229320   0.286151   0.3903279   0.0022056  -0.000170  -0.000612   0.003753   0.002616  0.0001152  0.0001289    0.000356    0.000337
1985  11  13  46382   0.229521   0.283287   0.3882763   0.0018772  -0.000231  -0.000548   0.002817   0.005101  0.0001426  0.0001305    0.000407    0.000429
1985  11  14  46383   0.228457   0.280265   0.3865683   0.0015442  -0.000286  -0.000500   0.002014   0.002557  0.0001457  0.0001442    0.000412    0.000440
1985  11  15  46384   0.226470   0.277398   0.3851522   0.0013181  -0.000313  -0.000472   0.001384   0.001404  0.0001457  0.0001457    0.000412    0.000440
1985  11  16  46385   0.225254   0.274012   0.3838823   0.0012660  -0.000237  -0.000504   0.001652   0.001540  0.0001457  0.0001457    0.000412    0.000440
1985  11  17  46386   0.224694   0.270367   0.3825750   0.0013874  -0.000120  -0.000535   0.004926   0.002860  0.0001456  0.0001255    0.000412    0.000440
1985  11  18  46387   0.223950   0.267381   0.3810791   0.0016192  -0.000020  -0.000520   0.004475   0.002799  0.0001053  0.0001249    0.000336    0.000368
1985  11  19  46388   0.223912   0.265320   0.3793275   0.0018677   0.000029  -0.000437   0.000789   0.000823  0.0001041  0.0001066    0.000334    0.000365
1985  11  20  46389   0.225142   0.263691   0.3773498   0.0020519   0.000002  -0.000281   0.000822   0.000856  0.0001079  0.0000823    0.000356    0.000378
1985  11  21  46390   0.227135   0.261644   0.3752389   0.0021362  -0.000146  -0.000031   0.000570   0.000654  0.0000606  0.0000659    0.000371    0.000333
1985  11  22  46391   0.228271   0.258208   0.3730969   0.0021335  -0.000112   0.000004   0.000236   0.000282  0.0000238  0.0000395    0.000201    0.000172
1985  11  23  46392   0.228270   0.254675   0.3709931   0.0020751  -0.000047  -0.000064   0.000184   0.000220  0.0000185  0.0000280    0.000158    0.000136
1985  11  24  46393   0.227872   0.252472   0.3689676   0.0019777  -0.000133  -0.000066   0.000331   0.000390  0.0000323  0.0000746    0.000236    0.000221
1985  11  25  46394   0.227568   0.251202   0.3670556   0.0018417  -0.000280  -0.000038   0.001489   0.001507  0.0001308  0.0000844    0.000359    0.000433
1985  11  26  46395   0.227369   0.249824   0.3652960   0.0016705  -0.000352  -0.000002   0.002176   0.002104  0.0001366  0.0001337    0.000360    0.000436
1985  11  27  46396   0.226944   0.247871   0.3637182   0.0014844  -0.000365   0.000031   0.003653   0.003197  0.0001366  0.0001598    0.000360    0.000436
1985  11  28  46397   0.226342   0.245559   0.3623211   0.0013180  -0.000344   0.000040   0.003564   0.004346  0.0001829  0.0001624    0.000494    0.000635
1985  11  29  46398   0.225666   0.243317   0.3610667   0.0012038  -0.000302   0.000001   0.002523   0.002955  0.0001882  0.0001856    0.000510    0.000661
1985  11  30  46399   0.224872   0.241233   0.3598902   0.0011621  -0.000249  -0.000096   0.001541   0.001733  0.0001882  0.0001882    0.000510    0.000661
1985  12   1  46400   0.224168   0.238828   0.3587150   0.0012002  -0.000239  -0.000293   0.001469   0.001644  0.0001882  0.0001882    0.000510    0.000661
1985  12   2  46401   0.223277   0.236096   0.3574624   0.0013163  -0.000239  -0.000528   0.005207   0.005832  0.0001882  0.0001653    0.000510    0.000661
1985  12   3  46402   0.221789   0.233457   0.3560591   0.0015006  -0.000225  -0.000738   0.010440   0.009179  0.0001424  0.0001642    0.000356    0.000533
1985  12   4  46403   0.219725   0.231107   0.3544455   0.0017337  -0.000194  -0.000872   0.001810   0.001288  0.0001402  0.0001413    0.000350    0.000526
1985  12   5  46404   0.217631   0.228744   0.3525871   0.0019827  -0.000153  -0.000898   0.001421   0.001009  0.0001402  0.0001402    0.000350    0.000526
1985  12   6  46405   0.216084   0.226124   0.3504910   0.0022022  -0.000006  -0.000744   0.001443   0.001025  0.0001402  0.0001401    0.000350    0.000526
1985  12   7  46406   0.215375   0.223816   0.3482119   0.0023413   0.000099  -0.000490   0.004292   0.002810  0.0001401  0.0001168    0.000350    0.000526
1985  12   8  46407   0.215356   0.222261   0.3458539   0.0023550   0.000055  -0.000214   0.011491   0.005602  0.0000934  0.0001163    0.000304    0.000360
1985  12   9  46408   0.215198   0.221194   0.3435529   0.0022251  -0.000174   0.000018   0.001863   0.001830  0.0000924  0.0000962    0.000305    0.000355
1985  12  10  46409   0.213594   0.218303   0.3414431   0.0019747  -0.000577   0.000147   0.001298   0.001291  0.0000990  0.0001130    0.000327    0.000369
1985  12  11  46410   0.210417   0.213606   0.3396160   0.0016651  -0.001128   0.000156   0.001863   0.001857  0.0001336  0.0001692    0.000444    0.000425
1985  12  12  46411   0.207548   0.211144   0.3380925   0.0013863  -0.001490  -0.000022   0.004010   0.003959  0.0002394  0.0005121    0.000808    0.000563
1985  12  13  46412   0.206013   0.211111   0.3367985   0.0012220  -0.001525  -0.000276   0.011940   0.009218  0.0008905  0.0002458    0.002993    0.001278
1985  12  14  46413   0.205285   0.210109   0.3355975   0.0012055  -0.001192  -0.000326   0.002858   0.002222  0.0002522  0.0005147    0.000984    0.000913
1985  12  15  46414   0.204851   0.206863   0.3343484   0.0013128  -0.000631  -0.000240   0.001369   0.001056  0.0001389  0.0001944    0.000544    0.000578
1985  12  16  46415   0.204886   0.203515   0.3329545   0.0014804  -0.000142  -0.000179   0.001461   0.001122  0.0001367  0.0001378    0.000535    0.000570
1985  12  17  46416   0.205077   0.201317   0.3313912   0.0016413   0.000171  -0.000167   0.005154   0.003869  0.0001366  0.0001448    0.000535    0.000569
1985  12  18  46417   0.204874   0.200043   0.3296891   0.0017532   0.000293  -0.000187   0.009072   0.006477  0.0001530  0.0001458    0.000381    0.000382
1985  12  19  46418   0.204185   0.198941   0.3279073   0.0017981   0.000217  -0.000245   0.001384   0.001058  0.0001550  0.0001540    0.000372    0.000372
1985  12  20  46419   0.203170   0.197341   0.3261159   0.0017707  -0.000017  -0.000337   0.001205   0.000921  0.0001550  0.0001550    0.000372    0.000372
1985  12  21  46420   0.202052   0.194925   0.3243869   0.0016784  -0.000248  -0.000418   0.001214   0.000928  0.0001550  0.0001550    0.000372    0.000372
1985  12  22  46421   0.200865   0.191839   0.3227765   0.0015367  -0.000455  -0.000492   0.003014   0.002308  0.0001550  0.0001550    0.000372    0.000372
1985  12  23  46422   0.199703   0.188535   0.3213254   0.0013619  -0.000624  -0.000558   0.019337   0.016161  0.0001550  0.0001550    0.000372    0.000372
1985  12  24  46423   0.198614   0.185502   0.3200572   0.0011735  -0.000726  -0.000602   0.020804   0.017736  0.0001550  0.0001550    0.000372    0.000372
1985  12  25  46424   0.197614   0.182986   0.3189740   0.0009944  -0.000751  -0.000611   0.015704   0.016158  0.0001550  0.0001540    0.000372    0.000372
1985  12  26  46425   0.196537   0.180994   0.3180549   0.0008482  -0.000706  -0.000572   0.015091   0.015901  0.0001530  0.0001540    0.000424    0.000381
1985  12  27  46426   0.195250   0.179341   0.3172562   0.0007556  -0.000607  -0.000480   0.014591   0.015769  0.0001530  0.0001530    0.000424    0.000381
1985  12  28  46427   0.193553   0.177829   0.3165165   0.0007321  -0.000481  -0.000341   0.007874   0.009109  0.0001530  0.0001530    0.000424    0.000381
1985  12  29  46428   0.191276   0.176233   0.3157632   0.0007848  -0.000352  -0.000171   0.001995   0.002231  0.0001530  0.0001530    0.000424    0.000381
1985  12  30  46429   0.188596   0.174184   0.3149220   0.0009109  -0.000245  -0.000001   0.000994   0.001107  0.0001530  0.0001530    0.000424    0.000381
1985  12  31  46430   0.186092   0.171437   0.3139259   0.0010955  -0.000185   0.000144   0.001178   0.001299  0.0001530  0.0001530    0.000424    0.000381
