

                   INTERNATIONAL EARTH ROTATION SERVICE
                        EARTH ROTATION PARAMETERS
                          EOP (IERS) C04

  
             FORMAT(3(I4),I7,2(F11.6),2(F12.7),2(F12.6),2(F11.6),2(F12.7),2F12.6)
**********************************************************************************
  
      Date      MJD      x          y        UT1-UTC       LOD         dX        dY        x Err     y Err   UT1-UTC Err  Lod Err     dY Err       dY Err  
                         "          "           s           s          "         "           "          "          s         s            "           "
     (0h UTC)

1981   1   1  44605   0.072600   0.358400  -0.1964497   0.0023250   0.000000   0.000000   0.002000   0.002000  0.0004000  0.0001500    0.003000    0.002000
1981   1   2  44606   0.073400   0.357600  -0.1987358   0.0022560   0.000000   0.000000   0.002000   0.002000  0.0004000  0.0001500    0.003000    0.002000
1981   1   3  44607   0.074101   0.356901  -0.2009620   0.0021870   0.000000   0.000000   0.002000   0.002000  0.0004000  0.0001500    0.003000    0.002000
1981   1   4  44608   0.074701   0.356301  -0.2031241   0.0021300   0.000000   0.000000   0.002000   0.002000  0.0004000  0.0001500    0.003000    0.002000
1981   1   5  44609   0.075201   0.355701  -0.2052312   0.0020910   0.000000   0.000000   0.002000   0.002000  0.0004000  0.0001500    0.003000    0.002000
1981   1   6  44610   0.075601   0.355101  -0.2073213   0.0020970   0.000000   0.000000   0.002000   0.002000  0.0004000  0.0001500    0.003000    0.002000
1981   1   7  44611   0.076002   0.354602  -0.2094434   0.0021580   0.000000   0.000000   0.002000   0.002000  0.0004000  0.0001500    0.003000    0.002000
1981   1   8  44612   0.076402   0.354102  -0.2116565   0.0022740   0.000000   0.000000   0.002000   0.002000  0.0004000  0.0001500    0.003000    0.002000
1981   1   9  44613   0.076702   0.353602  -0.2140046   0.0024290   0.000000   0.000000   0.002000   0.002000  0.0004000  0.0001500    0.003000    0.002000
1981   1  10  44614   0.076902   0.353102  -0.2165177   0.0025950   0.000000   0.000000   0.002000   0.002000  0.0004000  0.0001500    0.003000    0.002000
1981   1  11  44615   0.077103   0.352603  -0.2191768   0.0027370   0.000000   0.000000   0.002000   0.002000  0.0004000  0.0001500    0.003000    0.002000
1981   1  12  44616   0.077303   0.352103  -0.2219649   0.0028270   0.000000   0.000000   0.002000   0.002000  0.0004000  0.0001500    0.003000    0.002000
1981   1  13  44617   0.077503   0.351603  -0.2248060   0.0028450   0.000000   0.000000   0.002000   0.002000  0.0004000  0.0001500    0.003000    0.002000
1981   1  14  44618   0.077604   0.350904  -0.2276201   0.0027880   0.000000   0.000000   0.002000   0.002000  0.0004000  0.0001500    0.003000    0.002000
1981   1  15  44619   0.077704   0.350304  -0.2303522   0.0026690   0.000000   0.000000   0.002000   0.002000  0.0004000  0.0001500    0.003000    0.002000
1981   1  16  44620   0.077804   0.349504  -0.2329463   0.0025250   0.000000   0.000000   0.002000   0.002000  0.0004000  0.0001500    0.003000    0.002000
1981   1  17  44621   0.077904   0.348804  -0.2353934   0.0023750   0.000000   0.000000   0.002000   0.002000  0.0004000  0.0001500    0.003000    0.002000
1981   1  18  44622   0.078005   0.348005  -0.2377095   0.0022650   0.000000   0.000000   0.002000   0.002000  0.0004000  0.0001500    0.003000    0.002000
1981   1  19  44623   0.078105   0.347105  -0.2399446   0.0022160   0.000000   0.000000   0.002000   0.002000  0.0004000  0.0001500    0.003000    0.002000
1981   1  20  44624   0.078205   0.346205  -0.2421727   0.0022390   0.000000   0.000000   0.002000   0.002000  0.0004000  0.0001500    0.003000    0.002000
1981   1  21  44625   0.078305   0.345305  -0.2444388   0.0022970   0.000000   0.000000   0.002000   0.002000  0.0004000  0.0001500    0.003000    0.002000
1981   1  22  44626   0.078406   0.344306  -0.2467739   0.0023740   0.000000   0.000000   0.002000   0.002000  0.0004000  0.0001500    0.003000    0.002000
1981   1  23  44627   0.078506   0.343406  -0.2491940   0.0024360   0.000000   0.000000   0.002000   0.002000  0.0004000  0.0001500    0.003000    0.002000
1981   1  24  44628   0.078806   0.342306  -0.2516401   0.0024580   0.000000   0.000000   0.002000   0.002000  0.0004000  0.0001500    0.003000    0.002000
1981   1  25  44629   0.079107   0.341307  -0.2540912   0.0024400   0.000000   0.000000   0.002000   0.002000  0.0004000  0.0001500    0.003000    0.002000
1981   1  26  44630   0.079607   0.340207  -0.2565103   0.0023900   0.000000   0.000000   0.002000   0.002000  0.0004000  0.0001500    0.003000    0.002000
1981   1  27  44631   0.080207   0.339207  -0.2588614   0.0023090   0.000000   0.000000   0.002000   0.002000  0.0004000  0.0001500    0.003000    0.002000
1981   1  28  44632   0.080907   0.338107  -0.2611195   0.0021920   0.000000   0.000000   0.002000   0.002000  0.0004000  0.0001500    0.003000    0.002000
1981   1  29  44633   0.081808   0.337008  -0.2632416   0.0020510   0.000000   0.000000   0.002000   0.002000  0.0004000  0.0001500    0.003000    0.002000
1981   1  30  44634   0.082808   0.336008  -0.2652217   0.0019090   0.000000   0.000000   0.002000   0.002000  0.0004000  0.0001500    0.003000    0.002000
1981   1  31  44635   0.083808   0.334908  -0.2670718   0.0018080   0.000000   0.000000   0.002000   0.002000  0.0004000  0.0001500    0.003000    0.002000
1981   2   1  44636   0.084908   0.333908  -0.2688349   0.0017220   0.000000   0.000000   0.002000   0.002000  0.0004000  0.0001500    0.003000    0.002000
1981   2   2  44637   0.086009   0.333009  -0.2705390   0.0016850   0.000000   0.000000   0.002000   0.002000  0.0004000  0.0001500    0.003000    0.002000
1981   2   3  44638   0.087009   0.332109  -0.2722341   0.0017120   0.000000   0.000000   0.002000   0.002000  0.0004000  0.0001500    0.003000    0.002000
1981   2   4  44639   0.088109   0.331309  -0.2739722   0.0018190   0.000000   0.000000   0.002000   0.002000  0.0004000  0.0001500    0.003000    0.002000
1981   2   5  44640   0.089110   0.330510  -0.2758783   0.0020180   0.000000   0.000000   0.002000   0.002000  0.0004000  0.0001500    0.003000    0.002000
1981   2   6  44641   0.090010   0.329710  -0.2780274   0.0022710   0.000000   0.000000   0.002000   0.002000  0.0004000  0.0001500    0.003000    0.002000
1981   2   7  44642   0.090810   0.329010  -0.2804145   0.0024980   0.000000   0.000000   0.002000   0.002000  0.0004000  0.0001500    0.003000    0.002000
1981   2   8  44643   0.091610   0.328410  -0.2830126   0.0026760   0.000000   0.000000   0.002000   0.002000  0.0004000  0.0001500    0.003000    0.002000
1981   2   9  44644   0.092211   0.327711  -0.2857387   0.0027700   0.000000   0.000000   0.002000   0.002000  0.0004000  0.0001500    0.003000    0.002000
1981   2  10  44645   0.092711   0.327111  -0.2885138   0.0027780   0.000000   0.000000   0.002000   0.002000  0.0004000  0.0001500    0.003000    0.002000
1981   2  11  44646   0.093011   0.326511  -0.2912729   0.0027080   0.000000   0.000000   0.002000   0.002000  0.0004000  0.0001500    0.003000    0.002000
1981   2  12  44647   0.093111   0.325911  -0.2939090   0.0025720   0.000000   0.000000   0.002000   0.002000  0.0004000  0.0001500    0.003000    0.002000
1981   2  13  44648   0.093012   0.325212  -0.2964181   0.0024400   0.000000   0.000000   0.002000   0.002000  0.0004000  0.0001500    0.003000    0.002000
1981   2  14  44649   0.092712   0.324512  -0.2988092   0.0023340   0.000000   0.000000   0.002000   0.002000  0.0004000  0.0001500    0.003000    0.002000
1981   2  15  44650   0.092312   0.323812  -0.3011143   0.0022670   0.000000   0.000000   0.002000   0.002000  0.0004000  0.0001500    0.003000    0.002000
1981   2  16  44651   0.091813   0.323113  -0.3033554   0.0022350   0.000000   0.000000   0.002000   0.002000  0.0004000  0.0001500    0.003000    0.002000
1981   2  17  44652   0.091213   0.322313  -0.3056024   0.0022460   0.000000   0.000000   0.002000   0.002000  0.0004000  0.0001500    0.003000    0.002000
1981   2  18  44653   0.090613   0.321513  -0.3078685   0.0022770   0.000000   0.000000   0.002000   0.002000  0.0004000  0.0001500    0.003000    0.002000
1981   2  19  44654   0.089913   0.320613  -0.3101576   0.0022910   0.000000   0.000000   0.002000   0.002000  0.0004000  0.0001500    0.003000    0.002000
1981   2  20  44655   0.089214   0.319714  -0.3124537   0.0022980   0.000000   0.000000   0.002000   0.002000  0.0004000  0.0001500    0.003000    0.002000
1981   2  21  44656   0.088514   0.318814  -0.3147348   0.0022860   0.000000   0.000000   0.002000   0.002000  0.0004000  0.0001500    0.003000    0.002000
1981   2  22  44657   0.087714   0.317914  -0.3170149   0.0022690   0.000000   0.000000   0.002000   0.002000  0.0004000  0.0001500    0.003000    0.002000
1981   2  23  44658   0.086914   0.317114  -0.3192710   0.0022470   0.000000   0.000000   0.002000   0.002000  0.0004000  0.0001500    0.003000    0.002000
1981   2  24  44659   0.086215   0.316215  -0.3214981   0.0022150   0.000000   0.000000   0.002000   0.002000  0.0004000  0.0001500    0.003000    0.002000
1981   2  25  44660   0.085615   0.315415  -0.3236942   0.0022010   0.000000   0.000000   0.002000   0.002000  0.0004000  0.0001500    0.003000    0.002000
1981   2  26  44661   0.085015   0.314715  -0.3258893   0.0021920   0.000000   0.000000   0.002000   0.002000  0.0004000  0.0001500    0.003000    0.002000
1981   2  27  44662   0.084616   0.313916  -0.3280904   0.0022110   0.000000   0.000000   0.002000   0.002000  0.0004000  0.0001500    0.003000    0.002000
1981   2  28  44663   0.084216   0.313316  -0.3303205   0.0022440   0.000000   0.000000   0.002000   0.002000  0.0004000  0.0001500    0.003000    0.002000
1981   3   1  44664   0.084016   0.312616  -0.3325926   0.0023030   0.000000   0.000000   0.002000   0.002000  0.0004000  0.0001500    0.003000    0.002000
1981   3   2  44665   0.083916   0.312016  -0.3349447   0.0023910   0.000000   0.000000   0.002000   0.002000  0.0004000  0.0001500    0.003000    0.002000
1981   3   3  44666   0.083917   0.311417  -0.3374038   0.0025390   0.000000   0.000000   0.002000   0.002000  0.0004000  0.0001500    0.003000    0.002000
1981   3   4  44667   0.084017   0.310917  -0.3400339   0.0027280   0.000000   0.000000   0.002000   0.002000  0.0004000  0.0001500    0.003000    0.002000
1981   3   5  44668   0.084317   0.310317  -0.3428670   0.0029440   0.000000   0.000000   0.002000   0.002000  0.0004000  0.0001500    0.003000    0.002000
1981   3   6  44669   0.084717   0.309817  -0.3459241   0.0031570   0.000000   0.000000   0.002000   0.002000  0.0004000  0.0001500    0.003000    0.002000
1981   3   7  44670   0.085218   0.309218  -0.3491752   0.0033380   0.000000   0.000000   0.002000   0.002000  0.0004000  0.0001500    0.003000    0.002000
1981   3   8  44671   0.085718   0.308618  -0.3525693   0.0034310   0.000000   0.000000   0.002000   0.002000  0.0004000  0.0001500    0.003000    0.002000
1981   3   9  44672   0.086318   0.308018  -0.3560014   0.0034060   0.000000   0.000000   0.002000   0.002000  0.0004000  0.0001500    0.003000    0.002000
1981   3  10  44673   0.086919   0.307319  -0.3593595   0.0032970   0.000000   0.000000   0.002000   0.002000  0.0004000  0.0001500    0.003000    0.002000
1981   3  11  44674   0.087619   0.306719  -0.3625676   0.0031220   0.000000   0.000000   0.002000   0.002000  0.0004000  0.0001500    0.003000    0.002000
1981   3  12  44675   0.088319   0.305919  -0.3656017   0.0029510   0.000000   0.000000   0.002000   0.002000  0.0004000  0.0001500    0.003000    0.002000
1981   3  13  44676   0.089119   0.305219  -0.3684808   0.0027940   0.000000   0.000000   0.002000   0.002000  0.0004000  0.0001500    0.003000    0.002000
1981   3  14  44677   0.089820   0.304420  -0.3712119   0.0026600   0.000000   0.000000   0.002000   0.002000  0.0004000  0.0001500    0.003000    0.002000
1981   3  15  44678   0.090520   0.303620  -0.3738220   0.0025830   0.000000   0.000000   0.002000   0.002000  0.0004000  0.0001500    0.003000    0.002000
1981   3  16  44679   0.091320   0.302720  -0.3763880   0.0025560   0.000000   0.000000   0.002000   0.002000  0.0004000  0.0001500    0.003000    0.002000
1981   3  17  44680   0.092121   0.301921  -0.3789601   0.0025790   0.000000   0.000000   0.002000   0.002000  0.0004000  0.0001500    0.003000    0.002000
1981   3  18  44681   0.092921   0.301021  -0.3815412   0.0026060   0.000000   0.000000   0.002000   0.002000  0.0004000  0.0001500    0.003000    0.002000
1981   3  19  44682   0.093621   0.300221  -0.3841673   0.0026330   0.000000   0.000000   0.002000   0.002000  0.0004000  0.0001500    0.003000    0.002000
1981   3  20  44683   0.094421   0.299321  -0.3867994   0.0026360   0.000000   0.000000   0.002000   0.002000  0.0004000  0.0001500    0.003000    0.002000
1981   3  21  44684   0.095222   0.298522  -0.3894175   0.0026030   0.000000   0.000000   0.002000   0.002000  0.0004000  0.0001500    0.003000    0.002000
1981   3  22  44685   0.096022   0.297722  -0.3919946   0.0025440   0.000000   0.000000   0.002000   0.002000  0.0004000  0.0001500    0.003000    0.002000
1981   3  23  44686   0.096722   0.296922  -0.3945047   0.0024610   0.000000   0.000000   0.002000   0.002000  0.0004000  0.0001500    0.003000    0.002000
1981   3  24  44687   0.097522   0.296122  -0.3969178   0.0023610   0.000000   0.000000   0.002000   0.002000  0.0004000  0.0001500    0.003000    0.002000
1981   3  25  44688   0.098223   0.295323  -0.3992119   0.0022480   0.000000   0.000000   0.002000   0.002000  0.0004000  0.0001500    0.003000    0.002000
1981   3  26  44689   0.098823   0.294523  -0.4014040   0.0021370   0.000000   0.000000   0.002000   0.002000  0.0004000  0.0001500    0.003000    0.002000
1981   3  27  44690   0.099523   0.293723  -0.4035031   0.0020640   0.000000   0.000000   0.002000   0.002000  0.0004000  0.0001500    0.003000    0.002000
1981   3  28  44691   0.100124   0.292924  -0.4055332   0.0020260   0.000000   0.000000   0.002000   0.002000  0.0004000  0.0001500    0.003000    0.002000
1981   3  29  44692   0.100624   0.292124  -0.4075603   0.0020420   0.000000   0.000000   0.002000   0.002000  0.0004000  0.0001500    0.003000    0.002000
1981   3  30  44693   0.101124   0.291324  -0.4096464   0.0021230   0.000000   0.000000   0.002000   0.002000  0.0004000  0.0001500    0.003000    0.002000
1981   3  31  44694   0.101524   0.290424  -0.4118355   0.0022660   0.000000   0.000000   0.002000   0.002000  0.0004000  0.0001500    0.003000    0.002000
1981   4   1  44695   0.101925   0.289525  -0.4142086   0.0024670   0.000000   0.000000   0.002000   0.002000  0.0004000  0.0001500    0.003000    0.002000
1981   4   2  44696   0.102225   0.288625  -0.4167926   0.0027130   0.000000   0.000000   0.002000   0.002000  0.0004000  0.0001500    0.003000    0.002000
1981   4   3  44697   0.102425   0.287625  -0.4196227   0.0029400   0.000000   0.000000   0.002000   0.002000  0.0004000  0.0001500    0.003000    0.002000
1981   4   4  44698   0.102625   0.286525  -0.4226618   0.0031230   0.000000   0.000000   0.002000   0.002000  0.0004000  0.0001500    0.003000    0.002000
1981   4   5  44699   0.102726   0.285526  -0.4258339   0.0032000   0.000000   0.000000   0.002000   0.002000  0.0004000  0.0001500    0.003000    0.002000
1981   4   6  44700   0.102826   0.284326  -0.4290220   0.0031580   0.000000   0.000000   0.002000   0.002000  0.0004000  0.0001500    0.003000    0.002000
1981   4   7  44701   0.102826   0.283126  -0.4321191   0.0030160   0.000000   0.000000   0.002000   0.002000  0.0004000  0.0001500    0.003000    0.002000
1981   4   8  44702   0.102727   0.281927  -0.4350502   0.0028460   0.000000   0.000000   0.002000   0.002000  0.0004000  0.0001500    0.003000    0.002000
1981   4   9  44703   0.102627   0.280727  -0.4378183   0.0026840   0.000000   0.000000   0.002000   0.002000  0.0004000  0.0001500    0.003000    0.002000
1981   4  10  44704   0.102427   0.279427  -0.4404494   0.0025930   0.000000   0.000000   0.002000   0.002000  0.0004000  0.0001500    0.003000    0.002000
1981   4  11  44705   0.102127   0.278227  -0.4430285   0.0025660   0.000000   0.000000   0.002000   0.002000  0.0004000  0.0001500    0.003000    0.002000
1981   4  12  44706   0.101828   0.277028  -0.4455936   0.0025860   0.000000   0.000000   0.002000   0.002000  0.0004000  0.0001500    0.003000    0.002000
1981   4  13  44707   0.101328   0.275828  -0.4482257   0.0026630   0.000000   0.000000   0.002000   0.002000  0.0004000  0.0001500    0.003000    0.002000
1981   4  14  44708   0.100828   0.274628  -0.4509278   0.0027520   0.000000   0.000000   0.002000   0.002000  0.0004000  0.0001500    0.003000    0.002000
1981   4  15  44709   0.100328   0.273528  -0.4537188   0.0028390   0.000000   0.000000   0.002000   0.002000  0.0004000  0.0001500    0.003000    0.002000
1981   4  16  44710   0.099729   0.272429  -0.4565899   0.0028980   0.000000   0.000000   0.002000   0.002000  0.0004000  0.0001500    0.003000    0.002000
1981   4  17  44711   0.099029   0.271429  -0.4595040   0.0029250   0.000000   0.000000   0.002000   0.002000  0.0004000  0.0001500    0.003000    0.002000
1981   4  18  44712   0.098429   0.270429  -0.4624281   0.0029170   0.000000   0.000000   0.002000   0.002000  0.0004000  0.0001500    0.003000    0.002000
1981   4  19  44713   0.097830   0.269630  -0.4653262   0.0028740   0.000000   0.000000   0.002000   0.002000  0.0004000  0.0001500    0.003000    0.002000
1981   4  20  44714   0.097230   0.268730  -0.4681683   0.0027920   0.000000   0.000000   0.002000   0.002000  0.0004000  0.0001500    0.003000    0.002000
1981   4  21  44715   0.096630   0.268030  -0.4709154   0.0027000   0.000000   0.000000   0.002000   0.002000  0.0004000  0.0001500    0.003000    0.002000
1981   4  22  44716   0.096030   0.267330  -0.4735555   0.0025930   0.000000   0.000000   0.002000   0.002000  0.0004000  0.0001500    0.003000    0.002000
1981   4  23  44717   0.095531   0.266631  -0.4760956   0.0024880   0.000000   0.000000   0.002000   0.002000  0.0004000  0.0001500    0.003000    0.002000
1981   4  24  44718   0.095031   0.266031  -0.4785517   0.0024220   0.000000   0.000000   0.002000   0.002000  0.0004000  0.0001500    0.003000    0.002000
1981   4  25  44719   0.094531   0.265431  -0.4809528   0.0023870   0.000000   0.000000   0.002000   0.002000  0.0004000  0.0001500    0.003000    0.002000
1981   4  26  44720   0.094231   0.264931  -0.4833429   0.0024030   0.000000   0.000000   0.002000   0.002000  0.0004000  0.0001500    0.003000    0.002000
1981   4  27  44721   0.093932   0.264332  -0.4857869   0.0024750   0.000000   0.000000   0.002000   0.002000  0.0004000  0.0001500    0.003000    0.002000
1981   4  28  44722   0.093732   0.263732  -0.4883240   0.0026040   0.000000   0.000000   0.002000   0.002000  0.0004000  0.0001500    0.003000    0.002000
1981   4  29  44723   0.093632   0.263032  -0.4910021   0.0027700   0.000000   0.000000   0.002000   0.002000  0.0004000  0.0001500    0.003000    0.002000
1981   4  30  44724   0.093533   0.262433  -0.4938592   0.0029440   0.000000   0.000000   0.002000   0.002000  0.0004000  0.0001500    0.003000    0.002000
1981   5   1  44725   0.093533   0.261833  -0.4968823   0.0030920   0.000000   0.000000   0.002000   0.002000  0.0004000  0.0001500    0.003000    0.002000
1981   5   2  44726   0.093633   0.261133  -0.5000184   0.0031720   0.000000   0.000000   0.002000   0.002000  0.0004000  0.0001500    0.003000    0.002000
1981   5   3  44727   0.093733   0.260433  -0.5031785   0.0031280   0.000000   0.000000   0.002000   0.002000  0.0004000  0.0001500    0.003000    0.002000
1981   5   4  44728   0.093834   0.259734  -0.5062456   0.0029820   0.000000   0.000000   0.002000   0.002000  0.0004000  0.0001500    0.003000    0.002000
1981   5   5  44729   0.093934   0.259034  -0.5091167   0.0027410   0.000000   0.000000   0.002000   0.002000  0.0004000  0.0001500    0.003000    0.002000
1981   5   6  44730   0.094034   0.258334  -0.5117328   0.0025040   0.000000   0.000000   0.002000   0.002000  0.0004000  0.0001500    0.003000    0.002000
1981   5   7  44731   0.094134   0.257634  -0.5141308   0.0023200   0.000000   0.000000   0.002000   0.002000  0.0004000  0.0001500    0.003000    0.002000
1981   5   8  44732   0.094135   0.256935  -0.5163879   0.0022090   0.000000   0.000000   0.002000   0.002000  0.0004000  0.0001500    0.003000    0.002000
1981   5   9  44733   0.094235   0.256135  -0.5185840   0.0021950   0.000000   0.000000   0.002000   0.002000  0.0004000  0.0001500    0.003000    0.002000
1981   5  10  44734   0.094335   0.255435  -0.5207871   0.0022370   0.000000   0.000000   0.002000   0.002000  0.0004000  0.0001500    0.003000    0.002000
1981   5  11  44735   0.094336   0.254736  -0.5230682   0.0023180   0.000000   0.000000   0.002000   0.002000  0.0004000  0.0001500    0.003000    0.002000
1981   5  12  44736   0.094436   0.254036  -0.5254243   0.0023930   0.000000   0.000000   0.002000   0.002000  0.0004000  0.0001500    0.003000    0.002000
1981   5  13  44737   0.094436   0.253236  -0.5278494   0.0024620   0.000000   0.000000   0.002000   0.002000  0.0004000  0.0001500    0.003000    0.002000
1981   5  14  44738   0.094436   0.252536  -0.5303385   0.0025030   0.000000   0.000000   0.002000   0.002000  0.0004000  0.0001500    0.003000    0.002000
1981   5  15  44739   0.094437   0.251737  -0.5328526   0.0025200   0.000000   0.000000   0.002000   0.002000  0.0004000  0.0001500    0.003000    0.002000
1981   5  16  44740   0.094337   0.250937  -0.5353686   0.0024940   0.000000   0.000000   0.002000   0.002000  0.0004000  0.0001500    0.003000    0.002000
1981   5  17  44741   0.094337   0.250137  -0.5378307   0.0024470   0.000000   0.000000   0.002000   0.002000  0.0004000  0.0001500    0.003000    0.002000
1981   5  18  44742   0.094237   0.249337  -0.5402468   0.0023590   0.000000   0.000000   0.002000   0.002000  0.0004000  0.0001500    0.003000    0.002000
1981   5  19  44743   0.094138   0.248438  -0.5425569   0.0022710   0.000000   0.000000   0.002000   0.002000  0.0004000  0.0001500    0.003000    0.002000
1981   5  20  44744   0.093938   0.247538  -0.5447800   0.0021790   0.000000   0.000000   0.002000   0.002000  0.0004000  0.0001500    0.003000    0.002000
1981   5  21  44745   0.093838   0.246738  -0.5469211   0.0020990   0.000000   0.000000   0.002000   0.002000  0.0004000  0.0001500    0.003000    0.002000
1981   5  22  44746   0.093539   0.245839  -0.5490002   0.0020660   0.000000   0.000000   0.002000   0.002000  0.0004000  0.0001500    0.003000    0.002000
1981   5  23  44747   0.093339   0.244839  -0.5510603   0.0020530   0.000000   0.000000   0.002000   0.002000  0.0004000  0.0001500    0.003000    0.002000
1981   5  24  44748   0.092939   0.243939  -0.5531333   0.0020920   0.000000   0.000000   0.002000   0.002000  0.0004000  0.0001500    0.003000    0.002000
1981   5  25  44749   0.092539   0.243039  -0.5552524   0.0021630   0.000000   0.000000   0.002000   0.002000  0.0004000  0.0001500    0.003000    0.002000
1981   5  26  44750   0.091940   0.242040  -0.5574755   0.0022880   0.000000   0.000000   0.002000   0.002000  0.0004000  0.0001500    0.003000    0.002000
1981   5  27  44751   0.091340   0.241140  -0.5598366   0.0024290   0.000000   0.000000   0.002000   0.002000  0.0004000  0.0001500    0.003000    0.002000
1981   5  28  44752   0.090640   0.240140  -0.5623417   0.0025860   0.000000   0.000000   0.002000   0.002000  0.0004000  0.0001500    0.003000    0.002000
1981   5  29  44753   0.089840   0.239240  -0.5649858   0.0026990   0.000000   0.000000   0.002000   0.002000  0.0004000  0.0001500    0.003000    0.002000
1981   5  30  44754   0.089041   0.238241  -0.5677009   0.0027370   0.000000   0.000000   0.002000   0.002000  0.0004000  0.0001500    0.003000    0.002000
1981   5  31  44755   0.088141   0.237341  -0.5704230   0.0026790   0.000000   0.000000   0.002000   0.002000  0.0004000  0.0001500    0.003000    0.002000
1981   6   1  44756   0.087341   0.236441  -0.5730380   0.0025390   0.000000   0.000000   0.002000   0.002000  0.0004000  0.0001500    0.003000    0.002000
1981   6   2  44757   0.086442   0.235542  -0.5754961   0.0023500   0.000000   0.000000   0.002000   0.002000  0.0004000  0.0001500    0.003000    0.002000
1981   6   3  44758   0.085642   0.234642  -0.5777522   0.0021720   0.000000   0.000000   0.002000   0.002000  0.0004000  0.0001500    0.003000    0.002000
1981   6   4  44759   0.084742   0.233742  -0.5798593   0.0020640   0.000000   0.000000   0.002000   0.002000  0.0004000  0.0001500    0.003000    0.002000
1981   6   5  44760   0.083942   0.232942  -0.5819074   0.0020350   0.000000   0.000000   0.002000   0.002000  0.0004000  0.0001500    0.003000    0.002000
1981   6   6  44761   0.083143   0.232243  -0.5839635   0.0020740   0.000000   0.000000   0.002000   0.002000  0.0004000  0.0001500    0.003000    0.002000
1981   6   7  44762   0.082343   0.231443  -0.5860686   0.0021430   0.000000   0.000000   0.002000   0.002000  0.0004000  0.0001500    0.003000    0.002000
1981   6   8  44763   0.081543   0.230743  -0.5882526   0.0022210   0.000000   0.000000   0.002000   0.002000  0.0004000  0.0001500    0.003000    0.002000
1981   6   9  44764   0.080743   0.230043  -0.5905167   0.0022840   0.000000   0.000000   0.002000   0.002000  0.0004000  0.0001500    0.003000    0.002000
1981   6  10  44765   0.080044   0.229444  -0.5928198   0.0023180   0.000000   0.000000   0.002000   0.002000  0.0004000  0.0001500    0.003000    0.002000
1981   6  11  44766   0.079344   0.228744  -0.5951519   0.0023090   0.000000   0.000000   0.002000   0.002000  0.0004000  0.0001500    0.003000    0.002000
1981   6  12  44767   0.078644   0.227944  -0.5974380   0.0022560   0.000000   0.000000   0.002000   0.002000  0.0004000  0.0001500    0.003000    0.002000
1981   6  13  44768   0.077945   0.227245  -0.5996431   0.0021610   0.000000   0.000000   0.002000   0.002000  0.0004000  0.0001500    0.003000    0.002000
1981   6  14  44769   0.077345   0.226445  -0.6017532   0.0020350   0.000000   0.000000   0.002000   0.002000  0.0004000  0.0001500    0.003000    0.002000
1981   6  15  44770   0.076745   0.225645  -0.6037202   0.0018970   0.000000   0.000000   0.002000   0.002000  0.0004000  0.0001500    0.003000    0.002000
1981   6  16  44771   0.076245   0.224745  -0.6055373   0.0017510   0.000000   0.000000   0.002000   0.002000  0.0004000  0.0001500    0.003000    0.002000
1981   6  17  44772   0.075746   0.223946  -0.6072274   0.0016230   0.000000   0.000000   0.002000   0.002000  0.0004000  0.0001500    0.003000    0.002000
1981   6  18  44773   0.075146   0.223046  -0.6087845   0.0014970   0.000000   0.000000   0.002000   0.002000  0.0004000  0.0001500    0.003000    0.002000
1981   6  19  44774   0.074646   0.222146  -0.6102476   0.0014270   0.000000   0.000000   0.002000   0.002000  0.0004000  0.0001500    0.003000    0.002000
1981   6  20  44775   0.074147   0.221247  -0.6116477   0.0013910   0.000000   0.000000   0.002000   0.002000  0.0004000  0.0001500    0.003000    0.002000
1981   6  21  44776   0.073647   0.220247  -0.6130477   0.0014170   0.000000   0.000000   0.002000   0.002000  0.0004000  0.0001500    0.003000    0.002000
1981   6  22  44777   0.073147   0.219347  -0.6144948   0.0014840   0.000000   0.000000   0.002000   0.002000  0.0004000  0.0001500    0.003000    0.002000
1981   6  23  44778   0.072647   0.218447  -0.6160229   0.0015840   0.000000   0.000000   0.002000   0.002000  0.0004000  0.0001500    0.003000    0.002000
1981   6  24  44779   0.072148   0.217548  -0.6176620   0.0016910   0.000000   0.000000   0.002000   0.002000  0.0004000  0.0001500    0.003000    0.002000
1981   6  25  44780   0.071548   0.216548  -0.6193951   0.0017770   0.000000   0.000000   0.002000   0.002000  0.0004000  0.0001500    0.003000    0.002000
1981   6  26  44781   0.070948   0.215648  -0.6211862   0.0018120   0.000000   0.000000   0.002000   0.002000  0.0004000  0.0001500    0.003000    0.002000
1981   6  27  44782   0.070348   0.214748  -0.6229823   0.0017840   0.000000   0.000000   0.002000   0.002000  0.0004000  0.0001500    0.003000    0.002000
1981   6  28  44783   0.069749   0.213749  -0.6247153   0.0016800   0.000000   0.000000   0.002000   0.002000  0.0004000  0.0001500    0.003000    0.002000
1981   6  29  44784   0.069149   0.212849  -0.6263314   0.0015360   0.000000   0.000000   0.002000   0.002000  0.0004000  0.0001500    0.003000    0.002000
1981   6  30  44785   0.068549   0.211849  -0.6277815   0.0013770   0.000000   0.000000   0.002000   0.002000  0.0004000  0.0001500    0.003000    0.002000
1981   7   1  44786   0.068050   0.210950   0.3709024   0.0012550   0.000000   0.000000   0.002000   0.002000  0.0004000  0.0001500    0.003000    0.002000
1981   7   2  44787   0.067450   0.209950   0.3696753   0.0012130   0.000000   0.000000   0.002000   0.002000  0.0004000  0.0001500    0.003000    0.002000
1981   7   3  44788   0.066950   0.208950   0.3684492   0.0012480   0.000000   0.000000   0.002000   0.002000  0.0004000  0.0001500    0.003000    0.002000
1981   7   4  44789   0.066350   0.207950   0.3671722   0.0013160   0.000000   0.000000   0.002000   0.002000  0.0004000  0.0001500    0.003000    0.002000
1981   7   5  44790   0.065951   0.206851   0.3658111   0.0014040   0.000000   0.000000   0.002000   0.002000  0.0004000  0.0001500    0.003000    0.002000
1981   7   6  44791   0.065451   0.205851   0.3643760   0.0014710   0.000000   0.000000   0.002000   0.002000  0.0004000  0.0001500    0.003000    0.002000
1981   7   7  44792   0.065051   0.204851   0.3628899   0.0014970   0.000000   0.000000   0.002000   0.002000  0.0004000  0.0001500    0.003000    0.002000
1981   7   8  44793   0.064651   0.203851   0.3613858   0.0014850   0.000000   0.000000   0.002000   0.002000  0.0004000  0.0001500    0.003000    0.002000
1981   7   9  44794   0.064252   0.202752   0.3599317   0.0014160   0.000000   0.000000   0.002000   0.002000  0.0004000  0.0001500    0.003000    0.002000
1981   7  10  44795   0.063952   0.201752   0.3585557   0.0013230   0.000000   0.000000   0.002000   0.002000  0.0004000  0.0001500    0.003000    0.002000
1981   7  11  44796   0.063652   0.200852   0.3573046   0.0011860   0.000000   0.000000   0.002000   0.002000  0.0004000  0.0001500    0.003000    0.002000
1981   7  12  44797   0.063353   0.199853   0.3561855   0.0010360   0.000000   0.000000   0.002000   0.002000  0.0004000  0.0001500    0.003000    0.002000
1981   7  13  44798   0.063053   0.198953   0.3552214   0.0008970   0.000000   0.000000   0.002000   0.002000  0.0004000  0.0001500    0.003000    0.002000
1981   7  14  44799   0.062653   0.198053   0.3543883   0.0007730   0.000000   0.000000   0.002000   0.002000  0.0004000  0.0001500    0.003000    0.002000
1981   7  15  44800   0.062353   0.197153   0.3536653   0.0006980   0.000000   0.000000   0.002000   0.002000  0.0004000  0.0001500    0.003000    0.002000
1981   7  16  44801   0.061854   0.196354   0.3529872   0.0006850   0.000000   0.000000   0.002000   0.002000  0.0004000  0.0001500    0.003000    0.002000
1981   7  17  44802   0.061354   0.195654   0.3522871   0.0007350   0.000000   0.000000   0.002000   0.002000  0.0004000  0.0001500    0.003000    0.002000
1981   7  18  44803   0.060754   0.194954   0.3514990   0.0008500   0.000000   0.000000   0.002000   0.002000  0.0004000  0.0001500    0.003000    0.002000
1981   7  19  44804   0.060154   0.194354   0.3505609   0.0010320   0.000000   0.000000   0.002000   0.002000  0.0004000  0.0001500    0.003000    0.002000
1981   7  20  44805   0.059355   0.193755   0.3494169   0.0012500   0.000000   0.000000   0.002000   0.002000  0.0004000  0.0001500    0.003000    0.002000
1981   7  21  44806   0.058555   0.193155   0.3480738   0.0014530   0.000000   0.000000   0.002000   0.002000  0.0004000  0.0001500    0.003000    0.002000
1981   7  22  44807   0.057555   0.192655   0.3465307   0.0016220   0.000000   0.000000   0.002000   0.002000  0.0004000  0.0001500    0.003000    0.002000
1981   7  23  44808   0.056556   0.192156   0.3448506   0.0017300   0.000000   0.000000   0.002000   0.002000  0.0004000  0.0001500    0.003000    0.002000
1981   7  24  44809   0.055456   0.191656   0.3430865   0.0017730   0.000000   0.000000   0.002000   0.002000  0.0004000  0.0001500    0.003000    0.002000
1981   7  25  44810   0.054256   0.191156   0.3413274   0.0017340   0.000000   0.000000   0.002000   0.002000  0.0004000  0.0001500    0.003000    0.002000
1981   7  26  44811   0.053056   0.190756   0.3396374   0.0016480   0.000000   0.000000   0.002000   0.002000  0.0004000  0.0001500    0.003000    0.002000
1981   7  27  44812   0.051757   0.190257   0.3380493   0.0015310   0.000000   0.000000   0.002000   0.002000  0.0004000  0.0001500    0.003000    0.002000
1981   7  28  44813   0.050357   0.189757   0.3365682   0.0014360   0.000000   0.000000   0.002000   0.002000  0.0004000  0.0001500    0.003000    0.002000
1981   7  29  44814   0.048857   0.189257   0.3351461   0.0013980   0.000000   0.000000   0.002000   0.002000  0.0004000  0.0001500    0.003000    0.002000
1981   7  30  44815   0.047357   0.188757   0.3337350   0.0014350   0.000000   0.000000   0.002000   0.002000  0.0004000  0.0001500    0.003000    0.002000
1981   7  31  44816   0.045858   0.188258   0.3322650   0.0015160   0.000000   0.000000   0.002000   0.002000  0.0004000  0.0001500    0.003000    0.002000
1981   8   1  44817   0.044258   0.187858   0.3306819   0.0016420   0.000000   0.000000   0.002000   0.002000  0.0004000  0.0001500    0.003000    0.002000
1981   8   2  44818   0.042558   0.187358   0.3289818   0.0017480   0.000000   0.000000   0.002000   0.002000  0.0004000  0.0001500    0.003000    0.002000
1981   8   3  44819   0.040959   0.186959   0.3271957   0.0018150   0.000000   0.000000   0.002000   0.002000  0.0004000  0.0001500    0.003000    0.002000
1981   8   4  44820   0.039259   0.186559   0.3253746   0.0018310   0.000000   0.000000   0.002000   0.002000  0.0004000  0.0001500    0.003000    0.002000
1981   8   5  44821   0.037559   0.186159   0.3235486   0.0018020   0.000000   0.000000   0.002000   0.002000  0.0004000  0.0001500    0.003000    0.002000
1981   8   6  44822   0.035859   0.185759   0.3217815   0.0017350   0.000000   0.000000   0.002000   0.002000  0.0004000  0.0001500    0.003000    0.002000
1981   8   7  44823   0.034160   0.185460   0.3200894   0.0016490   0.000000   0.000000   0.002000   0.002000  0.0004000  0.0001500    0.003000    0.002000
1981   8   8  44824   0.032460   0.185160   0.3184913   0.0015350   0.000000   0.000000   0.002000   0.002000  0.0004000  0.0001500    0.003000    0.002000
1981   8   9  44825   0.030760   0.184860   0.3170073   0.0014300   0.000000   0.000000   0.002000   0.002000  0.0004000  0.0001500    0.003000    0.002000
1981   8  10  44826   0.029060   0.184660   0.3156152   0.0013390   0.000000   0.000000   0.002000   0.002000  0.0004000  0.0001500    0.003000    0.002000
1981   8  11  44827   0.027361   0.184461   0.3143121   0.0012750   0.000000   0.000000   0.002000   0.002000  0.0004000  0.0001500    0.003000    0.002000
1981   8  12  44828   0.025661   0.184261   0.3130530   0.0012500   0.000000   0.000000   0.002000   0.002000  0.0004000  0.0001500    0.003000    0.002000
1981   8  13  44829   0.023961   0.184061   0.3118049   0.0012650   0.000000   0.000000   0.002000   0.002000  0.0004000  0.0001500    0.003000    0.002000
1981   8  14  44830   0.022162   0.183962   0.3105049   0.0013570   0.000000   0.000000   0.002000   0.002000  0.0004000  0.0001500    0.003000    0.002000
1981   8  15  44831   0.020462   0.183862   0.3090828   0.0014930   0.000000   0.000000   0.002000   0.002000  0.0004000  0.0001500    0.003000    0.002000
1981   8  16  44832   0.018762   0.183762   0.3074947   0.0016580   0.000000   0.000000   0.002000   0.002000  0.0004000  0.0001500    0.003000    0.002000
1981   8  17  44833   0.017162   0.183662   0.3057546   0.0018190   0.000000   0.000000   0.002000   0.002000  0.0004000  0.0001500    0.003000    0.002000
1981   8  18  44834   0.015463   0.183663   0.3038655   0.0019380   0.000000   0.000000   0.002000   0.002000  0.0004000  0.0001500    0.003000    0.002000
1981   8  19  44835   0.013763   0.183663   0.3018905   0.0019880   0.000000   0.000000   0.002000   0.002000  0.0004000  0.0001500    0.003000    0.002000
1981   8  20  44836   0.012163   0.183763   0.2999194   0.0019430   0.000000   0.000000   0.002000   0.002000  0.0004000  0.0001500    0.003000    0.002000
1981   8  21  44837   0.010563   0.183763   0.2980443   0.0018050   0.000000   0.000000   0.002000   0.002000  0.0004000  0.0001500    0.003000    0.002000
1981   8  22  44838   0.008964   0.183964   0.2963272   0.0016210   0.000000   0.000000   0.002000   0.002000  0.0004000  0.0001500    0.003000    0.002000
1981   8  23  44839   0.007464   0.184064   0.2948192   0.0014160   0.000000   0.000000   0.002000   0.002000  0.0004000  0.0001500    0.003000    0.002000
1981   8  24  44840   0.005964   0.184364   0.2934981   0.0012400   0.000000   0.000000   0.002000   0.002000  0.0004000  0.0001500    0.003000    0.002000
1981   8  25  44841   0.004465   0.184565   0.2923210   0.0011260   0.000000   0.000000   0.002000   0.002000  0.0004000  0.0001500    0.003000    0.002000
1981   8  26  44842   0.003065   0.184965   0.2912219   0.0010930   0.000000   0.000000   0.002000   0.002000  0.0004000  0.0001500    0.003000    0.002000
1981   8  27  44843   0.001665   0.185265   0.2901009   0.0011590   0.000000   0.000000   0.002000   0.002000  0.0004000  0.0001500    0.003000    0.002000
1981   8  28  44844   0.000265   0.185765   0.2888868   0.0012830   0.000000   0.000000   0.002000   0.002000  0.0004000  0.0001500    0.003000    0.002000
1981   8  29  44845  -0.001134   0.186166   0.2875397   0.0014010   0.000000   0.000000   0.002000   0.002000  0.0004000  0.0001500    0.003000    0.002000
1981   8  30  44846  -0.002534   0.186666   0.2860806   0.0015100   0.000000   0.000000   0.002000   0.002000  0.0004000  0.0001500    0.003000    0.002000
1981   8  31  44847  -0.003934   0.187266   0.2845315   0.0015800   0.000000   0.000000   0.002000   0.002000  0.0004000  0.0001500    0.003000    0.002000
1981   9   1  44848  -0.005334   0.187766   0.2829375   0.0016010   0.000000   0.000000   0.002000   0.002000  0.0004000  0.0001500    0.003000    0.002000
1981   9   2  44849  -0.006833   0.188267   0.2813454   0.0015770   0.000000   0.000000   0.002000   0.002000  0.0004000  0.0001500    0.003000    0.002000
1981   9   3  44850  -0.008233   0.188767   0.2797853   0.0015260   0.000000   0.000000   0.002000   0.002000  0.0004000  0.0001500    0.003000    0.002000
1981   9   4  44851  -0.009633   0.189267   0.2782902   0.0014620   0.000000   0.000000   0.002000   0.002000  0.0004000  0.0001500    0.003000    0.002000
1981   9   5  44852  -0.011032   0.189768   0.2768742   0.0013800   0.000000   0.000000   0.002000   0.002000  0.0004000  0.0001500    0.003000    0.002000
1981   9   6  44853  -0.012532   0.190168   0.2755251   0.0013080   0.000000   0.000000   0.002000   0.002000  0.0004000  0.0001500    0.003000    0.002000
1981   9   7  44854  -0.013932   0.190668   0.2742400   0.0012710   0.000000   0.000000   0.002000   0.002000  0.0004000  0.0001500    0.003000    0.002000
1981   9   8  44855  -0.015432   0.191168   0.2729709   0.0012630   0.000000   0.000000   0.002000   0.002000  0.0004000  0.0001500    0.003000    0.002000
1981   9   9  44856  -0.016931   0.191669   0.2716869   0.0013120   0.000000   0.000000   0.002000   0.002000  0.0004000  0.0001500    0.003000    0.002000
1981   9  10  44857  -0.018531   0.192169   0.2703278   0.0014160   0.000000   0.000000   0.002000   0.002000  0.0004000  0.0001500    0.003000    0.002000
1981   9  11  44858  -0.020131   0.192669   0.2688447   0.0015770   0.000000   0.000000   0.002000   0.002000  0.0004000  0.0001500    0.003000    0.002000
1981   9  12  44859  -0.021830   0.193170   0.2671566   0.0017890   0.000000   0.000000   0.002000   0.002000  0.0004000  0.0001500    0.003000    0.002000
1981   9  13  44860  -0.023430   0.193770   0.2652476   0.0020380   0.000000   0.000000   0.002000   0.002000  0.0004000  0.0001500    0.003000    0.002000
1981   9  14  44861  -0.025230   0.194270   0.2630935   0.0022750   0.000000   0.000000   0.002000   0.002000  0.0004000  0.0001500    0.003000    0.002000
1981   9  15  44862  -0.026930   0.194970   0.2607284   0.0024410   0.000000   0.000000   0.002000   0.002000  0.0004000  0.0001500    0.003000    0.002000
1981   9  16  44863  -0.028829   0.195571   0.2582333   0.0025220   0.000000   0.000000   0.002000   0.002000  0.0004000  0.0001500    0.003000    0.002000
1981   9  17  44864  -0.030629   0.196271   0.2557193   0.0025000   0.000000   0.000000   0.002000   0.002000  0.0004000  0.0001500    0.003000    0.002000
1981   9  18  44865  -0.032529   0.196971   0.2532692   0.0023870   0.000000   0.000000   0.002000   0.002000  0.0004000  0.0001500    0.003000    0.002000
1981   9  19  44866  -0.034429   0.197671   0.2509461   0.0022480   0.000000   0.000000   0.002000   0.002000  0.0004000  0.0001500    0.003000    0.002000
1981   9  20  44867  -0.036428   0.198472   0.2487681   0.0021130   0.000000   0.000000   0.002000   0.002000  0.0004000  0.0001500    0.003000    0.002000
1981   9  21  44868  -0.038428   0.199272   0.2467020   0.0020310   0.000000   0.000000   0.002000   0.002000  0.0004000  0.0001500    0.003000    0.002000
1981   9  22  44869  -0.040528   0.200072   0.2446799   0.0020220   0.000000   0.000000   0.002000   0.002000  0.0004000  0.0001500    0.003000    0.002000
1981   9  23  44870  -0.042627   0.200973   0.2426318   0.0020770   0.000000   0.000000   0.002000   0.002000  0.0004000  0.0001500    0.003000    0.002000
1981   9  24  44871  -0.044827   0.201873   0.2404988   0.0021960   0.000000   0.000000   0.002000   0.002000  0.0004000  0.0001500    0.003000    0.002000
1981   9  25  44872  -0.047027   0.202773   0.2382307   0.0023220   0.000000   0.000000   0.002000   0.002000  0.0004000  0.0001500    0.003000    0.002000
1981   9  26  44873  -0.049227   0.203773   0.2358466   0.0024430   0.000000   0.000000   0.002000   0.002000  0.0004000  0.0001500    0.003000    0.002000
1981   9  27  44874  -0.051526   0.204774   0.2333645   0.0025130   0.000000   0.000000   0.002000   0.002000  0.0004000  0.0001500    0.003000    0.002000
1981   9  28  44875  -0.053726   0.205774   0.2308345   0.0025460   0.000000   0.000000   0.002000   0.002000  0.0004000  0.0001500    0.003000    0.002000
1981   9  29  44876  -0.056026   0.206774   0.2282874   0.0025210   0.000000   0.000000   0.002000   0.002000  0.0004000  0.0001500    0.003000    0.002000
1981   9  30  44877  -0.058226   0.207774   0.2257983   0.0024540   0.000000   0.000000   0.002000   0.002000  0.0004000  0.0001500    0.003000    0.002000
1981  10   1  44878  -0.060325   0.208775   0.2233912   0.0023450   0.000000   0.000000   0.002000   0.002000  0.0004000  0.0001500    0.003000    0.002000
1981  10   2  44879  -0.062525   0.209775   0.2211122   0.0022200   0.000000   0.000000   0.002000   0.002000  0.0004000  0.0001500    0.003000    0.002000
1981  10   3  44880  -0.064525   0.210775   0.2189581   0.0020980   0.000000   0.000000   0.002000   0.002000  0.0004000  0.0001500    0.003000    0.002000
1981  10   4  44881  -0.066424   0.211876   0.2169090   0.0019960   0.000000   0.000000   0.002000   0.002000  0.0004000  0.0001500    0.003000    0.002000
1981  10   5  44882  -0.068224   0.212876   0.2149570   0.0019290   0.000000   0.000000   0.002000   0.002000  0.0004000  0.0001500    0.003000    0.002000
1981  10   6  44883  -0.069924   0.214076   0.2130449   0.0018990   0.000000   0.000000   0.002000   0.002000  0.0004000  0.0001500    0.003000    0.002000
1981  10   7  44884  -0.071524   0.215176   0.2111408   0.0019220   0.000000   0.000000   0.002000   0.002000  0.0004000  0.0001500    0.003000    0.002000
1981  10   8  44885  -0.072923   0.216377   0.2091727   0.0020100   0.000000   0.000000   0.002000   0.002000  0.0004000  0.0001500    0.003000    0.002000
1981  10   9  44886  -0.074223   0.217677   0.2071107   0.0021430   0.000000   0.000000   0.002000   0.002000  0.0004000  0.0001500    0.003000    0.002000
1981  10  10  44887  -0.075523   0.219077   0.2048716   0.0023390   0.000000   0.000000   0.002000   0.002000  0.0004000  0.0001500    0.003000    0.002000
1981  10  11  44888  -0.076723   0.220477   0.2024175   0.0025590   0.000000   0.000000   0.002000   0.002000  0.0004000  0.0001500    0.003000    0.002000
1981  10  12  44889  -0.077922   0.222078   0.1997645   0.0027480   0.000000   0.000000   0.002000   0.002000  0.0004000  0.0001500    0.003000    0.002000
1981  10  13  44890  -0.078922   0.223678   0.1969584   0.0028560   0.000000   0.000000   0.002000   0.002000  0.0004000  0.0001500    0.003000    0.002000
1981  10  14  44891  -0.080022   0.225378   0.1940903   0.0028530   0.000000   0.000000   0.002000   0.002000  0.0004000  0.0001500    0.003000    0.002000
1981  10  15  44892  -0.081021   0.227179   0.1912802   0.0027510   0.000000   0.000000   0.002000   0.002000  0.0004000  0.0001500    0.003000    0.002000
1981  10  16  44893  -0.082021   0.228979   0.1886202   0.0025680   0.000000   0.000000   0.002000   0.002000  0.0004000  0.0001500    0.003000    0.002000
1981  10  17  44894  -0.083021   0.230779   0.1861451   0.0023840   0.000000   0.000000   0.002000   0.002000  0.0004000  0.0001500    0.003000    0.002000
1981  10  18  44895  -0.084021   0.232579   0.1838380   0.0022330   0.000000   0.000000   0.002000   0.002000  0.0004000  0.0001500    0.003000    0.002000
1981  10  19  44896  -0.085120   0.234480   0.1816550   0.0021580   0.000000   0.000000   0.002000   0.002000  0.0004000  0.0001500    0.003000    0.002000
1981  10  20  44897  -0.086120   0.236380   0.1794949   0.0021640   0.000000   0.000000   0.002000   0.002000  0.0004000  0.0001500    0.003000    0.002000
1981  10  21  44898  -0.087220   0.238180   0.1773048   0.0022240   0.000000   0.000000   0.002000   0.002000  0.0004000  0.0001500    0.003000    0.002000
1981  10  22  44899  -0.088320   0.240080   0.1750348   0.0023190   0.000000   0.000000   0.002000   0.002000  0.0004000  0.0001500    0.003000    0.002000
1981  10  23  44900  -0.089419   0.241881   0.1726657   0.0024170   0.000000   0.000000   0.002000   0.002000  0.0004000  0.0001500    0.003000    0.002000
1981  10  24  44901  -0.090619   0.243581   0.1702096   0.0024930   0.000000   0.000000   0.002000   0.002000  0.0004000  0.0001500    0.003000    0.002000
1981  10  25  44902  -0.091719   0.245381   0.1676935   0.0025300   0.000000   0.000000   0.002000   0.002000  0.0004000  0.0001500    0.003000    0.002000
1981  10  26  44903  -0.092818   0.246982   0.1651635   0.0025220   0.000000   0.000000   0.002000   0.002000  0.0004000  0.0001500    0.003000    0.002000
1981  10  27  44904  -0.094018   0.248682   0.1626644   0.0024690   0.000000   0.000000   0.002000   0.002000  0.0004000  0.0001500    0.003000    0.002000
1981  10  28  44905  -0.095118   0.250282   0.1602363   0.0023810   0.000000   0.000000   0.002000   0.002000  0.0004000  0.0001500    0.003000    0.002000
1981  10  29  44906  -0.096218   0.251782   0.1579193   0.0022610   0.000000   0.000000   0.002000   0.002000  0.0004000  0.0001500    0.003000    0.002000
1981  10  30  44907  -0.097217   0.253283   0.1557162   0.0021440   0.000000   0.000000   0.002000   0.002000  0.0004000  0.0001500    0.003000    0.002000
1981  10  31  44908  -0.098317   0.254783   0.1536271   0.0020300   0.000000   0.000000   0.002000   0.002000  0.0004000  0.0001500    0.003000    0.002000
1981  11   1  44909  -0.099317   0.256283   0.1516481   0.0019440   0.000000   0.000000   0.002000   0.002000  0.0004000  0.0001500    0.003000    0.002000
1981  11   2  44910  -0.100317   0.257683   0.1497240   0.0019030   0.000000   0.000000   0.002000   0.002000  0.0004000  0.0001500    0.003000    0.002000
1981  11   3  44911  -0.101316   0.259184   0.1478149   0.0019130   0.000000   0.000000   0.002000   0.002000  0.0004000  0.0001500    0.003000    0.002000
1981  11   4  44912  -0.102216   0.260584   0.1458689   0.0019860   0.000000   0.000000   0.002000   0.002000  0.0004000  0.0001500    0.003000    0.002000
1981  11   5  44913  -0.103116   0.262084   0.1438348   0.0021020   0.000000   0.000000   0.002000   0.002000  0.0004000  0.0001500    0.003000    0.002000
1981  11   6  44914  -0.104015   0.263485   0.1416597   0.0022640   0.000000   0.000000   0.002000   0.002000  0.0004000  0.0001500    0.003000    0.002000
1981  11   7  44915  -0.104915   0.264985   0.1392857   0.0024760   0.000000   0.000000   0.002000   0.002000  0.0004000  0.0001500    0.003000    0.002000
1981  11   8  44916  -0.105715   0.266485   0.1367176   0.0026760   0.000000   0.000000   0.002000   0.002000  0.0004000  0.0001500    0.003000    0.002000
1981  11   9  44917  -0.106515   0.267885   0.1339585   0.0028310   0.000000   0.000000   0.002000   0.002000  0.0004000  0.0001500    0.003000    0.002000
1981  11  10  44918  -0.107314   0.269386   0.1310884   0.0029040   0.000000   0.000000   0.002000   0.002000  0.0004000  0.0001500    0.003000    0.002000
1981  11  11  44919  -0.108014   0.270986   0.1281994   0.0028620   0.000000   0.000000   0.002000   0.002000  0.0004000  0.0001500    0.003000    0.002000
1981  11  12  44920  -0.108614   0.272486   0.1253863   0.0027310   0.000000   0.000000   0.002000   0.002000  0.0004000  0.0001500    0.003000    0.002000
1981  11  13  44921  -0.109214   0.274186   0.1227442   0.0025390   0.000000   0.000000   0.002000   0.002000  0.0004000  0.0001500    0.003000    0.002000
1981  11  14  44922  -0.109613   0.275787   0.1203042   0.0023400   0.000000   0.000000   0.002000   0.002000  0.0004000  0.0001500    0.003000    0.002000
1981  11  15  44923  -0.110013   0.277587   0.1180411   0.0021970   0.000000   0.000000   0.002000   0.002000  0.0004000  0.0001500    0.003000    0.002000
1981  11  16  44924  -0.110313   0.279387   0.1158810   0.0021410   0.000000   0.000000   0.002000   0.002000  0.0004000  0.0001500    0.003000    0.002000
1981  11  17  44925  -0.110412   0.281288   0.1137360   0.0021510   0.000000   0.000000   0.002000   0.002000  0.0004000  0.0001500    0.003000    0.002000
1981  11  18  44926  -0.110512   0.283188   0.1115749   0.0021850   0.000000   0.000000   0.002000   0.002000  0.0004000  0.0001500    0.003000    0.002000
1981  11  19  44927  -0.110512   0.285188   0.1093618   0.0022380   0.000000   0.000000   0.002000   0.002000  0.0004000  0.0001500    0.003000    0.002000
1981  11  20  44928  -0.110512   0.287188   0.1071038   0.0022630   0.000000   0.000000   0.002000   0.002000  0.0004000  0.0001500    0.003000    0.002000
1981  11  21  44929  -0.110511   0.289189   0.1048367   0.0022630   0.000000   0.000000   0.002000   0.002000  0.0004000  0.0001500    0.003000    0.002000
1981  11  22  44930  -0.110411   0.291289   0.1026026   0.0022200   0.000000   0.000000   0.002000   0.002000  0.0004000  0.0001500    0.003000    0.002000
1981  11  23  44931  -0.110411   0.293489   0.1004216   0.0021350   0.000000   0.000000   0.002000   0.002000  0.0004000  0.0001500    0.003000    0.002000
1981  11  24  44932  -0.110411   0.295689   0.0983335   0.0020260   0.000000   0.000000   0.002000   0.002000  0.0004000  0.0001500    0.003000    0.002000
1981  11  25  44933  -0.110410   0.297790   0.0963784   0.0019110   0.000000   0.000000   0.002000   0.002000  0.0004000  0.0001500    0.003000    0.002000
1981  11  26  44934  -0.110410   0.299990   0.0945144   0.0018160   0.000000   0.000000   0.002000   0.002000  0.0004000  0.0001500    0.003000    0.002000
1981  11  27  44935  -0.110510   0.302190   0.0927343   0.0017360   0.000000   0.000000   0.002000   0.002000  0.0004000  0.0001500    0.003000    0.002000
1981  11  28  44936  -0.110709   0.304391   0.0910253   0.0016780   0.000000   0.000000   0.002000   0.002000  0.0004000  0.0001500    0.003000    0.002000
1981  11  29  44937  -0.110909   0.306491   0.0893652   0.0016580   0.000000   0.000000   0.002000   0.002000  0.0004000  0.0001500    0.003000    0.002000
1981  11  30  44938  -0.111209   0.308691   0.0876931   0.0016860   0.000000   0.000000   0.002000   0.002000  0.0004000  0.0001500    0.003000    0.002000
1981  12   1  44939  -0.111509   0.310791   0.0859661   0.0017780   0.000000   0.000000   0.002000   0.002000  0.0004000  0.0001500    0.003000    0.002000
1981  12   2  44940  -0.111908   0.312892   0.0841310   0.0019100   0.000000   0.000000   0.002000   0.002000  0.0004000  0.0001500    0.003000    0.002000
1981  12   3  44941  -0.112308   0.314992   0.0821399   0.0020760   0.000000   0.000000   0.002000   0.002000  0.0004000  0.0001500    0.003000    0.002000
1981  12   4  44942  -0.112708   0.317092   0.0799779   0.0022620   0.000000   0.000000   0.002000   0.002000  0.0004000  0.0001500    0.003000    0.002000
1981  12   5  44943  -0.113007   0.319193   0.0776138   0.0024580   0.000000   0.000000   0.002000   0.002000  0.0004000  0.0001500    0.003000    0.002000
1981  12   6  44944  -0.113307   0.321393   0.0750677   0.0026350   0.000000   0.000000   0.002000   0.002000  0.0004000  0.0001500    0.003000    0.002000
1981  12   7  44945  -0.113507   0.323593   0.0723737   0.0027530   0.000000   0.000000   0.002000   0.002000  0.0004000  0.0001500    0.003000    0.002000
1981  12   8  44946  -0.113607   0.325793   0.0696036   0.0027690   0.000000   0.000000   0.002000   0.002000  0.0004000  0.0001500    0.003000    0.002000
1981  12   9  44947  -0.113706   0.327994   0.0668695   0.0026930   0.000000   0.000000   0.002000   0.002000  0.0004000  0.0001500    0.003000    0.002000
1981  12  10  44948  -0.113806   0.330194   0.0642535   0.0025310   0.000000   0.000000   0.002000   0.002000  0.0004000  0.0001500    0.003000    0.002000
1981  12  11  44949  -0.113706   0.332394   0.0618164   0.0023460   0.000000   0.000000   0.002000   0.002000  0.0004000  0.0001500    0.003000    0.002000
1981  12  12  44950  -0.113606   0.334694   0.0595474   0.0021990   0.000000   0.000000   0.002000   0.002000  0.0004000  0.0001500    0.003000    0.002000
1981  12  13  44951  -0.113405   0.336895   0.0573893   0.0021330   0.000000   0.000000   0.002000   0.002000  0.0004000  0.0001500    0.003000    0.002000
1981  12  14  44952  -0.113205   0.339195   0.0552522   0.0021530   0.000000   0.000000   0.002000   0.002000  0.0004000  0.0001500    0.003000    0.002000
1981  12  15  44953  -0.112805   0.341395   0.0530722   0.0022340   0.000000   0.000000   0.002000   0.002000  0.0004000  0.0001500    0.003000    0.002000
1981  12  16  44954  -0.112304   0.343596   0.0507881   0.0023240   0.000000   0.000000   0.002000   0.002000  0.0004000  0.0001500    0.003000    0.002000
1981  12  17  44955  -0.111804   0.345796   0.0484200   0.0024070   0.000000   0.000000   0.002000   0.002000  0.0004000  0.0001500    0.003000    0.002000
1981  12  18  44956  -0.111204   0.347996   0.0459990   0.0024300   0.000000   0.000000   0.002000   0.002000  0.0004000  0.0001500    0.003000    0.002000
1981  12  19  44957  -0.110404   0.350196   0.0435649   0.0024180   0.000000   0.000000   0.002000   0.002000  0.0004000  0.0001500    0.003000    0.002000
1981  12  20  44958  -0.109603   0.352297   0.0411758   0.0023630   0.000000   0.000000   0.002000   0.002000  0.0004000  0.0001500    0.003000    0.002000
1981  12  21  44959  -0.108603   0.354497   0.0388608   0.0022730   0.000000   0.000000   0.002000   0.002000  0.0004000  0.0001500    0.003000    0.002000
1981  12  22  44960  -0.107603   0.356597   0.0366377   0.0021590   0.000000   0.000000   0.002000   0.002000  0.0004000  0.0001500    0.003000    0.002000
1981  12  23  44961  -0.106503   0.358697   0.0345467   0.0020330   0.000000   0.000000   0.002000   0.002000  0.0004000  0.0001500    0.003000    0.002000
1981  12  24  44962  -0.105302   0.360798   0.0325716   0.0019190   0.000000   0.000000   0.002000   0.002000  0.0004000  0.0001500    0.003000    0.002000
1981  12  25  44963  -0.104002   0.362798   0.0307005   0.0018140   0.000000   0.000000   0.002000   0.002000  0.0004000  0.0001500    0.003000    0.002000
1981  12  26  44964  -0.102602   0.364898   0.0289205   0.0017520   0.000000   0.000000   0.002000   0.002000  0.0004000  0.0001500    0.003000    0.002000
1981  12  27  44965  -0.101101   0.366899   0.0271834   0.0017250   0.000000   0.000000   0.002000   0.002000  0.0004000  0.0001500    0.003000    0.002000
1981  12  28  44966  -0.099601   0.368999   0.0254454   0.0017600   0.000000   0.000000   0.002000   0.002000  0.0004000  0.0001500    0.003000    0.002000
1981  12  29  44967  -0.098101   0.370999   0.0236553   0.0018460   0.000000   0.000000   0.002000   0.002000  0.0004000  0.0001500    0.003000    0.002000
1981  12  30  44968  -0.096501   0.372999   0.0217482   0.0019660   0.000000   0.000000   0.002000   0.002000  0.0004000  0.0001500    0.003000    0.002000
1981  12  31  44969  -0.094800   0.375000   0.0197032   0.0021240   0.000000   0.000000   0.002000   0.002000  0.0004000  0.0001500    0.003000    0.002000
