

                   INTERNATIONAL EARTH ROTATION SERVICE
                        EARTH ROTATION PARAMETERS
                          EOP (IERS) C04

  
             FORMAT(3(I4),I7,2(F11.6),2(F12.7),2(F12.6),2(F11.6),2(F12.7),2F12.6)
**********************************************************************************
  
      Date      MJD      x          y        UT1-UTC       LOD         dX        dY        x Err     y Err   UT1-UTC Err  Lod Err     dY Err       dY Err  
                         "          "           s           s          "         "           "          "          s         s            "           "
     (0h UTC)

2001   1   1  51910  -0.073473   0.398226   0.0931895   0.0006673   0.000159   0.000024   0.000068   0.000057  0.0000158  0.0000123    0.000054    0.000031
2001   1   2  51911  -0.072619   0.399941   0.0924659   0.0007515   0.000165   0.000013   0.000058   0.000061  0.0000113  0.0000110    0.000054    0.000031
2001   1   3  51912  -0.071669   0.401893   0.0916602   0.0008412   0.000172  -0.000013   0.000033   0.000062  0.0000131  0.0000114    0.000054    0.000031
2001   1   4  51913  -0.071085   0.403774   0.0907869   0.0008981   0.000172  -0.000037   0.000033   0.000075  0.0000196  0.0000168    0.000054    0.000031
2001   1   5  51914  -0.070736   0.405359   0.0898662   0.0008848   0.000179  -0.000057   0.000049   0.000062  0.0000534  0.0000130    0.000054    0.000031
2001   1   6  51915  -0.070325   0.406784   0.0890152   0.0007967   0.000198  -0.000077   0.000038   0.000054  0.0001160  0.0000113    0.000055    0.000033
2001   1   7  51916  -0.070138   0.408136   0.0882988   0.0006274   0.000226  -0.000096   0.000038   0.000054  0.0000781  0.0000108    0.000067    0.000049
2001   1   8  51917  -0.070218   0.409478   0.0877220   0.0004659   0.000250  -0.000118   0.000059   0.000059  0.0000214  0.0000097    0.000067    0.000049
2001   1   9  51918  -0.070182   0.410857   0.0872434   0.0004171   0.000261  -0.000145   0.000053   0.000053  0.0000195  0.0000112    0.000067    0.000045
2001   1  10  51919  -0.069885   0.412371   0.0868089   0.0004015   0.000268  -0.000184   0.000029   0.000044  0.0000169  0.0000127    0.000064    0.000037
2001   1  11  51920  -0.069346   0.414120   0.0863920   0.0004383   0.000118  -0.000197   0.000023   0.000045  0.0000232  0.0000130    0.000060    0.000038
2001   1  12  51921  -0.068500   0.416150   0.0859009   0.0005928  -0.000057  -0.000209   0.000028   0.000047  0.0000425  0.0000129    0.000058    0.000040
2001   1  13  51922  -0.067429   0.418266   0.0852385   0.0007687  -0.000162  -0.000232   0.000036   0.000050  0.0000572  0.0000126    0.000058    0.000041
2001   1  14  51923  -0.066377   0.420250   0.0844026   0.0008988  -0.000195  -0.000258   0.000031   0.000055  0.0000580  0.0000148    0.000058    0.000041
2001   1  15  51924  -0.065356   0.422018   0.0834543   0.0009550  -0.000153  -0.000281   0.000037   0.000062  0.0000285  0.0000163    0.000068    0.000044
2001   1  16  51925  -0.064080   0.423587   0.0825026   0.0009304  -0.000050  -0.000294   0.000061   0.000085  0.0000216  0.0000131    0.000068    0.000045
2001   1  17  51926  -0.062683   0.425043   0.0816539   0.0007857   0.000085  -0.000294   0.000066   0.000065  0.0000244  0.0000105    0.000073    0.000048
2001   1  18  51927  -0.061484   0.426435   0.0809739   0.0005744   0.000213  -0.000280   0.000064   0.000052  0.0000331  0.0000120    0.000108    0.000071
2001   1  19  51928  -0.060359   0.427937   0.0804937   0.0004169   0.000310  -0.000255   0.000065   0.000050  0.0000543  0.0000121    0.000252    0.000166
2001   1  20  51929  -0.059264   0.429353   0.0801319   0.0002682   0.000355  -0.000225   0.000072   0.000052  0.0000801  0.0000113    0.000583    0.000406
2001   1  21  51930  -0.058148   0.430369   0.0799495   0.0000877   0.000353  -0.000198   0.000059   0.000049  0.0000666  0.0000123    0.000045    0.000049
2001   1  22  51931  -0.056789   0.431247   0.0799328  -0.0000350   0.000313  -0.000177   0.000033   0.000046  0.0000155  0.0000137    0.000043    0.000047
2001   1  23  51932  -0.055412   0.432569   0.0800172  -0.0000716   0.000252  -0.000166   0.000032   0.000045  0.0000157  0.0000129    0.000046    0.000047
2001   1  24  51933  -0.054011   0.434297   0.0801043  -0.0000406   0.000201  -0.000153   0.000050   0.000043  0.0000170  0.0000126    0.000055    0.000048
2001   1  25  51934  -0.052263   0.436116   0.0801143   0.0000660   0.000104  -0.000240   0.000061   0.000044  0.0000189  0.0000125    0.000060    0.000044
2001   1  26  51935  -0.050524   0.438017   0.0800015   0.0001853  -0.000002  -0.000335   0.000058   0.000044  0.0000280  0.0000127    0.000058    0.000041
2001   1  27  51936  -0.049178   0.439800   0.0797719   0.0003027  -0.000074  -0.000372   0.000039   0.000046  0.0000711  0.0000144    0.000057    0.000041
2001   1  28  51937  -0.047621   0.441601   0.0793861   0.0004510  -0.000090  -0.000362   0.000039   0.000044  0.0000235  0.0000114    0.000019    0.000015
2001   1  29  51938  -0.045635   0.443417   0.0788663   0.0005786  -0.000038  -0.000308   0.000045   0.000042  0.0000054  0.0000098    0.000019    0.000014
2001   1  30  51939  -0.043724   0.444950   0.0782772   0.0006072   0.000080  -0.000229   0.000026   0.000039  0.0000059  0.0000115    0.000020    0.000016
2001   1  31  51940  -0.042134   0.446286   0.0776987   0.0005508   0.000252  -0.000147   0.000023   0.000041  0.0000102  0.0000175    0.000030    0.000023
2001   2   1  51941  -0.040671   0.447287   0.0771987   0.0004876   0.000401  -0.000070   0.000032   0.000046  0.0000252  0.0000124    0.000049    0.000040
2001   2   2  51942  -0.039120   0.448073   0.0767747   0.0003780   0.000491  -0.000013   0.000053   0.000045  0.0000472  0.0000100    0.000057    0.000047
2001   2   3  51943  -0.037714   0.448830   0.0764847   0.0002112   0.000516   0.000013   0.000037   0.000050  0.0000821  0.0000121    0.000058    0.000047
2001   2   4  51944  -0.036123   0.449555   0.0763346   0.0000579   0.000481   0.000003   0.000028   0.000055  0.0000536  0.0000140    0.000064    0.000038
2001   2   5  51945  -0.034071   0.450518   0.0762983  -0.0000215   0.000402  -0.000038   0.000031   0.000063  0.0000103  0.0000117    0.000064    0.000038
2001   2   6  51946  -0.032103   0.451817   0.0762904   0.0000244   0.000303  -0.000099   0.000031   0.000067  0.0000106  0.0000110    0.000065    0.000040
2001   2   7  51947  -0.030317   0.453194   0.0761821   0.0002127   0.000214  -0.000179   0.000031   0.000066  0.0000128  0.0000103    0.000066    0.000048
2001   2   8  51948  -0.028454   0.454767   0.0758354   0.0004831   0.000126  -0.000181   0.000031   0.000061  0.0000147  0.0000120    0.000058    0.000043
2001   2   9  51949  -0.026549   0.456363   0.0752090   0.0007625   0.000061  -0.000155   0.000032   0.000052  0.0000211  0.0000135    0.000054    0.000038
2001   2  10  51950  -0.024760   0.457844   0.0743250   0.0009827   0.000031  -0.000140   0.000039   0.000057  0.0000490  0.0000124    0.000053    0.000037
2001   2  11  51951  -0.023481   0.459159   0.0732964   0.0010915   0.000030  -0.000136   0.000031   0.000064  0.0000585  0.0000117    0.000058    0.000034
2001   2  12  51952  -0.022420   0.460031   0.0721868   0.0011567   0.000050  -0.000142   0.000028   0.000057  0.0000190  0.0000109    0.000058    0.000033
2001   2  13  51953  -0.020914   0.460923   0.0710442   0.0011626   0.000083  -0.000153   0.000031   0.000053  0.0000187  0.0000112    0.000058    0.000033
2001   2  14  51954  -0.019272   0.462101   0.0699247   0.0010491   0.000124  -0.000172   0.000029   0.000051  0.0000199  0.0000132    0.000060    0.000034
2001   2  15  51955  -0.017653   0.463408   0.0689678   0.0008935   0.000119  -0.000111   0.000031   0.000052  0.0000320  0.0000126    0.000078    0.000046
2001   2  16  51956  -0.015926   0.464745   0.0681158   0.0007576   0.000116  -0.000011   0.000055   0.000052  0.0000743  0.0000133    0.000106    0.000074
2001   2  17  51957  -0.014090   0.466019   0.0673717   0.0006324   0.000143   0.000083   0.000065   0.000056  0.0000779  0.0000233    0.000117    0.000090
2001   2  18  51958  -0.012330   0.467262   0.0667583   0.0005630   0.000188   0.000143   0.000039   0.000059  0.0000632  0.0000202    0.000130    0.000079
2001   2  19  51959  -0.010574   0.468338   0.0662059   0.0005608   0.000238   0.000147   0.000030   0.000058  0.0000322  0.0000139    0.000128    0.000077
2001   2  20  51960  -0.008346   0.469516   0.0656249   0.0006023   0.000280   0.000084   0.000029   0.000058  0.0000310  0.0000131    0.000107    0.000070
2001   2  21  51961  -0.005592   0.470899   0.0649641   0.0006447   0.000308  -0.000069   0.000029   0.000057  0.0000175  0.0000131    0.000070    0.000054
2001   2  22  51962  -0.002412   0.472335   0.0642682   0.0007242   0.000256  -0.000116   0.000029   0.000056  0.0000106  0.0000122    0.000052    0.000046
2001   2  23  51963   0.000967   0.474100   0.0634865   0.0008753   0.000155  -0.000106   0.000030   0.000055  0.0000137  0.0000123    0.000047    0.000043
2001   2  24  51964   0.004063   0.475971   0.0625148   0.0010390   0.000046  -0.000095   0.000033   0.000059  0.0000328  0.0000137    0.000046    0.000043
2001   2  25  51965   0.006810   0.477552   0.0613754   0.0011995  -0.000042  -0.000089   0.000035   0.000060  0.0000565  0.0000142    0.000187    0.000132
2001   2  26  51966   0.009402   0.478909   0.0600848   0.0013631  -0.000081  -0.000107   0.000034   0.000057  0.0000372  0.0000126    0.000440    0.000162
2001   2  27  51967   0.011927   0.480120   0.0586788   0.0014682  -0.000059  -0.000162   0.000035   0.000060  0.0000312  0.0000123    0.000177    0.000095
2001   2  28  51968   0.014331   0.481244   0.0572124   0.0014747   0.000030  -0.000265   0.000035   0.000059  0.0000221  0.0000122    0.000094    0.000055
2001   3   1  51969   0.016117   0.482228   0.0557586   0.0013887   0.000127  -0.000342   0.000045   0.000057  0.0000270  0.0000140    0.000078    0.000046
2001   3   2  51970   0.017217   0.482830   0.0544288   0.0012451   0.000204  -0.000374   0.000070   0.000055  0.0000553  0.0000152    0.000076    0.000045
2001   3   3  51971   0.018423   0.483329   0.0532759   0.0011036   0.000250  -0.000370   0.000065   0.000059  0.0000616  0.0000138    0.000072    0.000043
2001   3   4  51972   0.020408   0.483983   0.0522398   0.0010057   0.000263  -0.000341   0.000037   0.000065  0.0000438  0.0000137    0.000045    0.000031
2001   3   5  51973   0.022658   0.484822   0.0512839   0.0009267   0.000249  -0.000300   0.000029   0.000062  0.0000109  0.0000127    0.000045    0.000031
2001   3   6  51974   0.024502   0.485456   0.0503495   0.0009393   0.000223  -0.000264   0.000028   0.000055  0.0000111  0.0000144    0.000048    0.000033
2001   3   7  51975   0.026435   0.485583   0.0493438   0.0011148   0.000199  -0.000248   0.000028   0.000051  0.0000121  0.0000144    0.000056    0.000038
2001   3   8  51976   0.028689   0.485623   0.0481290   0.0013438   0.000196  -0.000226   0.000029   0.000052  0.0000120  0.0000150    0.000054    0.000037
2001   3   9  51977   0.031088   0.485583   0.0466827   0.0015612   0.000201  -0.000179   0.000030   0.000065  0.0000165  0.0000157    0.000049    0.000034
2001   3  10  51978   0.033352   0.485511   0.0451344   0.0016589   0.000205  -0.000116   0.000033   0.000080  0.0000363  0.0000156    0.000047    0.000033
2001   3  11  51979   0.035553   0.485607   0.0435173   0.0016555   0.000203  -0.000067   0.000036   0.000064  0.0000179  0.0000166    0.000016    0.000011
2001   3  12  51980   0.037993   0.485826   0.0419183   0.0015477   0.000193  -0.000050   0.000032   0.000055  0.0000044  0.0000127    0.000016    0.000011
2001   3  13  51981   0.040859   0.485949   0.0404496   0.0013487   0.000174  -0.000083   0.000027   0.000050  0.0000047  0.0000120    0.000017    0.000012
2001   3  14  51982   0.043829   0.486225   0.0392172   0.0011034   0.000145  -0.000178   0.000032   0.000052  0.0000083  0.0000124    0.000026    0.000019
2001   3  15  51983   0.046413   0.486571   0.0383153   0.0008189   0.000148  -0.000239   0.000043   0.000057  0.0000227  0.0000123    0.000050    0.000034
2001   3  16  51984   0.048640   0.486852   0.0375956   0.0006280   0.000184  -0.000246   0.000046   0.000059  0.0000565  0.0000124    0.000064    0.000042
2001   3  17  51985   0.050927   0.487299   0.0369939   0.0005083   0.000228  -0.000225   0.000071   0.000058  0.0000539  0.0000134    0.000066    0.000043
2001   3  18  51986   0.053524   0.487630   0.0365001   0.0004240   0.000261  -0.000197   0.000067   0.000055  0.0000385  0.0000130    0.000065    0.000047
2001   3  19  51987   0.056315   0.487969   0.0360738   0.0004031   0.000265  -0.000187   0.000041   0.000052  0.0000150  0.0000115    0.000066    0.000047
2001   3  20  51988   0.059046   0.488653   0.0356519   0.0004485   0.000228  -0.000215   0.000038   0.000053  0.0000154  0.0000130    0.000070    0.000049
2001   3  21  51989   0.061695   0.489115   0.0351659   0.0005383   0.000132  -0.000318   0.000035   0.000053  0.0000151  0.0000120    0.000082    0.000050
2001   3  22  51990   0.064478   0.489303   0.0345764   0.0006439   0.000097  -0.000306   0.000029   0.000055  0.0000116  0.0000099    0.000060    0.000037
2001   3  23  51991   0.067283   0.489704   0.0338641   0.0007548   0.000095  -0.000261   0.000029   0.000056  0.0000150  0.0000102    0.000050    0.000031
2001   3  24  51992   0.070164   0.490239   0.0330987   0.0008372   0.000096  -0.000239   0.000033   0.000058  0.0000330  0.0000122    0.000049    0.000031
2001   3  25  51993   0.073239   0.490728   0.0321908   0.0009467   0.000094  -0.000228   0.000036   0.000060  0.0000456  0.0000140    0.000062    0.000041
2001   3  26  51994   0.076305   0.491085   0.0311492   0.0010825   0.000077  -0.000227   0.000040   0.000056  0.0000166  0.0000130    0.000062    0.000042
2001   3  27  51995   0.079161   0.491315   0.0300379   0.0011165   0.000042  -0.000233   0.000036   0.000053  0.0000165  0.0000147    0.000058    0.000039
2001   3  28  51996   0.081653   0.491405   0.0289520   0.0010561  -0.000016  -0.000241   0.000029   0.000051  0.0000168  0.0000136    0.000050    0.000035
2001   3  29  51997   0.083988   0.491296   0.0279413   0.0009498  -0.000057  -0.000253   0.000028   0.000050  0.0000169  0.0000115    0.000052    0.000039
2001   3  30  51998   0.086367   0.491005   0.0270674   0.0008272  -0.000041  -0.000253   0.000029   0.000054  0.0000218  0.0000143    0.000058    0.000048
2001   3  31  51999   0.088615   0.490567   0.0262801   0.0007039   0.000026  -0.000239   0.000034   0.000058  0.0000289  0.0000185    0.000060    0.000050
2001   4   1  52000   0.090653   0.489984   0.0255701   0.0006438   0.000103  -0.000225   0.000048   0.000056  0.0000268  0.0000140    0.000092    0.000050
2001   4   2  52001   0.092661   0.489421   0.0248979   0.0006618   0.000155  -0.000217   0.000061   0.000052  0.0000152  0.0000117    0.000094    0.000049
2001   4   3  52002   0.094752   0.489063   0.0241901   0.0007493   0.000148  -0.000227   0.000038   0.000052  0.0000150  0.0000132    0.000085    0.000049
2001   4   4  52003   0.096872   0.488466   0.0233511   0.0009343   0.000038  -0.000247   0.000031   0.000056  0.0000141  0.0000135    0.000065    0.000047
2001   4   5  52004   0.099099   0.487537   0.0222961   0.0011584   0.000040  -0.000336   0.000038   0.000053  0.0000129  0.0000117    0.000055    0.000041
2001   4   6  52005   0.101597   0.486944   0.0210211   0.0013620   0.000068  -0.000393   0.000058   0.000050  0.0000159  0.0000142    0.000052    0.000038
2001   4   7  52006   0.104276   0.486716   0.0196233   0.0015088   0.000068  -0.000374   0.000049   0.000055  0.0000193  0.0000182    0.000051    0.000037
2001   4   8  52007   0.106601   0.486468   0.0181454   0.0014939   0.000056  -0.000313   0.000041   0.000062  0.0000179  0.0000141    0.000019    0.000016
2001   4   9  52008   0.108414   0.485910   0.0167279   0.0013098   0.000038  -0.000245   0.000040   0.000070  0.0000094  0.0000115    0.000019    0.000015
2001   4  10  52009   0.110391   0.485002   0.0155069   0.0010795   0.000021  -0.000204   0.000029   0.000057  0.0000099  0.0000108    0.000021    0.000016
2001   4  11  52010   0.112925   0.484075   0.0145561   0.0008393   0.000014  -0.000226   0.000030   0.000048  0.0000140  0.0000126    0.000029    0.000022
2001   4  12  52011   0.115879   0.483436   0.0138336   0.0006279  -0.000012  -0.000253   0.000035   0.000051  0.0000198  0.0000122    0.000042    0.000030
2001   4  13  52012   0.118540   0.483041   0.0132912   0.0004375  -0.000051  -0.000269   0.000038   0.000056  0.0000390  0.0000111    0.000047    0.000033
2001   4  14  52013   0.120931   0.482253   0.0129396   0.0003103  -0.000080  -0.000278   0.000055   0.000058  0.0000703  0.0000131    0.000047    0.000034
2001   4  15  52014   0.123600   0.481316   0.0126426   0.0002986  -0.000083  -0.000281   0.000042   0.000061  0.0000511  0.0000138    0.000034    0.000039
2001   4  16  52015   0.126428   0.480482   0.0123016   0.0003661  -0.000050  -0.000280   0.000033   0.000066  0.0000129  0.0000134    0.000035    0.000039
2001   4  17  52016   0.129539   0.479507   0.0118420   0.0005192   0.000018  -0.000280   0.000037   0.000062  0.0000128  0.0000133    0.000036    0.000039
2001   4  18  52017   0.132874   0.478756   0.0112293   0.0007093   0.000142  -0.000295   0.000054   0.000063  0.0000124  0.0000127    0.000044    0.000037
2001   4  19  52018   0.136228   0.478302   0.0104313   0.0008702   0.000078  -0.000241   0.000055   0.000059  0.0000117  0.0000128    0.000056    0.000036
2001   4  20  52019   0.139433   0.477849   0.0095315   0.0009633  -0.000052  -0.000172   0.000038   0.000055  0.0000167  0.0000156    0.000061    0.000036
2001   4  21  52020   0.142299   0.477112   0.0085700   0.0010244  -0.000140  -0.000132   0.000034   0.000060  0.0000416  0.0000236    0.000062    0.000036
2001   4  22  52021   0.144922   0.476227   0.0075661   0.0010487  -0.000190  -0.000121   0.000035   0.000061  0.0000705  0.0000200    0.000062    0.000036
2001   4  23  52022   0.147387   0.475508   0.0065796   0.0009629  -0.000193  -0.000135   0.000030   0.000058  0.0000445  0.0000177    0.000058    0.000035
2001   4  24  52023   0.149368   0.474865   0.0056663   0.0008715  -0.000151  -0.000169   0.000028   0.000054  0.0000319  0.0000142    0.000058    0.000035
2001   4  25  52024   0.151139   0.473817   0.0048424   0.0008382  -0.000077  -0.000214   0.000028   0.000051  0.0000225  0.0000117    0.000058    0.000035
2001   4  26  52025   0.153399   0.472487   0.0040722   0.0007647  -0.000029  -0.000236   0.000030   0.000053  0.0000314  0.0000121    0.000058    0.000035
2001   4  27  52026   0.155783   0.471184   0.0033788   0.0006245   0.000003  -0.000247   0.000033   0.000056  0.0000683  0.0000149    0.000058    0.000035
2001   4  28  52027   0.157813   0.469735   0.0028303   0.0005307   0.000026  -0.000252   0.000035   0.000056  0.0000837  0.0000173    0.000058    0.000035
2001   4  29  52028   0.159592   0.468169   0.0022552   0.0005837   0.000036  -0.000251   0.000044   0.000055  0.0000763  0.0000133    0.000057    0.000041
2001   4  30  52029   0.161397   0.466403   0.0015622   0.0007558   0.000035  -0.000246   0.000070   0.000052  0.0000493  0.0000140    0.000057    0.000041
2001   5   1  52030   0.163264   0.464480   0.0007040   0.0009423   0.000027  -0.000235   0.000066   0.000056  0.0000305  0.0000138    0.000057    0.000041
2001   5   2  52031   0.165037   0.462678  -0.0003367   0.0011199   0.000016  -0.000219   0.000038   0.000055  0.0000155  0.0000108    0.000058    0.000040
2001   5   3  52032   0.167055   0.461349  -0.0015887   0.0013198   0.000008  -0.000205   0.000030   0.000054  0.0000131  0.0000095    0.000059    0.000039
2001   5   4  52033   0.169446   0.460313  -0.0030253   0.0014938  -0.000017  -0.000148   0.000037   0.000055  0.0000173  0.0000090    0.000060    0.000038
2001   5   5  52034   0.171744   0.458805  -0.0046109   0.0015594  -0.000062  -0.000060   0.000039   0.000052  0.0000358  0.0000099    0.000060    0.000038
2001   5   6  52035   0.173647   0.456779  -0.0061516   0.0014729  -0.000113   0.000008   0.000041   0.000052  0.0000468  0.0000095    0.000084    0.000055
2001   5   7  52036   0.175694   0.454656  -0.0075415   0.0012835  -0.000157   0.000013   0.000051   0.000046  0.0000158  0.0000084    0.000086    0.000056
2001   5   8  52037   0.178339   0.452445  -0.0087376   0.0010811  -0.000182  -0.000075   0.000027   0.000053  0.0000143  0.0000082    0.000076    0.000047
2001   5   9  52038   0.181161   0.450211  -0.0097401   0.0008862  -0.000172  -0.000307   0.000022   0.000072  0.0000096  0.0000088    0.000044    0.000031
2001   5  10  52039   0.183827   0.448052  -0.0105386   0.0007090  -0.000165  -0.000321   0.000027   0.000051  0.0000070  0.0000118    0.000024    0.000021
2001   5  11  52040   0.186481   0.445972  -0.0111839   0.0005993  -0.000138  -0.000269   0.000028   0.000051  0.0000093  0.0000180    0.000020    0.000018
2001   5  12  52041   0.189101   0.444245  -0.0117538   0.0005663  -0.000085  -0.000272   0.000029   0.000063  0.0000227  0.0000153    0.000019    0.000018
2001   5  13  52042   0.191331   0.442724  -0.0123162   0.0005844  -0.000025  -0.000290   0.000038   0.000056  0.0000402  0.0000128    0.000051    0.000036
2001   5  14  52043   0.193120   0.440986  -0.0129462   0.0006753   0.000020  -0.000311   0.000037   0.000055  0.0000116  0.0000112    0.000071    0.000042
2001   5  15  52044   0.194861   0.438878  -0.0136949   0.0008129   0.000033  -0.000317   0.000030   0.000054  0.0000119  0.0000119    0.000066    0.000042
2001   5  16  52045   0.196668   0.436458  -0.0145751   0.0009234   0.000008  -0.000286   0.000029   0.000051  0.0000137  0.0000123    0.000054    0.000042
2001   5  17  52046   0.198498   0.433794  -0.0155374   0.0010227  -0.000087  -0.000292   0.000029   0.000051  0.0000169  0.0000126    0.000049    0.000045
2001   5  18  52047   0.200707   0.430932  -0.0166034   0.0011113  -0.000226  -0.000281   0.000030   0.000051  0.0000218  0.0000126    0.000058    0.000057
2001   5  19  52048   0.203072   0.428077  -0.0177330   0.0011597  -0.000361  -0.000243   0.000036   0.000060  0.0000221  0.0000132    0.000215    0.000187
2001   5  20  52049   0.205060   0.425337  -0.0188655   0.0011394  -0.000434  -0.000191   0.000047   0.000071  0.0000209  0.0000177    0.000469    0.000249
2001   5  21  52050   0.206864   0.422711  -0.0199423   0.0010445  -0.000424  -0.000160   0.000055   0.000069  0.0000186  0.0000162    0.000072    0.000047
2001   5  22  52051   0.208741   0.420393  -0.0209010   0.0008897  -0.000324  -0.000173   0.000055   0.000069  0.0000170  0.0000161    0.000064    0.000044
2001   5  23  52052   0.210479   0.418206  -0.0216829   0.0006727  -0.000133  -0.000265   0.000053   0.000071  0.0000156  0.0000153    0.000055    0.000041
2001   5  24  52053   0.211887   0.415809  -0.0222356   0.0004713  -0.000008  -0.000235   0.000051   0.000072  0.0000190  0.0000147    0.000059    0.000042
2001   5  25  52054   0.213217   0.413301  -0.0226022   0.0003018   0.000019  -0.000075   0.000044   0.000075  0.0000224  0.0000150    0.000095    0.000048
2001   5  26  52055   0.214533   0.410545  -0.0228276   0.0001826   0.000058   0.000041   0.000046   0.000078  0.0000329  0.0000175    0.000101    0.000048
2001   5  27  52056   0.215819   0.407534  -0.0230039   0.0001717   0.000075   0.000106   0.000048   0.000076  0.0000560  0.0000203    0.000101    0.000048
2001   5  28  52057   0.217263   0.404640  -0.0232409   0.0002828   0.000057   0.000107   0.000054   0.000078  0.0000252  0.0000166    0.000071    0.000047
2001   5  29  52058   0.218937   0.401965  -0.0236151   0.0004408   0.000006   0.000034   0.000054   0.000083  0.0000172  0.0000161    0.000070    0.000047
2001   5  30  52059   0.220896   0.399390  -0.0241379   0.0005600  -0.000070  -0.000102   0.000045   0.000088  0.0000173  0.0000162    0.000070    0.000049
2001   5  31  52060   0.222825   0.396827  -0.0247582   0.0006182  -0.000162  -0.000284   0.000045   0.000075  0.0000192  0.0000158    0.000069    0.000057
2001   6   1  52061   0.224358   0.394225  -0.0253657   0.0006162  -0.000230  -0.000392   0.000056   0.000067  0.0000258  0.0000157    0.000068    0.000066
2001   6   2  52062   0.225726   0.391504  -0.0259437   0.0005665  -0.000257  -0.000392   0.000085   0.000070  0.0000378  0.0000164    0.000068    0.000069
2001   6   3  52063   0.227125   0.388670  -0.0264462   0.0004077  -0.000245  -0.000328   0.000097   0.000074  0.0000301  0.0000184    0.000073    0.000051
2001   6   4  52064   0.228651   0.385707  -0.0267953   0.0001814  -0.000201  -0.000246   0.000087   0.000081  0.0000250  0.0000174    0.000073    0.000050
2001   6   5  52065   0.230450   0.382735  -0.0269117  -0.0000282  -0.000142  -0.000198   0.000058   0.000078  0.0000237  0.0000198    0.000067    0.000047
2001   6   6  52066   0.232382   0.380038  -0.0267619  -0.0002358  -0.000088  -0.000244   0.000058   0.000080  0.0000230  0.0000216    0.000058    0.000041
2001   6   7  52067   0.234403   0.377430  -0.0264088  -0.0004103  -0.000030  -0.000256   0.000076   0.000086  0.0000321  0.0000174    0.000079    0.000056
2001   6   8  52068   0.236374   0.374932  -0.0259424  -0.0004976   0.000008  -0.000217   0.000056   0.000079  0.0000539  0.0000170    0.000173    0.000115
2001   6   9  52069   0.237883   0.372645  -0.0254357  -0.0004866   0.000014  -0.000148   0.000051   0.000083  0.0000548  0.0000190    0.000319    0.000183
2001   6  10  52070   0.239028   0.370226  -0.0249995  -0.0003782  -0.000006  -0.000086   0.000063   0.000080  0.0000479  0.0000245    0.000054    0.000035
2001   6  11  52071   0.240065   0.367570  -0.0246900  -0.0002217  -0.000046  -0.000067   0.000056   0.000070  0.0000247  0.0000205    0.000052    0.000033
2001   6  12  52072   0.240952   0.364742  -0.0245273  -0.0000814  -0.000093  -0.000117   0.000045   0.000068  0.0000226  0.0000198    0.000053    0.000035
2001   6  13  52073   0.241890   0.361756  -0.0244977   0.0000388  -0.000134  -0.000275   0.000054   0.000065  0.0000162  0.0000201    0.000058    0.000044
2001   6  14  52074   0.243139   0.358620  -0.0245867   0.0001235  -0.000182  -0.000293   0.000075   0.000063  0.0000130  0.0000161    0.000056    0.000045
2001   6  15  52075   0.244760   0.355446  -0.0247268   0.0001643  -0.000262  -0.000245   0.000057   0.000066  0.0000172  0.0000154    0.000053    0.000040
2001   6  16  52076   0.246219   0.352467  -0.0248881   0.0002063  -0.000356  -0.000202   0.000051   0.000072  0.0000325  0.0000178    0.000053    0.000040
2001   6  17  52077   0.247261   0.349653  -0.0250788   0.0002375  -0.000418  -0.000155   0.000060   0.000072  0.0000396  0.0000200    0.000162    0.000184
2001   6  18  52078   0.248126   0.346666  -0.0252715   0.0002063  -0.000411  -0.000112   0.000046   0.000067  0.0000369  0.0000176    0.000178    0.000234
2001   6  19  52079   0.248468   0.343717  -0.0254097   0.0001077  -0.000315  -0.000082   0.000039   0.000067  0.0000286  0.0000161    0.000126    0.000099
2001   6  20  52080   0.248286   0.340865  -0.0254348  -0.0000381  -0.000102  -0.000065   0.000050   0.000070  0.0000175  0.0000163    0.000072    0.000047
2001   6  21  52081   0.248241   0.337935  -0.0253146  -0.0001147   0.000037  -0.000065   0.000050   0.000067  0.0000165  0.0000168    0.000057    0.000036
2001   6  22  52082   0.248400   0.335054  -0.0252100  -0.0001395   0.000085  -0.000063   0.000041   0.000067  0.0000232  0.0000183    0.000054    0.000033
2001   6  23  52083   0.248655   0.332028  -0.0249864  -0.0001609   0.000055  -0.000058   0.000043   0.000073  0.0000440  0.0000213    0.000053    0.000032
2001   6  24  52084   0.248953   0.328969  -0.0248448  -0.0000947  -0.000023  -0.000052   0.000045   0.000073  0.0000490  0.0000208    0.000081    0.000050
2001   6  25  52085   0.249489   0.325866  -0.0248842   0.0000806  -0.000105  -0.000051   0.000044   0.000070  0.0000189  0.0000227    0.000086    0.000054
2001   6  26  52086   0.250346   0.322740  -0.0251512   0.0003406  -0.000151  -0.000059   0.000050   0.000069  0.0000180  0.0000211    0.000088    0.000055
2001   6  27  52087   0.251215   0.319839  -0.0256106   0.0005444  -0.000134  -0.000096   0.000050   0.000069  0.0000169  0.0000179    0.000088    0.000057
2001   6  28  52088   0.251904   0.317063  -0.0262447   0.0005880   0.000013  -0.000040   0.000042   0.000070  0.0000200  0.0000173    0.000066    0.000061
2001   6  29  52089   0.252343   0.314085  -0.0267872   0.0005408   0.000157   0.000012   0.000041   0.000071  0.0000316  0.0000161    0.000058    0.000063
2001   6  30  52090   0.252952   0.310860  -0.0273395   0.0004223   0.000212   0.000001   0.000044   0.000076  0.0000606  0.0000191    0.000056    0.000063
2001   7   1  52091   0.253710   0.307728  -0.0277033   0.0002120   0.000191  -0.000042   0.000047   0.000079  0.0000548  0.0000233    0.000058    0.000038
2001   7   2  52092   0.253882   0.304538  -0.0278410   0.0000295   0.000108  -0.000094   0.000045   0.000074  0.0000130  0.0000186    0.000058    0.000037
2001   7   3  52093   0.253795   0.301283  -0.0277799  -0.0001075  -0.000007  -0.000135   0.000044   0.000068  0.0000135  0.0000200    0.000058    0.000037
2001   7   4  52094   0.254114   0.298312  -0.0275856  -0.0002442  -0.000116  -0.000136   0.000042   0.000067  0.0000155  0.0000199    0.000056    0.000037
2001   7   5  52095   0.254218   0.295625  -0.0273195  -0.0003127  -0.000168  -0.000148   0.000037   0.000064  0.0000088  0.0000164    0.000032    0.000021
2001   7   6  52096   0.253803   0.292941  -0.0270120  -0.0003088  -0.000156  -0.000181   0.000030   0.000054  0.0000070  0.0000164    0.000021    0.000014
2001   7   7  52097   0.253425   0.290248  -0.0266995  -0.0002845  -0.000119  -0.000242   0.000035   0.000060  0.0000100  0.0000188    0.000020    0.000013
2001   7   8  52098   0.252577   0.287469  -0.0264613  -0.0002171  -0.000078  -0.000301   0.000049   0.000074  0.0000167  0.0000215    0.000023    0.000015
2001   7   9  52099   0.251623   0.284319  -0.0263306  -0.0001118  -0.000059  -0.000329   0.000045   0.000073  0.0000085  0.0000183    0.000082    0.000037
2001   7  10  52100   0.251623   0.280915  -0.0262888  -0.0000187  -0.000080  -0.000308   0.000041   0.000070  0.0000089  0.0000164    0.000078    0.000039
2001   7  11  52101   0.251853   0.277803  -0.0262997   0.0000326  -0.000153  -0.000208   0.000040   0.000066  0.0000115  0.0000198    0.000066    0.000045
2001   7  12  52102   0.251447   0.274878  -0.0263393   0.0000813  -0.000244  -0.000191   0.000041   0.000066  0.0000162  0.0000219    0.000062    0.000042
2001   7  13  52103   0.250889   0.271921  -0.0264279   0.0001365  -0.000297  -0.000185   0.000043   0.000071  0.0000245  0.0000192    0.000062    0.000038
2001   7  14  52104   0.250320   0.269027  -0.0265797   0.0001469  -0.000293  -0.000143   0.000046   0.000077  0.0000521  0.0000245    0.000063    0.000037
2001   7  15  52105   0.249411   0.265895  -0.0266836   0.0001081  -0.000251  -0.000096   0.000048   0.000076  0.0000680  0.0000259    0.000139    0.000076
2001   7  16  52106   0.248441   0.262502  -0.0266970  -0.0000049  -0.000193  -0.000057   0.000045   0.000074  0.0000270  0.0000195    0.000156    0.000085
2001   7  17  52107   0.247970   0.259219  -0.0265992  -0.0001301  -0.000145  -0.000039   0.000044   0.000079  0.0000212  0.0000182    0.000114    0.000070
2001   7  18  52108   0.247946   0.256073  -0.0263780  -0.0002652  -0.000133  -0.000062   0.000044   0.000078  0.0000138  0.0000180    0.000075    0.000049
2001   7  19  52109   0.247840   0.252930  -0.0259879  -0.0004098  -0.000143  -0.000033   0.000055   0.000073  0.0000128  0.0000180    0.000075    0.000040
2001   7  20  52110   0.247553   0.249813  -0.0255255  -0.0004778  -0.000122   0.000043   0.000085   0.000074  0.0000181  0.0000189    0.000085    0.000038
2001   7  21  52111   0.247046   0.246687  -0.0249892  -0.0004514  -0.000066   0.000132   0.000077   0.000081  0.0000353  0.0000220    0.000088    0.000037
2001   7  22  52112   0.246226   0.243636  -0.0245774  -0.0002971  -0.000013   0.000199   0.000077   0.000092  0.0000461  0.0000230    0.000067    0.000040
2001   7  23  52113   0.245200   0.240778  -0.0243872  -0.0000712   0.000006   0.000210   0.000089   0.000087  0.0000498  0.0000206    0.000066    0.000040
2001   7  24  52114   0.244229   0.238122  -0.0244274   0.0001308  -0.000032   0.000144   0.000061   0.000079  0.0000333  0.0000190    0.000069    0.000040
2001   7  25  52115   0.243523   0.235543  -0.0246193   0.0002313  -0.000131  -0.000020   0.000050   0.000081  0.0000176  0.0000225    0.000076    0.000040
2001   7  26  52116   0.242910   0.232826  -0.0248521   0.0002096  -0.000324  -0.000133   0.000057   0.000081  0.0000142  0.0000323    0.000072    0.000041
2001   7  27  52117   0.241973   0.229991  -0.0250252   0.0001056  -0.000430  -0.000203   0.000058   0.000079  0.0000194  0.0000255    0.000067    0.000042
2001   7  28  52118   0.240594   0.227065  -0.0250637  -0.0000641  -0.000375  -0.000238   0.000053   0.000090  0.0000399  0.0000241    0.000066    0.000043
2001   7  29  52119   0.238944   0.224001  -0.0248991  -0.0002671  -0.000232  -0.000232   0.000051   0.000094  0.0000575  0.0000284    0.000066    0.000042
2001   7  30  52120   0.237197   0.220916  -0.0245242  -0.0004780  -0.000073  -0.000191   0.000048   0.000099  0.0000757  0.0000223    0.000054    0.000037
2001   7  31  52121   0.235745   0.218145  -0.0239765  -0.0006228   0.000029  -0.000126   0.000049   0.000093  0.0000284  0.0000184    0.000054    0.000037
2001   8   1  52122   0.234679   0.215834  -0.0233140  -0.0006897   0.000017  -0.000054   0.000057   0.000076  0.0000133  0.0000172    0.000053    0.000037
2001   8   2  52123   0.233257   0.213758  -0.0225893  -0.0006855  -0.000163   0.000009   0.000054   0.000072  0.0000124  0.0000164    0.000053    0.000038
2001   8   3  52124   0.230917   0.211594  -0.0219423  -0.0006078  -0.000292   0.000083   0.000056   0.000072  0.0000178  0.0000170    0.000053    0.000039
2001   8   4  52125   0.228247   0.208864  -0.0213676  -0.0004874  -0.000305   0.000163   0.000064   0.000080  0.0000428  0.0000203    0.000053    0.000039
2001   8   5  52126   0.225875   0.205894  -0.0209490  -0.0003383  -0.000245   0.000214   0.000070   0.000087  0.0000518  0.0000279    0.000063    0.000038
2001   8   6  52127   0.223804   0.203345  -0.0206990  -0.0002146  -0.000159   0.000214   0.000103   0.000091  0.0000156  0.0000244    0.000064    0.000039
2001   8   7  52128   0.221800   0.201009  -0.0206054  -0.0000699  -0.000102   0.000151   0.000105   0.000085  0.0000155  0.0000232    0.000066    0.000040
2001   8   8  52129   0.219609   0.198826  -0.0206480   0.0000861  -0.000137   0.000013   0.000088   0.000082  0.0000162  0.0000210    0.000068    0.000050
2001   8   9  52130   0.217085   0.196661  -0.0208285   0.0001948  -0.000186  -0.000105   0.000062   0.000079  0.0000221  0.0000174    0.000060    0.000058
2001   8  10  52131   0.214230   0.194308  -0.0210997   0.0003040  -0.000221  -0.000148   0.000065   0.000080  0.0000343  0.0000171    0.000055    0.000059
2001   8  11  52132   0.211225   0.191736  -0.0214955   0.0003709  -0.000229  -0.000115   0.000088   0.000097  0.0000438  0.0000188    0.000054    0.000059
2001   8  12  52133   0.208411   0.188986  -0.0218822   0.0003374  -0.000210  -0.000049   0.000056   0.000108  0.0000389  0.0000210    0.000116    0.000069
2001   8  13  52134   0.205958   0.186359  -0.0221862   0.0002576  -0.000169   0.000011   0.000044   0.000103  0.0000144  0.0000196    0.000132    0.000068
2001   8  14  52135   0.203662   0.183814  -0.0223765   0.0001530  -0.000117   0.000025   0.000045   0.000083  0.0000134  0.0000189    0.000107    0.000056
2001   8  15  52136   0.201167   0.181378  -0.0224680   0.0000469  -0.000073  -0.000062   0.000046   0.000071  0.0000117  0.0000234    0.000072    0.000040
2001   8  16  52137   0.198483   0.179159  -0.0224897   0.0000280  -0.000009  -0.000008   0.000048   0.000075  0.0000124  0.0000235    0.000056    0.000036
2001   8  17  52138   0.195963   0.177006  -0.0225412   0.0001193   0.000039   0.000113   0.000061   0.000081  0.0000184  0.0000181    0.000052    0.000037
2001   8  18  52139   0.193385   0.174741  -0.0227250   0.0002849   0.000044   0.000213   0.000092   0.000089  0.0000374  0.0000217    0.000051    0.000037
2001   8  19  52140   0.190938   0.172490  -0.0231305   0.0005168   0.000011   0.000281   0.000072   0.000106  0.0000399  0.0000380    0.000060    0.000045
2001   8  20  52141   0.188733   0.170465  -0.0237912   0.0007466  -0.000052   0.000300   0.000061   0.000105  0.0000111  0.0000391    0.000061    0.000046
2001   8  21  52142   0.186394   0.168333  -0.0246631   0.0009159  -0.000132   0.000260   0.000068   0.000099  0.0000114  0.0000333    0.000062    0.000045
2001   8  22  52143   0.183852   0.166125  -0.0256353   0.0009609  -0.000218   0.000172   0.000067   0.000094  0.0000128  0.0000295    0.000063    0.000041
2001   8  23  52144   0.181137   0.164136  -0.0265704   0.0008581  -0.000224   0.000002   0.000061   0.000092  0.0000128  0.0000321    0.000053    0.000036
2001   8  24  52145   0.178633   0.162270  -0.0273126   0.0006713  -0.000198  -0.000125   0.000066   0.000097  0.0000175  0.0000405    0.000048    0.000034
2001   8  25  52146   0.176434   0.160336  -0.0278898   0.0004468  -0.000179  -0.000147   0.000082   0.000105  0.0000389  0.0000524    0.000047    0.000034
2001   8  26  52147   0.174346   0.158264  -0.0282020   0.0002134  -0.000159  -0.000099   0.000090   0.000112  0.0000554  0.0000589    0.000056    0.000050
2001   8  27  52148   0.172367   0.156192  -0.0282714  -0.0000077  -0.000140  -0.000017   0.000085   0.000121  0.0000175  0.0000520    0.000056    0.000051
2001   8  28  52149   0.170463   0.154190  -0.0281704  -0.0001270  -0.000119   0.000054   0.000070   0.000109  0.0000159  0.0000555    0.000056    0.000043
2001   8  29  52150   0.168328   0.152528  -0.0279891  -0.0001966  -0.000099   0.000068   0.000069   0.000106  0.0000132  0.0000592    0.000055    0.000032
2001   8  30  52151   0.165984   0.151188  -0.0277642  -0.0002080  -0.000047   0.000021   0.000077   0.000127  0.0000136  0.0000459    0.000056    0.000037
2001   8  31  52152   0.163298   0.150199  -0.0276301  -0.0001051  -0.000004  -0.000034   0.000085   0.000145  0.0000197  0.0000497    0.000059    0.000048
2001   9   1  52153   0.160219   0.149313  -0.0275273   0.0000050   0.000003  -0.000064   0.000086   0.000133  0.0000443  0.0000576    0.000059    0.000053
2001   9   2  52154   0.157022   0.147961  -0.0276100   0.0001389  -0.000018  -0.000067   0.000070   0.000116  0.0000920  0.0000434    0.000314    0.000212
2001   9   3  52155   0.153894   0.146412  -0.0278689   0.0003080  -0.000058  -0.000045   0.000059   0.000109  0.0000696  0.0000345    0.000403    0.000204
2001   9   4  52156   0.150786   0.144957  -0.0282466   0.0004264  -0.000105   0.000001   0.000060   0.000115  0.0000297  0.0000322    0.000136    0.000082
2001   9   5  52157   0.147541   0.143042  -0.0286811   0.0005168  -0.000149   0.000045   0.000067   0.000106  0.0000141  0.0000346    0.000065    0.000041
2001   9   6  52158   0.144456   0.140898  -0.0292268   0.0005473  -0.000152   0.000156   0.000076   0.000093  0.0000123  0.0000376    0.000054    0.000036
2001   9   7  52159   0.141803   0.139283  -0.0296835   0.0004644  -0.000183   0.000277   0.000095   0.000098  0.0000175  0.0000512    0.000052    0.000035
2001   9   8  52160   0.139480   0.138018  -0.0301319   0.0003354  -0.000251   0.000360   0.000095   0.000103  0.0000382  0.0000894    0.000051    0.000035
2001   9   9  52161   0.137182   0.136937  -0.0304344   0.0002063  -0.000298   0.000387   0.000089   0.000095  0.0000447  0.0000763    0.000049    0.000034
2001   9  10  52162   0.134761   0.135825  -0.0305702   0.0000914  -0.000288   0.000344   0.000081   0.000087  0.0000130  0.0000411    0.000049    0.000034
2001   9  11  52163   0.131978   0.134637  -0.0305680  -0.0000262  -0.000195   0.000227   0.000070   0.000083  0.0000124  0.0000278    0.000049    0.000034
2001   9  12  52164   0.128825   0.133463  -0.0304951  -0.0000983   0.000030   0.000022   0.000064   0.000081  0.0000114  0.0000304    0.000053    0.000037
2001   9  13  52165   0.125706   0.132295  -0.0303874  -0.0000639   0.000019   0.000015   0.000060   0.000084  0.0000125  0.0000471    0.000058    0.000039
2001   9  14  52166   0.122425   0.131175  -0.0304113   0.0000700  -0.000092   0.000003   0.000066   0.000092  0.0000188  0.0000517    0.000059    0.000039
2001   9  15  52167   0.118822   0.130150  -0.0305657   0.0003095  -0.000167  -0.000124   0.000076   0.000097  0.0000379  0.0000332    0.000059    0.000040
2001   9  16  52168   0.115115   0.129261  -0.0310181   0.0006145  -0.000214  -0.000260   0.000071   0.000095  0.0000523  0.0000311    0.000059    0.000040
2001   9  17  52169   0.111664   0.128399  -0.0317693   0.0008920  -0.000223  -0.000334   0.000070   0.000092  0.0000650  0.0000310    0.000067    0.000042
2001   9  18  52170   0.108250   0.127560  -0.0327136   0.0009786  -0.000192  -0.000289   0.000070   0.000091  0.0000316  0.0000264    0.000066    0.000042
2001   9  19  52171   0.104644   0.126758  -0.0336921   0.0009404  -0.000130  -0.000096   0.000064   0.000094  0.0000135  0.0000275    0.000062    0.000040
2001   9  20  52172   0.101171   0.126145  -0.0345760   0.0008379  -0.000054   0.000269   0.000058   0.000089  0.0000104  0.0000254    0.000052    0.000036
2001   9  21  52173   0.097797   0.125629  -0.0353331   0.0006467  -0.000031   0.000527   0.000061   0.000089  0.0000138  0.0000217    0.000048    0.000034
2001   9  22  52174   0.094519   0.125120  -0.0358601   0.0004458  -0.000071   0.000581   0.000066   0.000103  0.0000297  0.0000263    0.000047    0.000034
2001   9  23  52175   0.091437   0.124430  -0.0362047   0.0002668  -0.000133   0.000479   0.000066   0.000105  0.0000383  0.0000406    0.000087    0.000038
2001   9  24  52176   0.088472   0.123400  -0.0364017   0.0001409  -0.000173   0.000287   0.000067   0.000095  0.0000165  0.0000349    0.000091    0.000038
2001   9  25  52177   0.085480   0.122251  -0.0365020   0.0000686  -0.000157   0.000090   0.000063   0.000087  0.0000155  0.0000330    0.000081    0.000039
2001   9  26  52178   0.082302   0.121133  -0.0365719   0.0000757  -0.000045  -0.000038   0.000058   0.000080  0.0000131  0.0000363    0.000060    0.000042
2001   9  27  52179   0.078901   0.120073  -0.0366594   0.0001496   0.000058   0.000067   0.000058   0.000079  0.0000129  0.0000330    0.000051    0.000038
2001   9  28  52180   0.075307   0.119245  -0.0368608   0.0002383   0.000093   0.000219   0.000065   0.000086  0.0000186  0.0000310    0.000048    0.000036
2001   9  29  52181   0.071764   0.118745  -0.0371902   0.0003864   0.000056   0.000291   0.000073   0.000096  0.0000438  0.0000377    0.000047    0.000035
2001   9  30  52182   0.068609   0.118369  -0.0376534   0.0005526  -0.000013   0.000289   0.000073   0.000099  0.0000475  0.0000464    0.000066    0.000043
2001  10   1  52183   0.065382   0.117997  -0.0382645   0.0006766  -0.000073   0.000215   0.000078   0.000095  0.0000137  0.0000365    0.000068    0.000044
2001  10   2  52184   0.061618   0.117846  -0.0390211   0.0007927  -0.000083   0.000088   0.000072   0.000090  0.0000135  0.0000372    0.000066    0.000043
2001  10   3  52185   0.057860   0.117724  -0.0398857   0.0008625   0.000009  -0.000069   0.000062   0.000087  0.0000129  0.0000468    0.000061    0.000040
2001  10   4  52186   0.054780   0.117495  -0.0407649   0.0008826   0.000020  -0.000071   0.000064   0.000088  0.0000127  0.0000478    0.000058    0.000039
2001  10   5  52187   0.051998   0.117604  -0.0416472   0.0008641   0.000009  -0.000015   0.000070   0.000094  0.0000175  0.0000391    0.000058    0.000039
2001  10   6  52188   0.049010   0.117905  -0.0425295   0.0007725   0.000018   0.000033   0.000074   0.000102  0.0000343  0.0000330    0.000058    0.000039
2001  10   7  52189   0.045981   0.118004  -0.0432613   0.0006219   0.000027   0.000088   0.000067   0.000102  0.0000487  0.0000238    0.000058    0.000039
2001  10   8  52190   0.042990   0.118005  -0.0438296   0.0005071   0.000031   0.000149   0.000064   0.000100  0.0000599  0.0000226    0.000068    0.000044
2001  10   9  52191   0.039795   0.117983  -0.0443067   0.0004775   0.000026   0.000213   0.000070   0.000096  0.0000425  0.0000312    0.000069    0.000044
2001  10  10  52192   0.036077   0.117841  -0.0447932   0.0005204   0.000009   0.000279   0.000071   0.000088  0.0000276  0.0000329    0.000074    0.000047
2001  10  11  52193   0.031832   0.117484  -0.0453430   0.0006289  -0.000026   0.000349   0.000073   0.000087  0.0000404  0.0000397    0.000098    0.000068
2001  10  12  52194   0.027356   0.117449  -0.0460772   0.0007798  -0.000015   0.000379   0.000076   0.000094  0.0000688  0.0000473    0.000143    0.000130
2001  10  13  52195   0.023071   0.117761  -0.0469198   0.0010187   0.000046   0.000360   0.000082   0.000102  0.0000601  0.0000455    0.000163    0.000191
2001  10  14  52196   0.019315   0.118060  -0.0480464   0.0013114   0.000115   0.000315   0.000078   0.000101  0.0000543  0.0000471    0.000084    0.000080
2001  10  15  52197   0.015940   0.118546  -0.0494632   0.0015070   0.000156   0.000264   0.000079   0.000095  0.0000323  0.0000385    0.000081    0.000076
2001  10  16  52198   0.012743   0.119094  -0.0510646   0.0015975   0.000140   0.000228   0.000084   0.000090  0.0000238  0.0000359    0.000075    0.000064
2001  10  17  52199   0.009748   0.119614  -0.0526777   0.0015615   0.000029   0.000245   0.000076   0.000086  0.0000157  0.0000425    0.000062    0.000047
2001  10  18  52200   0.006634   0.120169  -0.0541438   0.0013792   0.000007   0.000119   0.000085   0.000091  0.0000164  0.0000434    0.000062    0.000051
2001  10  19  52201   0.003082   0.120715  -0.0553685   0.0010724   0.000019  -0.000003   0.000090   0.000102  0.0000212  0.0000382    0.000079    0.000075
2001  10  20  52202  -0.000713   0.121267  -0.0563194   0.0007867   0.000050  -0.000051   0.000094   0.000125  0.0000240  0.0000434    0.000099    0.000103
2001  10  21  52203  -0.004608   0.122034  -0.0570301   0.0006311   0.000102  -0.000043   0.000113   0.000149  0.0000212  0.0000469    0.000096    0.000077
2001  10  22  52204  -0.008649   0.122957  -0.0575885   0.0005459   0.000151  -0.000004   0.000106   0.000134  0.0000116  0.0000466    0.000062    0.000035
2001  10  23  52205  -0.012716   0.123847  -0.0580902   0.0005274   0.000177   0.000040   0.000094   0.000102  0.0000122  0.0000430    0.000062    0.000036
2001  10  24  52206  -0.016554   0.124800  -0.0586081   0.0005446   0.000159   0.000040   0.000085   0.000089  0.0000151  0.0000426    0.000060    0.000043
2001  10  25  52207  -0.020163   0.125851  -0.0591446   0.0006011   0.000133   0.000125   0.000087   0.000091  0.0000209  0.0000446    0.000060    0.000045
2001  10  26  52208  -0.023612   0.127089  -0.0598093   0.0007409   0.000130   0.000207   0.000095   0.000098  0.0000281  0.0000380    0.000059    0.000044
2001  10  27  52209  -0.027042   0.128305  -0.0606194   0.0009034   0.000153   0.000222   0.000110   0.000106  0.0000293  0.0000364    0.000059    0.000043
2001  10  28  52210  -0.030384   0.129307  -0.0615892   0.0010348   0.000178   0.000186   0.000107   0.000117  0.0000242  0.0000342    0.000022    0.000015
2001  10  29  52211  -0.033483   0.130415  -0.0626695   0.0010896   0.000185   0.000114   0.000064   0.000097  0.0000106  0.0000317    0.000022    0.000015
2001  10  30  52212  -0.036451   0.131563  -0.0637935   0.0010884   0.000158   0.000031   0.000041   0.000068  0.0000106  0.0000331    0.000024    0.000016
2001  10  31  52213  -0.039660   0.132702  -0.0648999   0.0010886   0.000074  -0.000047   0.000047   0.000072  0.0000122  0.0000338    0.000037    0.000025
2001  11   1  52214  -0.043042   0.133908  -0.0659640   0.0010118   0.000036  -0.000030   0.000076   0.000094  0.0000187  0.0000255    0.000069    0.000045
2001  11   2  52215  -0.046635   0.135013  -0.0669195   0.0008454   0.000018   0.000039   0.000082   0.000098  0.0000339  0.0000237    0.000075    0.000050
2001  11   3  52216  -0.050426   0.136046  -0.0676751   0.0006652   0.000007   0.000114   0.000089   0.000102  0.0000595  0.0000336    0.000075    0.000051
2001  11   4  52217  -0.053954   0.137049  -0.0683054   0.0005542   0.000017   0.000180   0.000091   0.000115  0.0000514  0.0000472    0.000066    0.000063
2001  11   5  52218  -0.056896   0.138105  -0.0688483   0.0005110   0.000053   0.000216   0.000084   0.000108  0.0000140  0.0000302    0.000065    0.000064
2001  11   6  52219  -0.059379   0.139488  -0.0693363   0.0004800   0.000113   0.000213   0.000082   0.000096  0.0000138  0.0000249    0.000063    0.000061
2001  11   7  52220  -0.061641   0.141142  -0.0698193   0.0005169   0.000212   0.000158   0.000080   0.000092  0.0000137  0.0000275    0.000058    0.000051
2001  11   8  52221  -0.063508   0.142971  -0.0703941   0.0006822   0.000174   0.000187   0.000077   0.000089  0.0000153  0.0000316    0.000055    0.000041
2001  11   9  52222  -0.065392   0.145198  -0.0712005   0.0009806   0.000127   0.000287   0.000074   0.000092  0.0000232  0.0000304    0.000055    0.000038
2001  11  10  52223  -0.067750   0.147672  -0.0723516   0.0012792   0.000146   0.000401   0.000073   0.000102  0.0000320  0.0000335    0.000055    0.000037
2001  11  11  52224  -0.069827   0.150129  -0.0737165   0.0014686   0.000182   0.000490   0.000076   0.000107  0.0000330  0.0000457    0.000107    0.000074
2001  11  12  52225  -0.071454   0.152730  -0.0752291   0.0015792   0.000204   0.000511   0.000076   0.000112  0.0000553  0.0000324    0.000111    0.000079
2001  11  13  52226  -0.073255   0.155268  -0.0768145   0.0015950   0.000184   0.000434   0.000078   0.000109  0.0000272  0.0000282    0.000088    0.000064
2001  11  14  52227  -0.075344   0.157439  -0.0783598   0.0014576   0.000077   0.000222   0.000076   0.000106  0.0000135  0.0000341    0.000060    0.000045
2001  11  15  52228  -0.077823   0.159248  -0.0796818   0.0011982   0.000049   0.000141   0.000085   0.000096  0.0000123  0.0000451    0.000053    0.000040
2001  11  16  52229  -0.080440   0.160952  -0.0807058   0.0009317   0.000046   0.000114   0.000095   0.000089  0.0000170  0.0000375    0.000054    0.000040
2001  11  17  52230  -0.082667   0.162839  -0.0815289   0.0007287   0.000026   0.000076   0.000089   0.000095  0.0000280  0.0000349    0.000054    0.000040
2001  11  18  52231  -0.084584   0.164688  -0.0821862   0.0006070   0.000012   0.000055   0.000092   0.000098  0.0000316  0.0000385    0.000054    0.000040
2001  11  19  52232  -0.086641   0.166609  -0.0827580   0.0005629   0.000014   0.000049   0.000088   0.000097  0.0000309  0.0000280    0.000048    0.000046
2001  11  20  52233  -0.089028   0.168706  -0.0833080   0.0005586   0.000040   0.000060   0.000083   0.000091  0.0000229  0.0000261    0.000048    0.000046
2001  11  21  52234  -0.091692   0.170791  -0.0838715   0.0005877   0.000093   0.000082   0.000074   0.000085  0.0000160  0.0000267    0.000048    0.000046
2001  11  22  52235  -0.094495   0.173131  -0.0844655   0.0006842   0.000199   0.000123   0.000075   0.000092  0.0000183  0.0000244    0.000048    0.000046
2001  11  23  52236  -0.097461   0.175744  -0.0851432   0.0007706   0.000315   0.000161   0.000098   0.000102  0.0000228  0.0000290    0.000048    0.000046
2001  11  24  52237  -0.100689   0.178240  -0.0859392   0.0008211   0.000405   0.000184   0.000108   0.000107  0.0000272  0.0000355    0.000051    0.000049
2001  11  25  52238  -0.103715   0.180703  -0.0868484   0.0009115   0.000444   0.000187   0.000092   0.000121  0.0000966  0.0000318    0.001030    0.000210
2001  11  26  52239  -0.106130   0.183255  -0.0878308   0.0009846   0.000419   0.000171   0.000082   0.000116  0.0000812  0.0000301    0.000496    0.000198
2001  11  27  52240  -0.108165   0.185701  -0.0888298   0.0009805   0.000330   0.000142   0.000075   0.000101  0.0000359  0.0000293    0.000176    0.000138
2001  11  28  52241  -0.110241   0.188126  -0.0897919   0.0009055   0.000190   0.000110   0.000067   0.000093  0.0000164  0.0000308    0.000081    0.000071
2001  11  29  52242  -0.112636   0.190495  -0.0906870   0.0008154   0.000040   0.000086   0.000066   0.000087  0.0000135  0.0000297    0.000057    0.000046
2001  11  30  52243  -0.115413   0.193009  -0.0914373   0.0006876  -0.000083   0.000076   0.000075   0.000089  0.0000180  0.0000291    0.000051    0.000040
2001  12   1  52244  -0.118507   0.195676  -0.0921127   0.0005143  -0.000149   0.000081   0.000091   0.000098  0.0000310  0.0000366    0.000051    0.000039
2001  12   2  52245  -0.121731   0.198182  -0.0925903   0.0003571  -0.000136   0.000094   0.000098   0.000104  0.0000256  0.0000386    0.000038    0.000020
2001  12   3  52246  -0.124631   0.200416  -0.0928909   0.0002605  -0.000049   0.000108   0.000083   0.000098  0.0000062  0.0000384    0.000038    0.000020
2001  12   4  52247  -0.127262   0.202659  -0.0931166   0.0002624   0.000099   0.000116   0.000058   0.000080  0.0000066  0.0000397    0.000040    0.000021
2001  12   5  52248  -0.129607   0.205442  -0.0934051   0.0003521   0.000315   0.000120   0.000056   0.000078  0.0000087  0.0000338    0.000051    0.000028
2001  12   6  52249  -0.131866   0.208705  -0.0938431   0.0005460   0.000231   0.000063   0.000066   0.000087  0.0000112  0.0000381    0.000058    0.000032
2001  12   7  52250  -0.134582   0.211857  -0.0944848   0.0007686   0.000060  -0.000010   0.000070   0.000098  0.0000160  0.0000547    0.000055    0.000031
2001  12   8  52251  -0.137836   0.214567  -0.0953295   0.0009674  -0.000033  -0.000060   0.000071   0.000108  0.0000368  0.0000725    0.000054    0.000030
2001  12   9  52252  -0.141056   0.217069  -0.0964037   0.0011471  -0.000076  -0.000080   0.000071   0.000099  0.0000659  0.0000543    0.000134    0.000144
2001  12  10  52253  -0.143864   0.219843  -0.0976084   0.0012297  -0.000067  -0.000064   0.000073   0.000094  0.0000651  0.0000367    0.000141    0.000203
2001  12  11  52254  -0.146730   0.222815  -0.0987922   0.0011554  -0.000019  -0.000020   0.000072   0.000095  0.0000312  0.0000288    0.000097    0.000075
2001  12  12  52255  -0.149855   0.225565  -0.0998309   0.0009853   0.000048   0.000037   0.000075   0.000089  0.0000189  0.0000274    0.000059    0.000038
2001  12  13  52256  -0.152747   0.228083  -0.1006552   0.0007942   0.000104   0.000125   0.000076   0.000093  0.0000214  0.0000277    0.000054    0.000035
2001  12  14  52257  -0.155261   0.230682  -0.1014013   0.0005693   0.000147   0.000210   0.000072   0.000109  0.0000228  0.0000246    0.000061    0.000042
2001  12  15  52258  -0.157730   0.233414  -0.1018889   0.0003812   0.000261   0.000149   0.000079   0.000115  0.0000315  0.0000268    0.000062    0.000043
2001  12  16  52259  -0.160031   0.236014  -0.1022235   0.0003037   0.000379   0.000019   0.000089   0.000112  0.0000553  0.0000364    0.000062    0.000043
2001  12  17  52260  -0.162060   0.238722  -0.1025249   0.0003264   0.000453  -0.000114   0.000091   0.000110  0.0000623  0.0000390    0.000047    0.000030
2001  12  18  52261  -0.163952   0.241745  -0.1028936   0.0004111   0.000440  -0.000185   0.000073   0.000105  0.0000262  0.0000387    0.000047    0.000030
2001  12  19  52262  -0.165954   0.245022  -0.1033686   0.0005153   0.000318  -0.000142   0.000067   0.000093  0.0000124  0.0000368    0.000048    0.000030
2001  12  20  52263  -0.167925   0.248515  -0.1039486   0.0006655   0.000082   0.000051   0.000081   0.000088  0.0000115  0.0000403    0.000052    0.000032
2001  12  21  52264  -0.169326   0.251988  -0.1047183   0.0008889  -0.000174   0.000273   0.000092   0.000098  0.0000165  0.0000405    0.000055    0.000034
2001  12  22  52265  -0.170380   0.255526  -0.1057579   0.0010677  -0.000385   0.000450   0.000090   0.000109  0.0000354  0.0000307    0.000056    0.000034
2001  12  23  52266  -0.171391   0.259125  -0.1069137   0.0011430  -0.000513   0.000556   0.000092   0.000112  0.0000504  0.0000281    0.000056    0.000034
2001  12  24  52267  -0.172122   0.262715  -0.1080859   0.0011615  -0.000534   0.000573   0.000090   0.000111  0.0000518  0.0000333    0.000055    0.000034
2001  12  25  52268  -0.172641   0.266595  -0.1092312   0.0011616  -0.000447   0.000501   0.000086   0.000109  0.0000544  0.0000378    0.000046    0.000028
2001  12  26  52269  -0.173020   0.270721  -0.1103587   0.0011511  -0.000271   0.000361   0.000094   0.000111  0.0000493  0.0000334    0.000046    0.000028
2001  12  27  52270  -0.173529   0.274855  -0.1114721   0.0010905  -0.000045   0.000186   0.000093   0.000107  0.0000260  0.0000332    0.000046    0.000028
2001  12  28  52271  -0.174537   0.278804  -0.1125250   0.0009721   0.000185   0.000010   0.000083   0.000096  0.0000160  0.0000372    0.000046    0.000028
2001  12  29  52272  -0.175303   0.282554  -0.1134472   0.0008506   0.000350  -0.000100   0.000081   0.000099  0.0000195  0.0000379    0.000046    0.000028
2001  12  30  52273  -0.175946   0.286520  -0.1142610   0.0007714   0.000442  -0.000155   0.000082   0.000110  0.0000297  0.0000386    0.000046    0.000028
2001  12  31  52274  -0.176661   0.290420  -0.1150260   0.0007336   0.000461  -0.000175   0.000075   0.000112  0.0000440  0.0000420    0.000046    0.000028
