

                   INTERNATIONAL EARTH ROTATION SERVICE
                        EARTH ROTATION PARAMETERS
                          EOP (IERS) C04

  
             FORMAT(3(I4),I7,2(F11.6),2(F12.7),2(F12.6),2(F11.6),2(F12.7),2F12.6)
**********************************************************************************
  
      Date      MJD      x          y        UT1-UTC       LOD         dX        dY        x Err     y Err   UT1-UTC Err  Lod Err     dY Err       dY Err  
                         "          "           s           s          "         "           "          "          s         s            "           "
     (0h UTC)

1991   1   1  48257   0.021777   0.070396   0.6187264   0.0019373   0.000240  -0.000071   0.001503   0.001212  0.0000414  0.0000427    0.000156    0.000151
1991   1   2  48258   0.017799   0.070818   0.6166744   0.0021828   0.000303   0.000034   0.000919   0.000786  0.0000416  0.0000429    0.000156    0.000150
1991   1   3  48259   0.014385   0.071819   0.6143587   0.0024444   0.000223   0.000202   0.000616   0.000547  0.0000444  0.0000521    0.000164    0.000158
1991   1   4  48260   0.011630   0.072723   0.6118101   0.0026295  -0.000106   0.000421   0.000568   0.000566  0.0000627  0.0000807    0.000209    0.000209
1991   1   5  48261   0.008951   0.073684   0.6091384   0.0026948  -0.000283   0.000536   0.000652   0.000787  0.0001171  0.0001160    0.000288    0.000307
1991   1   6  48262   0.006053   0.075066   0.6064587   0.0026576  -0.000216   0.000500   0.001195   0.000960  0.0001694  0.0000969    0.000526    0.000382
1991   1   7  48263   0.003299   0.076588   0.6038509   0.0025533  -0.000029   0.000346   0.000661   0.000602  0.0000768  0.0001050    0.000310    0.000263
1991   1   8  48264   0.000779   0.077960   0.6013667   0.0024049   0.000151   0.000150   0.000354   0.000350  0.0000407  0.0000642    0.000168    0.000159
1991   1   9  48265  -0.002108   0.079114   0.5990446   0.0022294   0.000135   0.000116   0.000436   0.000438  0.0000515  0.0000654    0.000197    0.000192
1991   1  10  48266  -0.005304   0.080001   0.5969033   0.0020536   0.000014   0.000118   0.000686   0.000483  0.0000900  0.0000901    0.000259    0.000255
1991   1  11  48267  -0.008850   0.080900   0.5949259   0.0019110  -0.000093   0.000103   0.000846   0.000325  0.0001286  0.0000892    0.000267    0.000242
1991   1  12  48268  -0.012918   0.082210   0.5930636   0.0018169  -0.000044   0.000148   0.000652   0.000349  0.0000883  0.0000935    0.000255    0.000221
1991   1  13  48269  -0.016896   0.083351   0.5912696   0.0017720   0.000096   0.000211   0.000513   0.000530  0.0000584  0.0000731    0.000234    0.000191
1991   1  14  48270  -0.020247   0.083607   0.5894953   0.0017858   0.000277   0.000250   0.000715   0.000796  0.0000578  0.0000778    0.000234    0.000190
1991   1  15  48271  -0.023635   0.083360   0.5876752   0.0018654   0.000393   0.000240   0.001154   0.001237  0.0000972  0.0000843    0.000329    0.000294
1991   1  16  48272  -0.027268   0.083495   0.5857463   0.0019964   0.000342   0.000176   0.000885   0.000616  0.0001108  0.0000847    0.000331    0.000322
1991   1  17  48273  -0.030929   0.084513   0.5836712   0.0021460   0.000020   0.000055   0.000585   0.000422  0.0000721  0.0000782    0.000242    0.000235
1991   1  18  48274  -0.035191   0.085356   0.5814525   0.0022810   0.000035  -0.000025   0.000344   0.000340  0.0000457  0.0000559    0.000175    0.000162
1991   1  19  48275  -0.039627   0.085755   0.5791185   0.0023841   0.000228  -0.000037   0.000381   0.000419  0.0000396  0.0000423    0.000158    0.000144
1991   1  20  48276  -0.043956   0.086065   0.5767042   0.0024499   0.000396   0.000004   0.001185   0.001463  0.0000389  0.0000337    0.000155    0.000141
1991   1  21  48277  -0.048216   0.086752   0.5742466   0.0024711   0.000509   0.000063   0.001338   0.001360  0.0000277  0.0000331    0.000143    0.000108
1991   1  22  48278  -0.051803   0.087614   0.5717928   0.0024332   0.000511   0.000106   0.000240   0.000208  0.0000274  0.0000285    0.000143    0.000107
1991   1  23  48279  -0.054337   0.088522   0.5694075   0.0023221   0.000373   0.000101   0.000246   0.000215  0.0000293  0.0000346    0.000148    0.000113
1991   1  24  48280  -0.056005   0.089561   0.5671653   0.0021423   0.000076   0.000006   0.000322   0.000292  0.0000418  0.0000548    0.000173    0.000146
1991   1  25  48281  -0.057672   0.090969   0.5651234   0.0019393  -0.000152  -0.000050   0.000579   0.000577  0.0000803  0.0000656    0.000200    0.000200
1991   1  26  48282  -0.060097   0.092899   0.5632674   0.0017920  -0.000213  -0.000035   0.001304   0.001352  0.0000895  0.0000608    0.000199    0.000202
1991   1  27  48283  -0.063346   0.095089   0.5615023   0.0017624  -0.000146  -0.000009   0.000450   0.000476  0.0000413  0.0000667    0.000150    0.000129
1991   1  28  48284  -0.066768   0.096635   0.5596973   0.0018608  -0.000002  -0.000017   0.000355   0.000372  0.0000440  0.0000507    0.000158    0.000136
1991   1  29  48285  -0.070201   0.097438   0.5577420   0.0020446   0.000150  -0.000107   0.000463   0.000454  0.0000600  0.0000479    0.000192    0.000180
1991   1  30  48286  -0.074598   0.099086   0.5555906   0.0022611   0.000237  -0.000236   0.000507   0.000436  0.0000519  0.0000446    0.000226    0.000241
1991   1  31  48287  -0.079679   0.101442   0.5532300   0.0024730   0.000249  -0.000323   0.000404   0.000347  0.0000292  0.0000413    0.000202    0.000200
1991   2   1  48288  -0.084271   0.103062   0.5506781   0.0026308   0.000246  -0.000202   0.000502   0.000443  0.0000308  0.0000357    0.000198    0.000180
1991   2   2  48289  -0.088632   0.104334   0.5480116   0.0026851   0.000237   0.000039   0.000473   0.000491  0.0000423  0.0000372    0.000195    0.000151
1991   2   3  48290  -0.092924   0.105347   0.5453464   0.0026196   0.000239   0.000210   0.000477   0.000505  0.0000437  0.0000476    0.000194    0.000150
1991   2   4  48291  -0.096894   0.106377   0.5427969   0.0024580   0.000244   0.000282   0.000826   0.000767  0.0000530  0.0000498    0.000193    0.000173
1991   2   5  48292  -0.100195   0.107581   0.5404396   0.0022490   0.000234   0.000263   0.000553   0.000516  0.0000559  0.0000523    0.000192    0.000179
1991   2   6  48293  -0.103263   0.109335   0.5382962   0.0020460   0.000209   0.000122   0.000360   0.000370  0.0000515  0.0000512    0.000187    0.000156
1991   2   7  48294  -0.106393   0.111055   0.5363365   0.0018870   0.000144  -0.000011   0.000270   0.000306  0.0000466  0.0000577    0.000184    0.000130
1991   2   8  48295  -0.109307   0.111813   0.5345047   0.0017868   0.000004  -0.000002   0.000426   0.000481  0.0000639  0.0000763    0.000223    0.000177
1991   2   9  48296  -0.111839   0.112651   0.5327405   0.0017488  -0.000002   0.000028   0.001107   0.001201  0.0001059  0.0000660    0.000274    0.000293
1991   2  10  48297  -0.114236   0.114659   0.5309817   0.0017748   0.000177   0.000016   0.001340   0.001428  0.0000682  0.0000649    0.000255    0.000283
1991   2  11  48298  -0.117061   0.117508   0.5291659   0.0018624   0.000375  -0.000007   0.000219   0.000232  0.0000238  0.0000457    0.000143    0.000131
1991   2  12  48299  -0.120569   0.120229   0.5272356   0.0020029   0.000459  -0.000021   0.000210   0.000227  0.0000232  0.0000230    0.000138    0.000133
1991   2  13  48300  -0.124433   0.122249   0.5251451   0.0021804   0.000275   0.000023   0.000209   0.000232  0.0000223  0.0000248    0.000124    0.000138
1991   2  14  48301  -0.127418   0.124598   0.5228686   0.0023743   0.000081  -0.000116   0.000247   0.000225  0.0000264  0.0000284    0.000116    0.000128
1991   2  15  48302  -0.130242   0.127285   0.5204017   0.0025546  -0.000012  -0.000251   0.000393   0.000290  0.0000346  0.0000384    0.000115    0.000119
1991   2  16  48303  -0.133615   0.130255   0.5177773   0.0026785  -0.000004  -0.000205   0.000719   0.000589  0.0000505  0.0000482    0.000176    0.000165
1991   2  17  48304  -0.137204   0.133514   0.5150738   0.0027058   0.000052  -0.000083   0.000543   0.000578  0.0000619  0.0000563    0.000258    0.000211
1991   2  18  48305  -0.140486   0.136706   0.5124004   0.0026210   0.000003  -0.000035   0.000670   0.000709  0.0000622  0.0000745    0.000259    0.000212
1991   2  19  48306  -0.143160   0.139598   0.5098634   0.0024441  -0.000071  -0.000035   0.001224   0.001189  0.0000872  0.0000799    0.000329    0.000230
1991   2  20  48307  -0.145514   0.142285   0.5075318   0.0022274  -0.000093  -0.000051   0.000709   0.000705  0.0000976  0.0000742    0.000354    0.000232
1991   2  21  48308  -0.148321   0.145736   0.5054108   0.0020384   0.000028  -0.000062   0.000454   0.000405  0.0000613  0.0000678    0.000267    0.000166
1991   2  22  48309  -0.151628   0.149653   0.5034384   0.0019335   0.000192  -0.000072   0.000300   0.000252  0.0000379  0.0000492    0.000182    0.000109
1991   2  23  48310  -0.154825   0.152913   0.5015118   0.0019359   0.000228  -0.000088   0.000294   0.000246  0.0000372  0.0000424    0.000179    0.000108
1991   2  24  48311  -0.157733   0.155179   0.4995265   0.0020391   0.000176  -0.000098   0.000331   0.000184  0.0000469  0.0000437    0.000177    0.000169
1991   2  25  48312  -0.160539   0.156900   0.4973953   0.0022215   0.000115  -0.000093   0.000340   0.000177  0.0000502  0.0000468    0.000176    0.000204
1991   2  26  48313  -0.163431   0.158817   0.4950583   0.0024543   0.000173  -0.000047   0.000312   0.000199  0.0000466  0.0000465    0.000168    0.000171
1991   2  27  48314  -0.165802   0.161659   0.4924835   0.0026948   0.000230  -0.000010   0.000320   0.000363  0.0000427  0.0000540    0.000160    0.000137
1991   2  28  48315  -0.167467   0.165209   0.4896890   0.0028838   0.000174  -0.000027   0.000494   0.000575  0.0000615  0.0000743    0.000211    0.000195
1991   3   1  48316  -0.169433   0.168090   0.4867534   0.0029716   0.000068  -0.000066   0.000928   0.000902  0.0001060  0.0000841    0.000280    0.000279
1991   3   2  48317  -0.171771   0.170614   0.4837878   0.0029388   0.000011  -0.000072   0.001183   0.001022  0.0001067  0.0000869    0.000275    0.000253
1991   3   3  48318  -0.173917   0.173626   0.4809100   0.0027919   0.000033  -0.000027   0.001324   0.001289  0.0000679  0.0000839    0.000273    0.000228
1991   3   4  48319  -0.175670   0.177105   0.4782231   0.0025583   0.000083   0.000037   0.000701   0.000695  0.0000612  0.0000646    0.000273    0.000222
1991   3   5  48320  -0.177662   0.180190   0.4757972   0.0022766   0.000031   0.000075   0.000795   0.000774  0.0000614  0.0000697    0.000273    0.000222
1991   3   6  48321  -0.179674   0.183087   0.4736619   0.0019927  -0.000036   0.000084   0.001327   0.001148  0.0000781  0.0000723    0.000261    0.000235
1991   3   7  48322  -0.181379   0.186467   0.4717961   0.0017576  -0.000037   0.000067   0.000813   0.000738  0.0000833  0.0000713    0.000258    0.000236
1991   3   8  48323  -0.183615   0.190009   0.4701259   0.0016194   0.000117   0.000015   0.000687   0.000799  0.0000645  0.0000643    0.000222    0.000179
1991   3   9  48324  -0.186277   0.193447   0.4685330   0.0016048   0.000322  -0.000036   0.000391   0.000584  0.0000453  0.0000546    0.000173    0.000124
1991   3  10  48325  -0.188414   0.196815   0.4668912   0.0017002   0.000440  -0.000017   0.000316   0.000479  0.0000448  0.0000597    0.000171    0.000123
1991   3  11  48326  -0.189539   0.200231   0.4651098   0.0018650   0.000457   0.000043   0.000506   0.000525  0.0000742  0.0000685    0.000227    0.000186
1991   3  12  48327  -0.190112   0.203845   0.4631435   0.0020609   0.000393   0.000093   0.000657   0.000539  0.0000923  0.0000579    0.000249    0.000222
1991   3  13  48328  -0.190953   0.207783   0.4609776   0.0022680   0.000253   0.000078   0.000379   0.000371  0.0000416  0.0000567    0.000192    0.000157
1991   3  14  48329  -0.192554   0.212024   0.4586069   0.0024814   0.000118   0.000015   0.000207   0.000181  0.0000211  0.0000291    0.000125    0.000099
1991   3  15  48330  -0.194641   0.216312   0.4560264   0.0026954   0.000095  -0.000082   0.000167   0.000118  0.0000166  0.0000208    0.000105    0.000088
1991   3  16  48331  -0.195669   0.220126   0.4532410   0.0028668  -0.000028  -0.000078   0.000209   0.000139  0.0000205  0.0000291    0.000132    0.000109
1991   3  17  48332  -0.196533   0.223657   0.4503283   0.0029255  -0.000131  -0.000054   0.000443   0.000296  0.0000417  0.0000391    0.000253    0.000172
1991   3  18  48333  -0.198438   0.227221   0.4474277   0.0028392  -0.000075  -0.000100   0.000765   0.000760  0.0000576  0.0000482    0.000208    0.000158
1991   3  19  48334  -0.200702   0.230727   0.4446782   0.0026361   0.000038  -0.000155   0.000568   0.000609  0.0000547  0.0000579    0.000185    0.000147
1991   3  20  48335  -0.202233   0.234009   0.4421650   0.0023891   0.000092  -0.000158   0.000623   0.000666  0.0000583  0.0000706    0.000196    0.000159
1991   3  21  48336  -0.202884   0.237219   0.4398870   0.0021768   0.000110  -0.000135   0.000756   0.000812  0.0000866  0.0000741    0.000280    0.000284
1991   3  22  48337  -0.203586   0.240806   0.4377806   0.0020421   0.000134  -0.000112   0.000603   0.000649  0.0000899  0.0000749    0.000289    0.000304
1991   3  23  48338  -0.204793   0.244866   0.4357640   0.0019974   0.000160  -0.000103   0.000450   0.000368  0.0000632  0.0000756    0.000230    0.000177
1991   3  24  48339  -0.205976   0.249021   0.4337496   0.0020520   0.000165  -0.000119   0.000429   0.000306  0.0000614  0.0000638    0.000209    0.000156
1991   3  25  48340  -0.207084   0.253053   0.4316352   0.0022138   0.000140  -0.000168   0.000402   0.000284  0.0000643  0.0000580    0.000201    0.000154
1991   3  26  48341  -0.209748   0.257368   0.4293143   0.0024620   0.000331  -0.000172   0.000344   0.000364  0.0000547  0.0000566    0.000212    0.000164
1991   3  27  48342  -0.213069   0.261602   0.4267225   0.0027208   0.000356  -0.000134   0.000467   0.000581  0.0000488  0.0000368    0.000218    0.000168
1991   3  28  48343  -0.215380   0.265783   0.4239001   0.0028898   0.000204  -0.000085   0.000410   0.000314  0.0000189  0.0000332    0.000133    0.000110
1991   3  29  48344  -0.216301   0.269655   0.4209793   0.0029072  -0.000016  -0.000052   0.000273   0.000199  0.0000177  0.0000183    0.000127    0.000105
1991   3  30  48345  -0.216529   0.273058   0.4181213   0.0027880  -0.000123  -0.000147   0.000271   0.000198  0.0000177  0.0000185    0.000127    0.000105
1991   3  31  48346  -0.216706   0.276422   0.4154291   0.0025997  -0.000125  -0.000284   0.000292   0.000212  0.0000193  0.0000441    0.000135    0.000113
1991   4   1  48347  -0.217239   0.280255   0.4129334   0.0024046  -0.000051  -0.000374   0.000896   0.000494  0.0000706  0.0000362    0.000234    0.000301
1991   4   2  48348  -0.218159   0.284702   0.4106174   0.0022360   0.000081  -0.000365   0.000610   0.000437  0.0000531  0.0000531    0.000217    0.000236
1991   4   3  48349  -0.219050   0.289512   0.4084488   0.0020989   0.000256  -0.000203   0.000387   0.000351  0.0000355  0.0000481    0.000185    0.000161
1991   4   4  48350  -0.219245   0.294148   0.4064006   0.0019933   0.000287  -0.000076   0.000469   0.000492  0.0000430  0.0000564    0.000216    0.000166
1991   4   5  48351  -0.219064   0.298464   0.4044399   0.0019304   0.000284  -0.000013   0.000830   0.001097  0.0000773  0.0000663    0.000286    0.000194
1991   4   6  48352  -0.219351   0.302547   0.4025165   0.0019260   0.000329  -0.000001   0.001174   0.001448  0.0000895  0.0000632    0.000286    0.000197
1991   4   7  48353  -0.220189   0.306506   0.4005660   0.0019855   0.000363  -0.000032   0.000359   0.000361  0.0000491  0.0000693    0.000180    0.000163
1991   4   8  48354  -0.220986   0.310430   0.3985275   0.0020973   0.000357  -0.000084   0.000349   0.000350  0.0000491  0.0000520    0.000180    0.000163
1991   4   9  48355  -0.221089   0.314394   0.3963595   0.0022363   0.000223  -0.000111   0.000384   0.000375  0.0000549  0.0000747    0.000192    0.000171
1991   4  10  48356  -0.220799   0.318383   0.3940507   0.0023814   0.000105  -0.000129   0.000622   0.000527  0.0001003  0.0001079    0.000255    0.000210
1991   4  11  48357  -0.220490   0.322310   0.3916019   0.0025248   0.000113  -0.000153   0.000901   0.000801  0.0001609  0.0001162    0.000394    0.000321
1991   4  12  48358  -0.219798   0.326131   0.3890180   0.0026524   0.000189  -0.000153   0.000808   0.000885  0.0001322  0.0001122    0.000434    0.000377
1991   4  13  48359  -0.218710   0.330063   0.3863262   0.0027306   0.000264  -0.000117   0.000468   0.000505  0.0000636  0.0000905    0.000215    0.000190
1991   4  14  48360  -0.217374   0.334205   0.3835939   0.0027171   0.000245  -0.000083   0.000489   0.000550  0.0000488  0.0000471    0.000165    0.000149
1991   4  15  48361  -0.215951   0.338210   0.3809274   0.0025874   0.000137  -0.000073   0.000179   0.000256  0.0000306  0.0000392    0.000095    0.000104
1991   4  16  48362  -0.214593   0.341957   0.3784398   0.0023616   0.000020  -0.000091   0.000145   0.000205  0.0000297  0.0000312    0.000091    0.000100
1991   4  17  48363  -0.213511   0.345631   0.3762011   0.0021053   0.000066  -0.000168   0.000256   0.000335  0.0000318  0.0000289    0.000107    0.000116
1991   4  18  48364  -0.212840   0.349572   0.3742025   0.0019105   0.000110  -0.000217   0.000300   0.000289  0.0000282  0.0000250    0.000158    0.000165
1991   4  19  48365  -0.212704   0.353809   0.3723399   0.0018609   0.000084  -0.000179   0.000160   0.000166  0.0000182  0.0000218    0.000118    0.000118
1991   4  20  48366  -0.212647   0.357998   0.3704413   0.0019770   0.000089  -0.000110   0.000132   0.000139  0.0000154  0.0000182    0.000103    0.000101
1991   4  21  48367  -0.212317   0.361872   0.3683599   0.0022018   0.000155  -0.000061   0.000155   0.000159  0.0000182  0.0000310    0.000107    0.000112
1991   4  22  48368  -0.211833   0.365556   0.3660308   0.0024518   0.000232  -0.000067   0.000412   0.000280  0.0000465  0.0000325    0.000123    0.000165
1991   4  23  48369  -0.211486   0.369388   0.3634671   0.0026633   0.000268  -0.000170   0.000378   0.000264  0.0000467  0.0000480    0.000128    0.000164
1991   4  24  48370  -0.211406   0.373569   0.3607279   0.0028054   0.000237  -0.000363   0.000309   0.000233  0.0000495  0.0000588    0.000167    0.000168
1991   4  25  48371  -0.211342   0.377906   0.3578865   0.0028578   0.000235  -0.000332   0.000476   0.000368  0.0000709  0.0000734    0.000262    0.000231
1991   4  26  48372  -0.211033   0.381844   0.3550430   0.0028027   0.000264  -0.000103   0.000902   0.000838  0.0000974  0.0000787    0.000341    0.000280
1991   4  27  48373  -0.210559   0.385109   0.3523062   0.0026504   0.000260   0.000074   0.000775   0.000802  0.0000864  0.0000792    0.000295    0.000245
1991   4  28  48374  -0.210139   0.388063   0.3497570   0.0024437   0.000199   0.000092   0.000538   0.000421  0.0000610  0.0000651    0.000203    0.000210
1991   4  29  48375  -0.209745   0.391405   0.3474211   0.0022372   0.000119   0.000041   0.000392   0.000269  0.0000438  0.0000524    0.000144    0.000174
1991   4  30  48376  -0.209266   0.395529   0.3452734   0.0020712   0.000059   0.000018   0.000393   0.000269  0.0000439  0.0000503    0.000144    0.000174
1991   5   1  48377  -0.208550   0.400042   0.3432616   0.0019587   0.000060   0.000150   0.000505   0.000352  0.0000568  0.0000832    0.000180    0.000190
1991   5   2  48378  -0.207423   0.403721   0.3413349   0.0018940   0.000069   0.000204   0.000860   0.000800  0.0001225  0.0000810    0.000298    0.000222
1991   5   3  48379  -0.205880   0.406250   0.3394514   0.0018718   0.000071   0.000093   0.000640   0.000652  0.0001051  0.0001089    0.000263    0.000251
1991   5   4  48380  -0.204284   0.408856   0.3375706   0.0019042   0.000069  -0.000013   0.000661   0.000688  0.0000953  0.0000807    0.000243    0.000278
1991   5   5  48381  -0.202852   0.412404   0.3356259   0.0020128   0.000071  -0.000052   0.001449   0.001206  0.0000563  0.0000665    0.000183    0.000217
1991   5   6  48382  -0.201455   0.416706   0.3335331   0.0021947   0.000077  -0.000089   0.000494   0.000345  0.0000376  0.0000451    0.000137    0.000162
1991   5   7  48383  -0.199830   0.421144   0.3312312   0.0024112   0.000092  -0.000194   0.000359   0.000245  0.0000340  0.0000322    0.000134    0.000151
1991   5   8  48384  -0.197836   0.425179   0.3287128   0.0026057   0.000117  -0.000380   0.000337   0.000218  0.0000268  0.0000315    0.000124    0.000128
1991   5   9  48385  -0.195634   0.428745   0.3260304   0.0027446   0.000158  -0.000275   0.000357   0.000238  0.0000290  0.0000509    0.000136    0.000135
1991   5  10  48386  -0.193548   0.432138   0.3232441   0.0028216   0.000204   0.000000   0.000468   0.000440  0.0000751  0.0000609    0.000227    0.000199
1991   5  11  48387  -0.191798   0.435777   0.3204169   0.0028246   0.000285   0.000021   0.000478   0.000474  0.0000928  0.0000658    0.000239    0.000206
1991   5  12  48388  -0.190203   0.439726   0.3176290   0.0027399   0.000346  -0.000143   0.000325   0.000336  0.0000565  0.0000670    0.000218    0.000178
1991   5  13  48389  -0.188382   0.443723   0.3149649   0.0025758   0.000325  -0.000300   0.000246   0.000249  0.0000412  0.0000493    0.000194    0.000153
1991   5  14  48390  -0.186110   0.447471   0.3124868   0.0023698   0.000173  -0.000312   0.000261   0.000214  0.0000421  0.0000426    0.000182    0.000151
1991   5  15  48391  -0.183482   0.450822   0.3102093   0.0021800  -0.000064  -0.000138   0.000296   0.000176  0.0000441  0.0000472    0.000165    0.000149
1991   5  16  48392  -0.180797   0.453852   0.3080893   0.0020580  -0.000051  -0.000013   0.000357   0.000207  0.0000523  0.0000609    0.000181    0.000159
1991   5  17  48393  -0.178067   0.456814   0.3060486   0.0020292   0.000105   0.000056   0.000481   0.000493  0.0000777  0.0000655    0.000237    0.000180
1991   5  18  48394  -0.175181   0.459999   0.3039967   0.0020926   0.000173   0.000055   0.000485   0.000522  0.0000787  0.0000653    0.000239    0.000181
1991   5  19  48395  -0.172139   0.463422   0.3018514   0.0022170   0.000157   0.000001   0.000357   0.000349  0.0000529  0.0000589    0.000173    0.000178
1991   5  20  48396  -0.169015   0.466836   0.2995740   0.0023449   0.000098  -0.000078   0.000279   0.000260  0.0000390  0.0000412    0.000134    0.000171
1991   5  21  48397  -0.165884   0.469972   0.2971887   0.0024140   0.000012  -0.000149   0.000267   0.000226  0.0000296  0.0000287    0.000125    0.000140
1991   5  22  48398  -0.162844   0.472784   0.2947785   0.0023799  -0.000076  -0.000179   0.000259   0.000186  0.0000185  0.0000245    0.000102    0.000095
1991   5  23  48399  -0.160032   0.475491   0.2924582   0.0022399  -0.000160  -0.000121   0.000364   0.000254  0.0000194  0.0000353    0.000109    0.000098
1991   5  24  48400  -0.157195   0.478221   0.2903207   0.0020317  -0.000222  -0.000012   0.000575   0.000417  0.0000521  0.0000442    0.000226    0.000174
1991   5  25  48401  -0.154207   0.481099   0.2884077   0.0018085  -0.000271   0.000027   0.000711   0.000526  0.0000690  0.0000528    0.000256    0.000188
1991   5  26  48402  -0.151161   0.484094   0.2867066   0.0016156  -0.000279  -0.000010   0.001356   0.001227  0.0000535  0.0000559    0.000191    0.000184
1991   5  27  48403  -0.148256   0.487098   0.2851697   0.0014760  -0.000222  -0.000096   0.000454   0.000414  0.0000429  0.0000483    0.000150    0.000179
1991   5  28  48404  -0.145391   0.490150   0.2837396   0.0013915  -0.000090  -0.000204   0.000380   0.000346  0.0000430  0.0000501    0.000150    0.000180
1991   5  29  48405  -0.142418   0.493120   0.2823662   0.0013539   0.000112  -0.000296   0.000757   0.000703  0.0000573  0.0001314    0.000198    0.000237
1991   5  30  48406  -0.139429   0.495861   0.2810095   0.0013588   0.000310  -0.000362   0.002100   0.001540  0.0002198  0.0001080    0.000533    0.000639
1991   5  31  48407  -0.136309   0.498241   0.2796278   0.0014101   0.000465  -0.000377   0.001424   0.000806  0.0001587  0.0001764    0.000365    0.000415
1991   6   1  48408  -0.133378   0.500676   0.2781722   0.0015139   0.000468  -0.000371   0.001138   0.000648  0.0001329  0.0001069    0.000307    0.000345
1991   6   2  48409  -0.130816   0.503533   0.2765882   0.0016685   0.000304  -0.000354   0.000446   0.000297  0.0000551  0.0000790    0.000193    0.000182
1991   6   3  48410  -0.128232   0.506642   0.2748298   0.0018565   0.000080  -0.000313   0.000186   0.000108  0.0000251  0.0000400    0.000092    0.000079
1991   6   4  48411  -0.125177   0.509576   0.2728766   0.0020493  -0.000107  -0.000248   0.000186   0.000108  0.0000250  0.0000251    0.000092    0.000079
1991   6   5  48412  -0.121503   0.512043   0.2707397   0.0022168  -0.000029  -0.000108   0.000187   0.000109  0.0000252  0.0000395    0.000092    0.000079
1991   6   6  48413  -0.117670   0.514216   0.2684584   0.0023368   0.000126   0.000011   0.000378   0.000237  0.0000541  0.0000482    0.000169    0.000156
1991   6   7  48414  -0.114162   0.516485   0.2660884   0.0023947   0.000270   0.000063   0.000470   0.000460  0.0000712  0.0000627    0.000207    0.000206
1991   6   8  48415  -0.111211   0.519179   0.2636965   0.0023816   0.000212  -0.000063   0.000470   0.000461  0.0000712  0.0000627    0.000207    0.000206
1991   6   9  48416  -0.108346   0.522260   0.2613521   0.0022981   0.000043  -0.000260   0.000368   0.000386  0.0000541  0.0000568    0.000182    0.000174
1991   6  10  48417  -0.104886   0.525399   0.2591170   0.0021600  -0.000122  -0.000402   0.000295   0.000319  0.0000423  0.0000461    0.000158    0.000146
1991   6  11  48418  -0.100574   0.528214   0.2570287   0.0020030  -0.000195  -0.000393   0.000293   0.000276  0.0000381  0.0000360    0.000153    0.000145
1991   6  12  48419  -0.095998   0.530559   0.2550840   0.0018751  -0.000130  -0.000204   0.000311   0.000224  0.0000297  0.0000349    0.000139    0.000143
1991   6  13  48420  -0.092319   0.532677   0.2532350   0.0018253  -0.000049  -0.000079   0.000458   0.000326  0.0000316  0.0000461    0.000145    0.000151
1991   6  14  48421  -0.089368   0.534660   0.2513902   0.0018786   0.000022  -0.000028   0.000535   0.000500  0.0000626  0.0000505    0.000183    0.000185
1991   6  15  48422  -0.086032   0.536714   0.2494529   0.0020104   0.000050  -0.000008   0.000633   0.000620  0.0000693  0.0000594    0.000186    0.000187
1991   6  16  48423  -0.082087   0.538675   0.2473723   0.0021554   0.000032  -0.000015   0.001145   0.001278  0.0000562  0.0000577    0.000186    0.000164
1991   6  17  48424  -0.078170   0.540332   0.2451695   0.0022419  -0.000012  -0.000043   0.000308   0.000367  0.0000461  0.0000512    0.000187    0.000143
1991   6  18  48425  -0.074598   0.541795   0.2429276   0.0022266  -0.000059  -0.000068   0.000286   0.000341  0.0000461  0.0000463    0.000187    0.000143
1991   6  19  48426  -0.071243   0.543289   0.2407532   0.0021079  -0.000084  -0.000053   0.000553   0.000652  0.0000464  0.0000549    0.000187    0.000144
1991   6  20  48427  -0.067735   0.545180   0.2387375   0.0019137  -0.000058  -0.000045   0.000726   0.001503  0.0000637  0.0000557    0.000207    0.000198
1991   6  21  48428  -0.064290   0.547083   0.2369386   0.0016778   0.000024  -0.000056   0.000419   0.001138  0.0000651  0.0000644    0.000208    0.000202
1991   6  22  48429  -0.061477   0.548410   0.2353835   0.0014306   0.000243  -0.000156   0.000411   0.001117  0.0000650  0.0000596    0.000208    0.000202
1991   6  23  48430  -0.059227   0.549371   0.2340705   0.0011992   0.000464  -0.000274   0.000339   0.000489  0.0000540  0.0000553    0.000204    0.000186
1991   6  24  48431  -0.056915   0.550525   0.2329712   0.0010079   0.000565  -0.000346   0.000302   0.000355  0.0000456  0.0000518    0.000201    0.000171
1991   6  25  48432  -0.053992   0.552198   0.2320354   0.0008732   0.000451  -0.000320   0.000386   0.000401  0.0000495  0.0000626    0.000212    0.000179
1991   6  26  48433  -0.050561   0.554215   0.2312025   0.0008006   0.000130  -0.000197   0.000687   0.000397  0.0000797  0.0000939    0.000281    0.000232
1991   6  27  48434  -0.047166   0.556158   0.2304122   0.0007945   0.000013  -0.000189   0.001201   0.000501  0.0001382  0.0000675    0.000384    0.000357
1991   6  28  48435  -0.043980   0.558071   0.2295948   0.0008573  -0.000011  -0.000232   0.000527   0.000366  0.0000553  0.0000810    0.000245    0.000269
1991   6  29  48436  -0.040635   0.559817   0.2286846   0.0009747  -0.000038  -0.000225   0.000233   0.000161  0.0000238  0.0000400    0.000131    0.000143
1991   6  30  48437  -0.036918   0.560907   0.2276391   0.0011179   0.000027  -0.000157   0.000239   0.000169  0.0000247  0.0000300    0.000135    0.000134
1991   7   1  48438  -0.033152   0.561739   0.2264498   0.0012594   0.000063  -0.000133   0.000342   0.000284  0.0000363  0.0000277    0.000171    0.000126
1991   7   2  48439  -0.029717   0.562872   0.2251285   0.0013861  -0.000006  -0.000161   0.000306   0.000261  0.0000307  0.0000424    0.000146    0.000105
1991   7   3  48440  -0.026528   0.563991   0.2236923   0.0014915   0.000055  -0.000090   0.000483   0.000427  0.0000485  0.0000519    0.000174    0.000151
1991   7   4  48441  -0.023038   0.564786   0.2221656   0.0015558   0.000204  -0.000013   0.000786   0.000718  0.0000731  0.0000626    0.000191    0.000196
1991   7   5  48442  -0.019073   0.565611   0.2206039   0.0015460   0.000398   0.000036   0.001181   0.001049  0.0000767  0.0000671    0.000193    0.000202
1991   7   6  48443  -0.014705   0.566552   0.2190966   0.0014410   0.000567   0.000057   0.003115   0.003478  0.0000612  0.0000619    0.000193    0.000204
1991   7   7  48444  -0.010230   0.567562   0.2177391   0.0012539   0.000653   0.000043   0.001726   0.001963  0.0000470  0.0000543    0.000195    0.000207
1991   7   8  48445  -0.005971   0.568492   0.2165926   0.0010374   0.000614   0.000000   0.000564   0.000609  0.0000474  0.0000480    0.000196    0.000208
1991   7   9  48446  -0.002013   0.569222   0.2156488   0.0008680   0.000419  -0.000060   0.000394   0.000349  0.0000489  0.0000396    0.000205    0.000216
1991   7  10  48447   0.001750   0.569633   0.2148219   0.0008162   0.000116  -0.000127   0.000255   0.000192  0.0000318  0.0000338    0.000171    0.000172
1991   7  11  48448   0.005310   0.569679   0.2139724   0.0009196  -0.000042  -0.000265   0.000153   0.000126  0.0000187  0.0000288    0.000110    0.000110
1991   7  12  48449   0.009659   0.569766   0.2129463   0.0011590  -0.000105  -0.000305   0.000200   0.000171  0.0000258  0.0000444    0.000134    0.000137
1991   7  13  48450   0.013730   0.569598   0.2116414   0.0014587  -0.000100  -0.000205   0.000469   0.000422  0.0000701  0.0000714    0.000235    0.000241
1991   7  14  48451   0.017267   0.570100   0.2100456   0.0017196  -0.000041  -0.000063   0.000899   0.000743  0.0001170  0.0000729    0.000346    0.000321
1991   7  15  48452   0.021680   0.571099   0.2082413   0.0018626   0.000015   0.000033   0.000602   0.000541  0.0000757  0.0000808    0.000285    0.000262
1991   7  16  48453   0.026897   0.572053   0.2063663   0.0018631   0.000011   0.000034   0.000423   0.000328  0.0000445  0.0000542    0.000194    0.000177
1991   7  17  48454   0.031573   0.572790   0.2045522   0.0017529  -0.000076  -0.000075   0.000406   0.000230  0.0000328  0.0000437    0.000151    0.000132
1991   7  18  48455   0.035544   0.572806   0.2028810   0.0015761  -0.000168  -0.000142   0.000287   0.000282  0.0000428  0.0000378    0.000167    0.000145
1991   7  19  48456   0.040736   0.572842   0.2014042   0.0013592  -0.000206  -0.000098   0.000167   0.000252  0.0000428  0.0000450    0.000136    0.000116
1991   7  20  48457   0.045924   0.572109   0.2001552   0.0011267  -0.000136  -0.000004   0.000201   0.000295  0.0000471  0.0000521    0.000157    0.000135
1991   7  21  48458   0.050097   0.571715   0.1991366   0.0009279  -0.000033   0.000093   0.000383   0.000423  0.0000613  0.0000499    0.000221    0.000212
1991   7  22  48459   0.053938   0.572390   0.1982807   0.0008200  -0.000010   0.000160   0.000321   0.000339  0.0000528  0.0000636    0.000195    0.000200
1991   7  23  48460   0.058601   0.573062   0.1974749   0.0008007  -0.000201   0.000158   0.000444   0.000482  0.0000659  0.0000646    0.000247    0.000294
1991   7  24  48461   0.063943   0.573026   0.1966566   0.0008319  -0.000382   0.000095   0.000772   0.000869  0.0000764  0.0000724    0.000317    0.000513
1991   7  25  48462   0.068669   0.572369   0.1957905   0.0009018  -0.000332  -0.000066   0.001019   0.001095  0.0000790  0.0001010    0.000311    0.000429
1991   7  26  48463   0.072896   0.571565   0.1948374   0.0010169  -0.000107  -0.000256   0.000942   0.000832  0.0001256  0.0001015    0.000281    0.000319
1991   7  27  48464   0.077526   0.570642   0.1937480   0.0011787  -0.000001  -0.000258   0.000810   0.000716  0.0001240  0.0001179    0.000274    0.000324
1991   7  28  48465   0.081974   0.570289   0.1924791   0.0013602  -0.000021  -0.000128   0.000736   0.000716  0.0001101  0.0001110    0.000259    0.000331
1991   7  29  48466   0.085287   0.570874   0.1910348   0.0015001  -0.000146   0.000042   0.000644   0.000648  0.0000979  0.0000870    0.000238    0.000251
1991   7  30  48467   0.089318   0.570361   0.1894938   0.0015450   0.000004  -0.000092   0.000468   0.000441  0.0000638  0.0000838    0.000214    0.000176
1991   7  31  48468   0.092822   0.569312   0.1879658   0.0015027   0.000122  -0.000304   0.000511   0.000511  0.0000697  0.0000787    0.000255    0.000204
1991   8   1  48469   0.095557   0.568160   0.1865124   0.0014188   0.000121  -0.000343   0.000677   0.000799  0.0000935  0.0000844    0.000314    0.000295
1991   8   2  48470   0.098269   0.567472   0.1851509   0.0013180   0.000090  -0.000222   0.000807   0.000947  0.0000991  0.0000886    0.000264    0.000304
1991   8   3  48471   0.101404   0.567354   0.1838927   0.0011922   0.000133  -0.000106   0.000606   0.000722  0.0000837  0.0000791    0.000229    0.000210
1991   8   4  48472   0.104545   0.565694   0.1827717   0.0010400   0.000222  -0.000027   0.000409   0.000453  0.0000591  0.0000660    0.000206    0.000148
1991   8   5  48473   0.107585   0.563941   0.1818027   0.0008997   0.000255  -0.000071   0.000349   0.000368  0.0000483  0.0000491    0.000194    0.000131
1991   8   6  48474   0.111129   0.562964   0.1809462   0.0008292   0.000163  -0.000129   0.000367   0.000366  0.0000390  0.0000384    0.000170    0.000127
1991   8   7  48475   0.115271   0.561600   0.1801064   0.0008729  -0.000041   0.000019   0.000309   0.000290  0.0000284  0.0000349    0.000140    0.000114
1991   8   8  48476   0.118765   0.560323   0.1791613   0.0010388  -0.000130   0.000001   0.000290   0.000270  0.0000308  0.0000609    0.000154    0.000128
1991   8   9  48477   0.121522   0.559164   0.1780034   0.0012938  -0.000128  -0.000115   0.000597   0.000549  0.0000934  0.0000788    0.000302    0.000277
1991   8  10  48478   0.124726   0.557650   0.1765736   0.0015759  -0.000124  -0.000124   0.000666   0.000605  0.0001268  0.0000615    0.000323    0.000304
1991   8  11  48479   0.128701   0.555949   0.1748790   0.0018119  -0.000132  -0.000037   0.000592   0.000520  0.0000296  0.0000731    0.000176    0.000147
1991   8  12  48480   0.132893   0.554522   0.1729950   0.0019413  -0.000156   0.000085   0.000339   0.000295  0.0000194  0.0000245    0.000125    0.000102
1991   8  13  48481   0.136617   0.553518   0.1710433   0.0019391  -0.000220   0.000191   0.000240   0.000209  0.0000194  0.0000195    0.000125    0.000102
1991   8  14  48482   0.139906   0.552443   0.1691507   0.0018222  -0.000387   0.000204   0.000280   0.000243  0.0000196  0.0000347    0.000126    0.000103
1991   8  15  48483   0.143033   0.550815   0.1674132   0.0016370  -0.000471   0.000204   0.000914   0.000855  0.0000500  0.0000409    0.000210    0.000182
1991   8  16  48484   0.146238   0.548650   0.1658737   0.0014349  -0.000408   0.000209   0.000567   0.000585  0.0000623  0.0000698    0.000230    0.000201
1991   8  17  48485   0.149819   0.546420   0.1645292   0.0012572  -0.000120   0.000234   0.000557   0.000781  0.0000896  0.0001092    0.000285    0.000251
1991   8  18  48486   0.152729   0.544372   0.1633399   0.0011296   0.000064   0.000324   0.000783   0.001780  0.0001561  0.0000750    0.000370    0.000310
1991   8  19  48487   0.154606   0.542372   0.1622481   0.0010619   0.000043   0.000426   0.000638   0.000638  0.0000604  0.0001078    0.000674    0.000197
1991   8  20  48488   0.156556   0.540451   0.1611931   0.0010515  -0.000076   0.000396   0.000535   0.000449  0.0000595  0.0000505    0.000573    0.000202
1991   8  21  48489   0.159227   0.538707   0.1601229   0.0010888  -0.000188   0.000159   0.000369   0.000265  0.0000406  0.0000409    0.000261    0.000224
1991   8  22  48490   0.161418   0.536914   0.1589970   0.0011755  -0.000109  -0.000054   0.000202   0.000161  0.0000223  0.0000335    0.000154    0.000157
1991   8  23  48491   0.163667   0.534886   0.1577600   0.0013246   0.000117  -0.000119   0.000272   0.000221  0.0000264  0.0000342    0.000165    0.000153
1991   8  24  48492   0.166579   0.532462   0.1563438   0.0015240   0.000143  -0.000048   0.000619   0.000517  0.0000461  0.0000327    0.000207    0.000169
1991   8  25  48493   0.169947   0.530108   0.1547164   0.0017291  -0.000073   0.000042   0.000495   0.000295  0.0000391  0.0000425    0.000125    0.000129
1991   8  26  48494   0.172471   0.527943   0.1528986   0.0018987  -0.000223   0.000000   0.000335   0.000213  0.0000390  0.0000420    0.000128    0.000128
1991   8  27  48495   0.173893   0.525930   0.1509400   0.0020130  -0.000091  -0.000273   0.000361   0.000272  0.0000449  0.0000473    0.000167    0.000141
1991   8  28  48496   0.176658   0.524188   0.1488988   0.0020533   0.000040  -0.000504   0.000469   0.000407  0.0000555  0.0000864    0.000247    0.000167
1991   8  29  48497   0.180383   0.521959   0.1468595   0.0020045   0.000052  -0.000588   0.001149   0.001138  0.0001279  0.0000693    0.000366    0.000358
1991   8  30  48498   0.182678   0.520161   0.1449094   0.0018819  -0.000120  -0.000553   0.000747   0.000882  0.0000831  0.0000975    0.000273    0.000225
1991   8  31  48499   0.184185   0.518424   0.1431027   0.0017322  -0.000266  -0.000444   0.000608   0.000729  0.0000671  0.0000709    0.000235    0.000182
1991   9   1  48500   0.186261   0.516301   0.1414365   0.0016106  -0.000285  -0.000308   0.000884   0.000958  0.0000587  0.0000586    0.000212    0.000194
1991   9   2  48501   0.189200   0.513866   0.1398584   0.0015581  -0.000254  -0.000178   0.000787   0.000741  0.0000502  0.0000541    0.000186    0.000251
1991   9   3  48502   0.192457   0.511399   0.1382870   0.0016011  -0.000258  -0.000097   0.000600   0.000548  0.0000495  0.0000407    0.000185    0.000247
1991   9   4  48503   0.195233   0.509165   0.1366199   0.0017504  -0.000411  -0.000104   0.000353   0.000230  0.0000311  0.0000374    0.000157    0.000148
1991   9   5  48504   0.197846   0.506983   0.1347574   0.0019893  -0.000445  -0.000100   0.000286   0.000176  0.0000254  0.0000304    0.000144    0.000119
1991   9   6  48505   0.200924   0.504680   0.1326299   0.0022680  -0.000248  -0.000019   0.000355   0.000223  0.0000296  0.0000227    0.000163    0.000142
1991   9   7  48506   0.204250   0.502798   0.1302337   0.0025086  -0.000062   0.000012   0.000299   0.000186  0.0000200  0.0000239    0.000134    0.000153
1991   9   8  48507   0.206961   0.500825   0.1276468   0.0026437   0.000016   0.000019   0.000346   0.000216  0.0000182  0.0000328    0.000129    0.000163
1991   9   9  48508   0.209378   0.498461   0.1249920   0.0026513   0.000003   0.000089   0.000607   0.000426  0.0000456  0.0000279    0.000249    0.000216
1991   9  10  48509   0.212406   0.496358   0.1223867   0.0025530  -0.000048   0.000289   0.000478   0.000378  0.0000377  0.0000386    0.000160    0.000128
1991   9  11  48510   0.214493   0.494115   0.1199130   0.0023869  -0.000140   0.000482   0.000570   0.000460  0.0000316  0.0000450    0.000133    0.000107
1991   9  12  48511   0.215490   0.491399   0.1176200   0.0021860  -0.000264   0.000557   0.000716   0.000608  0.0000523  0.0000534    0.000183    0.000149
1991   9  13  48512   0.216515   0.489016   0.1155315   0.0019767  -0.000399   0.000444   0.000525   0.000494  0.0000752  0.0000799    0.000215    0.000177
1991   9  14  48513   0.218370   0.487426   0.1136473   0.0017844  -0.000546   0.000066   0.000473   0.000649  0.0001075  0.0001156    0.000239    0.000199
1991   9  15  48514   0.219826   0.485032   0.1119396   0.0016365  -0.000494  -0.000164   0.000439   0.000797  0.0001560  0.0000791    0.000256    0.000217
1991   9  16  48515   0.220783   0.481416   0.1103504   0.0015556  -0.000231  -0.000115   0.000400   0.000349  0.0000506  0.0001019    0.000201    0.000180
1991   9  17  48516   0.222610   0.477765   0.1088053   0.0015472   0.000053   0.000037   0.000471   0.000400  0.0000477  0.0000493    0.000196    0.000177
1991   9  18  48517   0.225458   0.474781   0.1072357   0.0016001   0.000102   0.000043   0.000627   0.000540  0.0000479  0.0000538    0.000196    0.000176
1991   9  19  48518   0.228083   0.472070   0.1055901   0.0017028   0.000045   0.000045   0.000436   0.000413  0.0000599  0.0000543    0.000216    0.000164
1991   9  20  48519   0.230010   0.469112   0.1038224   0.0018500  -0.000088   0.000048   0.000381   0.000362  0.0000607  0.0000603    0.000218    0.000164
1991   9  21  48520   0.231526   0.465752   0.1018908   0.0020342  -0.000185   0.000130   0.000381   0.000362  0.0000607  0.0000574    0.000218    0.000164
1991   9  22  48521   0.232990   0.462399   0.0997634   0.0022335  -0.000258   0.000216   0.000347   0.000380  0.0000542  0.0000543    0.000206    0.000171
1991   9  23  48522   0.234717   0.459473   0.0974417   0.0024069  -0.000318   0.000241   0.000314   0.000411  0.0000479  0.0000524    0.000193    0.000183
1991   9  24  48523   0.236842   0.457086   0.0949748   0.0025087  -0.000368   0.000163   0.000338   0.000428  0.0000507  0.0000534    0.000203    0.000191
1991   9  25  48524   0.239289   0.454997   0.0924533   0.0025079  -0.000405  -0.000015   0.000545   0.000422  0.0000589  0.0000497    0.000232    0.000228
1991   9  26  48525   0.241859   0.452809   0.0899845   0.0024193  -0.000338  -0.000070   0.000799   0.000307  0.0000488  0.0000576    0.000197    0.000219
1991   9  27  48526   0.244344   0.449106   0.0876282   0.0022695  -0.000273  -0.000065   0.000747   0.000375  0.0000563  0.0000608    0.000222    0.000216
1991   9  28  48527   0.245995   0.445519   0.0854411   0.0020874  -0.000199  -0.000102   0.000935   0.000792  0.0000728  0.0000575    0.000274    0.000221
1991   9  29  48528   0.247347   0.442743   0.0834313   0.0019329  -0.000113  -0.000173   0.001166   0.001133  0.0000587  0.0000593    0.000180    0.000183
1991   9  30  48529   0.249047   0.440167   0.0815415   0.0018610  -0.000045  -0.000212   0.000312   0.000308  0.0000459  0.0000524    0.000130    0.000150
1991  10   1  48530   0.250416   0.437515   0.0796734   0.0018949  -0.000016  -0.000128   0.000299   0.000295  0.0000460  0.0000529    0.000130    0.000150
1991  10   2  48531   0.250994   0.434402   0.0777231   0.0020196  -0.000039   0.000215   0.000574   0.000555  0.0000599  0.0000820    0.000162    0.000172
1991  10   3  48532   0.251439   0.430906   0.0756200   0.0021976  -0.000096   0.000314   0.000841   0.000733  0.0001181  0.0000707    0.000265    0.000205
1991  10   4  48533   0.252108   0.426961   0.0733323   0.0023853  -0.000169  -0.000065   0.000471   0.000493  0.0000816  0.0000937    0.000243    0.000176
1991  10   5  48534   0.252835   0.423626   0.0708723   0.0025306  -0.000238  -0.000375   0.000386   0.000426  0.0000694  0.0000648    0.000229    0.000161
1991  10   6  48535   0.253589   0.421125   0.0683076   0.0025850  -0.000280  -0.000371   0.000294   0.000329  0.0000480  0.0000507    0.000173    0.000156
1991  10   7  48536   0.254773   0.417961   0.0657428   0.0025310  -0.000281  -0.000193   0.000186   0.000225  0.0000320  0.0000414    0.000120    0.000150
1991  10   8  48537   0.256643   0.412942   0.0632787   0.0023892  -0.000234   0.000040   0.000202   0.000245  0.0000348  0.0000474    0.000130    0.000162
1991  10   9  48538   0.258820   0.406750   0.0609818   0.0021997  -0.000144   0.000190   0.000337   0.000430  0.0000628  0.0000735    0.000234    0.000255
1991  10  10  48539   0.259802   0.402920   0.0588787   0.0019980  -0.000063   0.000201   0.000561   0.000644  0.0001122  0.0000648    0.000409    0.000278
1991  10  11  48540   0.259624   0.401604   0.0569709   0.0018053  -0.000006   0.000098   0.000342   0.000378  0.0000667  0.0000886    0.000243    0.000179
1991  10  12  48541   0.259610   0.399947   0.0552453   0.0016360   0.000035   0.000057   0.000335   0.000370  0.0000651  0.0000597    0.000238    0.000175
1991  10  13  48542   0.260104   0.396809   0.0536739   0.0015061   0.000047   0.000069   0.000559   0.000553  0.0000526  0.0000526    0.000189    0.000181
1991  10  14  48543   0.260579   0.392911   0.0522090   0.0014339   0.000019   0.000083   0.000468   0.000430  0.0000401  0.0000403    0.000154    0.000182
1991  10  15  48544   0.260619   0.389349   0.0507848   0.0014329  -0.000046   0.000061   0.000288   0.000269  0.0000280  0.0000296    0.000157    0.000149
1991  10  16  48545   0.260584   0.386011   0.0493263   0.0015063  -0.000140   0.000008   0.000191   0.000180  0.0000190  0.0000229    0.000149    0.000108
1991  10  17  48546   0.261192   0.382642   0.0477618   0.0016406  -0.000248   0.000106   0.000186   0.000174  0.0000177  0.0000219    0.000123    0.000093
1991  10  18  48547   0.261823   0.379331   0.0460424   0.0018124  -0.000249   0.000129   0.000251   0.000243  0.0000247  0.0000197    0.000156    0.000121
1991  10  19  48548   0.261905   0.376187   0.0441424   0.0019939  -0.000188   0.000015   0.000204   0.000203  0.0000217  0.0000212    0.000141    0.000113
1991  10  20  48549   0.261616   0.373088   0.0420679   0.0021510  -0.000146  -0.000083   0.000153   0.000125  0.0000177  0.0000213    0.000116    0.000080
1991  10  21  48550   0.261372   0.370036   0.0398611   0.0022555  -0.000164  -0.000045   0.000165   0.000121  0.0000208  0.0000205    0.000127    0.000080
1991  10  22  48551   0.261196   0.366820   0.0375837   0.0022942  -0.000205   0.000073   0.000238   0.000206  0.0000232  0.0000190    0.000132    0.000116
1991  10  23  48552   0.260907   0.362940   0.0353008   0.0022577  -0.000191   0.000122   0.000203   0.000191  0.0000171  0.0000234    0.000103    0.000099
1991  10  24  48553   0.260655   0.359579   0.0330892   0.0021425  -0.000111   0.000032   0.000223   0.000207  0.0000235  0.0000334    0.000123    0.000116
1991  10  25  48554   0.260317   0.356022   0.0310206   0.0019855  -0.000114   0.000015   0.000375   0.000347  0.0000497  0.0000925    0.000210    0.000201
1991  10  26  48555   0.259740   0.352372   0.0291020   0.0018633  -0.000189   0.000092   0.001282   0.001105  0.0001614  0.0000948    0.000339    0.000417
1991  10  27  48556   0.259109   0.349259   0.0272607   0.0018418  -0.000200   0.000151   0.001216   0.000918  0.0001400  0.0001002    0.000271    0.000348
1991  10  28  48557   0.258748   0.346739   0.0253790   0.0019388  -0.000098   0.000136   0.000330   0.000266  0.0000389  0.0000858    0.000133    0.000143
1991  10  29  48558   0.258742   0.344073   0.0233506   0.0021215   0.000005   0.000114   0.000326   0.000237  0.0000316  0.0000311    0.000123    0.000129
1991  10  30  48559   0.258857   0.340882   0.0211201   0.0023299   0.000034   0.000123   0.000252   0.000161  0.0000234  0.0000281    0.000118    0.000114
1991  10  31  48560   0.258819   0.337594   0.0186945   0.0025277   0.000108   0.000068   0.000222   0.000144  0.0000247  0.0000282    0.000130    0.000121
1991  11   1  48561   0.259195   0.334483   0.0160849   0.0026984   0.000127  -0.000002   0.000293   0.000282  0.0000331  0.0000217    0.000174    0.000156
1991  11   2  48562   0.260567   0.331520   0.0133284   0.0027942  -0.000061  -0.000011   0.000209   0.000239  0.0000186  0.0000242    0.000113    0.000125
1991  11   3  48563   0.261978   0.328755   0.0105308   0.0027709  -0.000204   0.000031   0.000180   0.000212  0.0000154  0.0000214    0.000095    0.000111
1991  11   4  48564   0.262623   0.326164   0.0078173   0.0026339  -0.000171   0.000096   0.000225   0.000251  0.0000243  0.0000220    0.000123    0.000113
1991  11   5  48565   0.262715   0.323646   0.0052837   0.0024245  -0.000065   0.000157   0.000243   0.000266  0.0000286  0.0000266    0.000133    0.000114
1991  11   6  48566   0.262728   0.321110   0.0029744   0.0021988  -0.000058   0.000150   0.000406   0.000444  0.0000289  0.0000405    0.000134    0.000115
1991  11   7  48567   0.262483   0.318387   0.0008776   0.0020068  -0.000021   0.000134   0.000859   0.000876  0.0000525  0.0000409    0.000205    0.000350
1991  11   8  48568   0.261997   0.315484  -0.0010585   0.0018770   0.000070   0.000131   0.000490   0.000447  0.0000530  0.0000495    0.000211    0.000415
1991  11   9  48569   0.261741   0.312767  -0.0029010   0.0018128   0.000251   0.000169   0.000516   0.000394  0.0000466  0.0000486    0.000205    0.000299
1991  11  10  48570   0.261132   0.309602  -0.0047090   0.0018091   0.000308   0.000215   0.000710   0.000495  0.0000442  0.0000618    0.000204    0.000260
1991  11  11  48571   0.259821   0.305997  -0.0065412   0.0018639   0.000212   0.000238   0.001132   0.000757  0.0000771  0.0000452    0.000358    0.000286
1991  11  12  48572   0.258688   0.302924  -0.0084540   0.0019687   0.000103   0.000206   0.000492   0.000344  0.0000463  0.0000508    0.000238    0.000232
1991  11  13  48573   0.258294   0.300776  -0.0104899   0.0021054   0.000079   0.000109   0.000252   0.000178  0.0000244  0.0000357    0.000132    0.000155
1991  11  14  48574   0.257478   0.298305  -0.0126689   0.0022540  -0.000010   0.000041   0.000243   0.000180  0.0000250  0.0000359    0.000130    0.000146
1991  11  15  48575   0.256221   0.295400  -0.0149947   0.0023994  -0.000075   0.000060   0.000312   0.000304  0.0000473  0.0000335    0.000191    0.000160
1991  11  16  48576   0.255040   0.292498  -0.0174576   0.0025289   0.000018   0.000228   0.000336   0.000306  0.0000419  0.0000428    0.000213    0.000186
1991  11  17  48577   0.253596   0.289026  -0.0200362   0.0026200   0.000163   0.000301   0.000356   0.000298  0.0000382  0.0000442    0.000224    0.000212
1991  11  18  48578   0.252200   0.285325  -0.0226758   0.0026410   0.000247   0.000219   0.000537   0.000318  0.0000464  0.0000435    0.000174    0.000179
1991  11  19  48579   0.251677   0.282385  -0.0252930   0.0025751   0.000162   0.000119   0.000687   0.000319  0.0000488  0.0000474    0.000163    0.000158
1991  11  20  48580   0.251868   0.279828  -0.0278027   0.0024343  -0.000128   0.000092   0.000732   0.000230  0.0000485  0.0000442    0.000153    0.000129
1991  11  21  48581   0.251672   0.276478  -0.0301485   0.0022460  -0.000294   0.000016   0.000472   0.000257  0.0000395  0.0000443    0.000187    0.000156
1991  11  22  48582   0.250995   0.273908  -0.0323004   0.0020677  -0.000185   0.000035   0.000313   0.000362  0.0000400  0.0000419    0.000158    0.000137
1991  11  23  48583   0.249844   0.271978  -0.0343106   0.0019806  -0.000020   0.000092   0.000270   0.000345  0.0000444  0.0000408    0.000132    0.000115
1991  11  24  48584   0.248360   0.269677  -0.0363019   0.0020328   0.000056   0.000119   0.000266   0.000275  0.0000415  0.0000404    0.000142    0.000122
1991  11  25  48585   0.246921   0.266622  -0.0384156   0.0022176   0.000091   0.000128   0.000272   0.000227  0.0000365  0.0000400    0.000185    0.000149
1991  11  26  48586   0.245777   0.262868  -0.0407605   0.0024790   0.000105   0.000111   0.000284   0.000240  0.0000386  0.0000451    0.000193    0.000153
1991  11  27  48587   0.244822   0.258753  -0.0433730   0.0027355   0.000128   0.000086   0.000373   0.000345  0.0000537  0.0000567    0.000241    0.000184
1991  11  28  48588   0.243593   0.254612  -0.0462094   0.0029110   0.000200   0.000244   0.000556   0.000548  0.0000748  0.0000735    0.000331    0.000261
1991  11  29  48589   0.242483   0.250443  -0.0491610   0.0029657   0.000188   0.000273   0.000881   0.000904  0.0000932  0.0001168    0.000446    0.000398
1991  11  30  48590   0.241707   0.246501  -0.0521056   0.0029054   0.000103   0.000167   0.001885   0.001790  0.0001588  0.0001340    0.000569    0.000408
1991  12   1  48591   0.241147   0.243171  -0.0549431   0.0027603   0.000004   0.000040   0.001856   0.001552  0.0001748  0.0001187    0.000508    0.000355
1991  12   2  48592   0.240435   0.240623  -0.0576077   0.0025677  -0.000044   0.000018   0.000869   0.000732  0.0000786  0.0001195    0.000314    0.000293
1991  12   3  48593   0.239788   0.238487  -0.0600717   0.0023665  -0.000026   0.000103   0.000716   0.000541  0.0000642  0.0000578    0.000271    0.000292
1991  12   4  48594   0.239252   0.236153  -0.0623456   0.0021898  -0.000003   0.000147   0.000388   0.000282  0.0000370  0.0000406    0.000198    0.000230
1991  12   5  48595   0.237965   0.233701  -0.0644666   0.0020556   0.000011   0.000192   0.000183   0.000150  0.0000171  0.0000284    0.000098    0.000113
1991  12   6  48596   0.236819   0.232109  -0.0664792   0.0019630  -0.000050   0.000220   0.000234   0.000198  0.0000197  0.0000294    0.000107    0.000126
1991  12   7  48597   0.235285   0.230813  -0.0684175   0.0019119  -0.000080   0.000221   0.000616   0.000536  0.0000416  0.0000306    0.000167    0.000214
1991  12   8  48598   0.232139   0.228267  -0.0703259   0.0019167  -0.000025   0.000193   0.000886   0.000867  0.0000414  0.0000347    0.000204    0.000258
1991  12   9  48599   0.228104   0.224454  -0.0722689   0.0019872   0.000054   0.000123   0.000334   0.000338  0.0000278  0.0000354    0.000222    0.000241
1991  12  10  48600   0.224738   0.220417  -0.0743119   0.0021129   0.000109   0.000005   0.000347   0.000352  0.0000294  0.0000295    0.000230    0.000259
1991  12  11  48601   0.222707   0.217107  -0.0764990   0.0022636   0.000102  -0.000136   0.000337   0.000253  0.0000311  0.0000261    0.000170    0.000193
1991  12  12  48602   0.220772   0.214452  -0.0788365   0.0024056  -0.000001  -0.000150   0.000225   0.000141  0.0000228  0.0000294    0.000099    0.000105
1991  12  13  48603   0.219102   0.211664  -0.0813011   0.0025127  -0.000118   0.000019   0.000252   0.000166  0.0000276  0.0000287    0.000109    0.000119
1991  12  14  48604   0.217656   0.209040  -0.0838476   0.0025742  -0.000075   0.000183   0.000372   0.000300  0.0000345  0.0000255    0.000160    0.000196
1991  12  15  48605   0.215776   0.206850  -0.0864312   0.0025929   0.000082   0.000263   0.000555   0.000510  0.0000235  0.0000308    0.000222    0.000314
1991  12  16  48606   0.213123   0.204733  -0.0890126   0.0025692   0.000104   0.000320   0.000407   0.000434  0.0000271  0.0000253    0.000175    0.000174
1991  12  17  48607   0.210943   0.202078  -0.0915490   0.0024902   0.000041   0.000295   0.000240   0.000242  0.0000272  0.0000218    0.000124    0.000121
1991  12  18  48608   0.209834   0.199017  -0.0939778   0.0023395  -0.000029   0.000152   0.000168   0.000147  0.0000165  0.0000216    0.000089    0.000096
1991  12  19  48609   0.208379   0.196597  -0.0962256   0.0021389  -0.000126   0.000074   0.000137   0.000131  0.0000160  0.0000202    0.000101    0.000090
1991  12  20  48610   0.207346   0.194733  -0.0982721   0.0019615  -0.000112   0.000073   0.000181   0.000180  0.0000238  0.0000271    0.000150    0.000124
1991  12  21  48611   0.205954   0.193111  -0.1001833   0.0018877   0.000044   0.000071   0.000348   0.000284  0.0000383  0.0000295    0.000228    0.000206
1991  12  22  48612   0.203628   0.191093  -0.1020903   0.0019520   0.000190   0.000007   0.000358   0.000281  0.0000352  0.0000434    0.000254    0.000207
1991  12  23  48613   0.200709   0.188584  -0.1041214   0.0021219   0.000230  -0.000104   0.000328   0.000454  0.0000486  0.0000435    0.000209    0.000165
1991  12  24  48614   0.197707   0.186322  -0.1063448   0.0023297   0.000199  -0.000121   0.000430   0.000664  0.0000519  0.0000505    0.000205    0.000162
1991  12  25  48615   0.195047   0.184547  -0.1087636   0.0025112   0.000119   0.000003   0.000778   0.001221  0.0000523  0.0000561    0.000204    0.000164
1991  12  26  48616   0.192881   0.182760  -0.1113294   0.0026168   0.000006   0.000165   0.000669   0.000587  0.0000603  0.0000564    0.000186    0.000215
1991  12  27  48617   0.191183   0.180257  -0.1139536   0.0026194  -0.000107   0.000302   0.000683   0.000587  0.0000604  0.0000604    0.000186    0.000216
1991  12  28  48618   0.189860   0.176900  -0.1165324   0.0025198  -0.000160   0.000297   0.000917   0.000782  0.0000604  0.0000563    0.000186    0.000216
1991  12  29  48619   0.188739   0.174054  -0.1189723   0.0023468  -0.000164   0.000195   0.001209   0.001132  0.0000521  0.0000526    0.000216    0.000238
1991  12  30  48620   0.187489   0.172051  -0.1212202   0.0021486  -0.000138   0.000052   0.000613   0.000790  0.0000448  0.0000484    0.000302    0.000283
1991  12  31  48621   0.185745   0.170461  -0.1232756   0.0019709  -0.000100  -0.000079   0.000606   0.000783  0.0000448  0.0000449    0.000303    0.000283
