

                   INTERNATIONAL EARTH ROTATION SERVICE
                        EARTH ROTATION PARAMETERS
                          EOP (IERS) C04

  
             FORMAT(3(I4),I7,2(F11.6),2(F12.7),2(F12.6),2(F11.6),2(F12.7),2F12.6)
**********************************************************************************
  
      Date      MJD      x          y        UT1-UTC       LOD         dX        dY        x Err     y Err   UT1-UTC Err  Lod Err     dY Err       dY Err  
                         "          "           s           s          "         "           "          "          s         s            "           "
     (0h UTC)

1999   1   1  51179   0.138818   0.295851   0.7166409   0.0009595   0.000354  -0.000286   0.000143   0.000324  0.0000453  0.0000090    0.000071    0.000040
1999   1   2  51180   0.138037   0.293887   0.7157408   0.0008779   0.000405  -0.000302   0.000200   0.000371  0.0000605  0.0000090    0.000070    0.000040
1999   1   3  51181   0.137594   0.292041   0.7148655   0.0008561   0.000378  -0.000265   0.000103   0.000158  0.0000567  0.0000090    0.000076    0.000042
1999   1   4  51182   0.137250   0.290514   0.7139875   0.0008681   0.000283  -0.000188   0.000094   0.000112  0.0000756  0.0000086    0.000076    0.000042
1999   1   5  51183   0.136827   0.289141   0.7131463   0.0008855   0.000144  -0.000095   0.000079   0.000107  0.0000499  0.0000081    0.000076    0.000042
1999   1   6  51184   0.136400   0.287947   0.7122839   0.0009635  -0.000009  -0.000008   0.000061   0.000105  0.0000273  0.0000077    0.000076    0.000042
1999   1   7  51185   0.136246   0.287247   0.7112501   0.0010575  -0.000117   0.000023   0.000070   0.000106  0.0000335  0.0000098    0.000076    0.000042
1999   1   8  51186   0.136186   0.286809   0.7101508   0.0010751  -0.000179   0.000015   0.000079   0.000111  0.0000641  0.0000177    0.000076    0.000042
1999   1   9  51187   0.135883   0.286335   0.7090965   0.0010555  -0.000200  -0.000011   0.000072   0.000112  0.0000712  0.0000162    0.000076    0.000042
1999   1  10  51188   0.134974   0.285926   0.7080270   0.0010389  -0.000184  -0.000041   0.000086   0.000140  0.0001068  0.0000086    0.000051    0.000030
1999   1  11  51189   0.133480   0.285200   0.7069556   0.0009867  -0.000142  -0.000054   0.000133   0.000228  0.0000705  0.0000079    0.000051    0.000030
1999   1  12  51190   0.131465   0.283768   0.7060065   0.0008777  -0.000093  -0.000040   0.000124   0.000204  0.0000230  0.0000070    0.000051    0.000030
1999   1  13  51191   0.129181   0.282024   0.7052300   0.0007665  -0.000051   0.000009   0.000079   0.000135  0.0000110  0.0000057    0.000055    0.000033
1999   1  14  51192   0.127005   0.280173   0.7045074   0.0007040  -0.000030   0.000090   0.000076   0.000134  0.0000100  0.0000071    0.000074    0.000045
1999   1  15  51193   0.124965   0.278345   0.7038193   0.0006601  -0.000029   0.000167   0.000098   0.000212  0.0000135  0.0000077    0.000110    0.000073
1999   1  16  51194   0.122873   0.276503   0.7031899   0.0005886  -0.000047   0.000218   0.000109   0.000341  0.0000444  0.0000065    0.000127    0.000089
1999   1  17  51195   0.120784   0.274517   0.7026223   0.0005313  -0.000076   0.000239   0.000092   0.000251  0.0000649  0.0000066    0.000125    0.000089
1999   1  18  51196   0.119053   0.272942   0.7020699   0.0005608  -0.000106   0.000231   0.000084   0.000199  0.0000676  0.0000066    0.000077    0.000052
1999   1  19  51197   0.117747   0.271640   0.7014723   0.0006782  -0.000129   0.000199   0.000079   0.000179  0.0000294  0.0000066    0.000077    0.000052
1999   1  20  51198   0.116717   0.270161   0.7007412   0.0008445  -0.000138   0.000156   0.000071   0.000151  0.0000149  0.0000063    0.000077    0.000052
1999   1  21  51199   0.116284   0.268843   0.6997982   0.0010345  -0.000116   0.000128   0.000073   0.000146  0.0000193  0.0000061    0.000077    0.000052
1999   1  22  51200   0.116350   0.267682   0.6986548   0.0012171  -0.000077   0.000114   0.000078   0.000151  0.0000612  0.0000064    0.000077    0.000052
1999   1  23  51201   0.116411   0.266616   0.6973913   0.0013385  -0.000035   0.000108   0.000083   0.000156  0.0000821  0.0000084    0.000077    0.000052
1999   1  24  51202   0.116081   0.265596   0.6960474   0.0013884   0.000002   0.000106   0.000086   0.000203  0.0000802  0.0000085    0.000067    0.000049
1999   1  25  51203   0.115196   0.264542   0.6945812   0.0013747   0.000024   0.000100   0.000091   0.000187  0.0000925  0.0000068    0.000066    0.000049
1999   1  26  51204   0.114050   0.263390   0.6932010   0.0013028   0.000030   0.000084   0.000092   0.000144  0.0000360  0.0000066    0.000067    0.000049
1999   1  27  51205   0.112802   0.262386   0.6920052   0.0012191   0.000018   0.000050   0.000084   0.000123  0.0000173  0.0000066    0.000072    0.000052
1999   1  28  51206   0.111539   0.261598   0.6908470   0.0011618  -0.000034  -0.000007   0.000076   0.000114  0.0000153  0.0000068    0.000086    0.000063
1999   1  29  51207   0.110569   0.260833   0.6897029   0.0011540   0.000064  -0.000010   0.000067   0.000110  0.0000157  0.0000083    0.000080    0.000062
1999   1  30  51208   0.109579   0.259815   0.6885188   0.0011791   0.000101  -0.000084   0.000070   0.000121  0.0000250  0.0000078    0.000071    0.000057
1999   1  31  51209   0.108141   0.258799   0.6873550   0.0012075   0.000054  -0.000191   0.000081   0.000132  0.0000711  0.0000064    0.000091    0.000071
1999   2   1  51210   0.106561   0.257694   0.6861654   0.0012501  -0.000031  -0.000248   0.000085   0.000129  0.0000796  0.0000078    0.000343    0.000161
1999   2   2  51211   0.105003   0.256204   0.6849012   0.0012975  -0.000105  -0.000187   0.000088   0.000129  0.0000533  0.0000083    0.000205    0.000114
1999   2   3  51212   0.103431   0.254797   0.6835484   0.0013123  -0.000110   0.000055   0.000082   0.000118  0.0000361  0.0000070    0.000115    0.000070
1999   2   4  51213   0.101908   0.253606   0.6822026   0.0013087  -0.000102   0.000296   0.000080   0.000113  0.0000406  0.0000086    0.000125    0.000077
1999   2   5  51214   0.100861   0.252666   0.6808839   0.0013149  -0.000084   0.000481   0.000100   0.000117  0.0000642  0.0000092    0.000358    0.000231
1999   2   6  51215   0.100380   0.252391   0.6795702   0.0012997  -0.000056   0.000562   0.000107   0.000122  0.0000585  0.0000074    0.000543    0.000377
1999   2   7  51216   0.099677   0.252476   0.6782768   0.0012465  -0.000028   0.000530   0.000106   0.000130  0.0000562  0.0000069    0.000605    0.000238
1999   2   8  51217   0.098365   0.252290   0.6770455   0.0011731  -0.000004   0.000398   0.000154   0.000142  0.0000521  0.0000067    0.000408    0.000143
1999   2   9  51218   0.096570   0.252096   0.6759456   0.0010888   0.000011   0.000199   0.000215   0.000130  0.0000252  0.0000069    0.000158    0.000073
1999   2  10  51219   0.094655   0.252072   0.6749150   0.0009979   0.000010  -0.000011   0.000121   0.000104  0.0000123  0.0000075    0.000081    0.000040
1999   2  11  51220   0.092648   0.251334   0.6739293   0.0009158   0.000029  -0.000237   0.000103   0.000109  0.0000132  0.0000082    0.000085    0.000042
1999   2  12  51221   0.090859   0.250194   0.6730355   0.0008915   0.000057  -0.000424   0.000119   0.000138  0.0000422  0.0000112    0.000210    0.000124
1999   2  13  51222   0.088872   0.249576   0.6721563   0.0009336   0.000039  -0.000467   0.000143   0.000168  0.0000996  0.0000190    0.000272    0.000195
1999   2  14  51223   0.088146   0.248288   0.6711582   0.0010205   0.000004  -0.000404   0.000161   0.000193  0.0001630  0.0000123    0.000325    0.000256
1999   2  15  51224   0.086891   0.247790   0.6700881   0.0011449  -0.000034  -0.000266   0.000188   0.000235  0.0001028  0.0000099    0.000316    0.000271
1999   2  16  51225   0.085698   0.247127   0.6688985   0.0012839  -0.000058  -0.000102   0.000129   0.000213  0.0000436  0.0000104    0.000144    0.000113
1999   2  17  51226   0.084507   0.246874   0.6675649   0.0014420  -0.000055   0.000040   0.000092   0.000157  0.0000230  0.0000110    0.000074    0.000057
1999   2  18  51227   0.082844   0.246899   0.6660608   0.0015937  -0.000047   0.000049   0.000097   0.000147  0.0000224  0.0000114    0.000079    0.000059
1999   2  19  51228   0.080856   0.246719   0.6643839   0.0016816  -0.000038  -0.000052   0.000126   0.000185  0.0000580  0.0000114    0.000162    0.000092
1999   2  20  51229   0.079471   0.246232   0.6626654   0.0016789  -0.000024  -0.000107   0.000118   0.000211  0.0000955  0.0000114    0.000186    0.000097
1999   2  21  51230   0.078675   0.245785   0.6610575   0.0016008  -0.000017  -0.000137   0.000111   0.000197  0.0001685  0.0000114    0.000186    0.000097
1999   2  22  51231   0.078342   0.245483   0.6594861   0.0014898  -0.000022  -0.000133   0.000107   0.000181  0.0001109  0.0000111    0.000074    0.000044
1999   2  23  51232   0.078158   0.245212   0.6580130   0.0013296  -0.000044  -0.000093   0.000101   0.000174  0.0000327  0.0000111    0.000073    0.000044
1999   2  24  51233   0.077687   0.244946   0.6567907   0.0011452  -0.000083  -0.000028   0.000083   0.000177  0.0000167  0.0000111    0.000073    0.000044
1999   2  25  51234   0.076506   0.244717   0.6557210   0.0010135  -0.000139   0.000013   0.000083   0.000218  0.0000182  0.0000111    0.000073    0.000044
1999   2  26  51235   0.074825   0.244031   0.6547382   0.0009314  -0.000201   0.000040   0.000099   0.000208  0.0000588  0.0000140    0.000073    0.000044
1999   2  27  51236   0.073108   0.243252   0.6538715   0.0008982  -0.000256   0.000061   0.000103   0.000224  0.0001380  0.0000147    0.000073    0.000044
1999   2  28  51237   0.071458   0.242666   0.6529725   0.0009111  -0.000289   0.000076   0.000124   0.000406  0.0001815  0.0000120    0.000080    0.000039
1999   3   1  51238   0.070096   0.242254   0.6520156   0.0009373  -0.000293   0.000089   0.000139   0.000503  0.0001108  0.0000120    0.000080    0.000039
1999   3   2  51239   0.069025   0.241846   0.6510721   0.0009551  -0.000264   0.000102   0.000143   0.000299  0.0000339  0.0000120    0.000080    0.000039
1999   3   3  51240   0.068208   0.241705   0.6501692   0.0009738  -0.000207   0.000115   0.000122   0.000195  0.0000166  0.0000126    0.000080    0.000039
1999   3   4  51241   0.067447   0.241959   0.6492297   0.0010199  -0.000107   0.000147   0.000127   0.000206  0.0000204  0.0000160    0.000080    0.000039
1999   3   5  51242   0.066535   0.242362   0.6481910   0.0010241  -0.000005   0.000174   0.000137   0.000229  0.0000477  0.0000156    0.000080    0.000039
1999   3   6  51243   0.065491   0.242674   0.6471401   0.0009371   0.000065   0.000182   0.000143   0.000220  0.0000555  0.0000123    0.000075    0.000035
1999   3   7  51244   0.064413   0.242841   0.6462473   0.0008528   0.000089   0.000167   0.000207   0.000216  0.0000415  0.0000117    0.000055    0.000023
1999   3   8  51245   0.063250   0.242779   0.6454275   0.0007991   0.000062   0.000128   0.000091   0.000153  0.0000081  0.0000113    0.000055    0.000023
1999   3   9  51246   0.062391   0.242665   0.6446664   0.0007320  -0.000005   0.000073   0.000058   0.000105  0.0000065  0.0000108    0.000056    0.000024
1999   3  10  51247   0.061248   0.242191   0.6439574   0.0006793  -0.000105   0.000005   0.000062   0.000104  0.0000083  0.0000106    0.000060    0.000031
1999   3  11  51248   0.060115   0.241816   0.6432719   0.0006873  -0.000129   0.000001   0.000076   0.000129  0.0000084  0.0000131    0.000067    0.000043
1999   3  12  51249   0.058920   0.241500   0.6425467   0.0007503  -0.000075   0.000037   0.000103   0.000167  0.0000105  0.0000131    0.000071    0.000051
1999   3  13  51250   0.057618   0.241052   0.6417490   0.0008402   0.000024   0.000086   0.000130   0.000211  0.0000344  0.0000105    0.000072    0.000053
1999   3  14  51251   0.056193   0.240551   0.6408511   0.0009716   0.000117   0.000133   0.000101   0.000208  0.0000513  0.0000105    0.000098    0.000050
1999   3  15  51252   0.054575   0.240072   0.6397912   0.0011477   0.000155   0.000161   0.000093   0.000182  0.0000201  0.0000132    0.000099    0.000049
1999   3  16  51253   0.052910   0.239777   0.6385549   0.0013254   0.000103   0.000154   0.000088   0.000146  0.0000148  0.0000144    0.000092    0.000048
1999   3  17  51254   0.051201   0.239238   0.6371553   0.0014738  -0.000065   0.000108   0.000080   0.000130  0.0000129  0.0000154    0.000075    0.000044
1999   3  18  51255   0.049825   0.238911   0.6356064   0.0016001  -0.000228   0.000038   0.000089   0.000154  0.0000169  0.0000242    0.000070    0.000042
1999   3  19  51256   0.048992   0.239190   0.6339923   0.0016737  -0.000336  -0.000037   0.000120   0.000191  0.0000555  0.0000144    0.000069    0.000042
1999   3  20  51257   0.048258   0.239712   0.6323517   0.0016787  -0.000376  -0.000099   0.000110   0.000180  0.0000818  0.0000104    0.000069    0.000042
1999   3  21  51258   0.047418   0.240204   0.6306680   0.0016314  -0.000340  -0.000127   0.000089   0.000161  0.0000659  0.0000096    0.000051    0.000036
1999   3  22  51259   0.046663   0.240720   0.6290501   0.0015209  -0.000240  -0.000109   0.000081   0.000152  0.0000603  0.0000096    0.000051    0.000036
1999   3  23  51260   0.045703   0.241247   0.6275951   0.0013707  -0.000103  -0.000045   0.000076   0.000144  0.0000186  0.0000115    0.000051    0.000036
1999   3  24  51261   0.044166   0.241568   0.6263162   0.0012363   0.000039   0.000057   0.000069   0.000112  0.0000091  0.0000110    0.000054    0.000039
1999   3  25  51262   0.042054   0.241586   0.6251219   0.0011616   0.000149   0.000179   0.000071   0.000106  0.0000092  0.0000092    0.000070    0.000049
1999   3  26  51263   0.039305   0.241686   0.6239513   0.0011615   0.000219   0.000278   0.000086   0.000129  0.0000135  0.0000115    0.000092    0.000066
1999   3  27  51264   0.036314   0.241781   0.6227694   0.0012166   0.000241   0.000323   0.000089   0.000152  0.0000401  0.0000115    0.000101    0.000072
1999   3  28  51265   0.033790   0.241477   0.6215331   0.0012742   0.000222   0.000308   0.000088   0.000183  0.0000508  0.0000089    0.000101    0.000070
1999   3  29  51266   0.031807   0.241038   0.6202023   0.0013371   0.000173   0.000233   0.000095   0.000209  0.0000684  0.0000084    0.000079    0.000045
1999   3  30  51267   0.029932   0.240978   0.6188198   0.0013945   0.000114   0.000115   0.000095   0.000191  0.0000417  0.0000084    0.000079    0.000045
1999   3  31  51268   0.028050   0.241211   0.6174522   0.0014100   0.000061  -0.000027   0.000086   0.000164  0.0000232  0.0000086    0.000079    0.000045
1999   4   1  51269   0.026059   0.241183   0.6160840   0.0014067   0.000042  -0.000150   0.000084   0.000163  0.0000245  0.0000086    0.000079    0.000045
1999   4   2  51270   0.023936   0.240921   0.6146483   0.0014004   0.000053  -0.000240   0.000091   0.000187  0.0000623  0.0000084    0.000079    0.000045
1999   4   3  51271   0.021934   0.240561   0.6132245   0.0013573   0.000081  -0.000286   0.000099   0.000193  0.0000649  0.0000081    0.000079    0.000045
1999   4   4  51272   0.020207   0.240108   0.6119321   0.0012720   0.000117  -0.000283   0.000108   0.000209  0.0000608  0.0000081    0.000060    0.000037
1999   4   5  51273   0.018793   0.239832   0.6107221   0.0011898   0.000146  -0.000234   0.000115   0.000239  0.0000765  0.0000086    0.000060    0.000037
1999   4   6  51274   0.017479   0.239897   0.6095607   0.0011454   0.000155  -0.000152   0.000130   0.000219  0.0000327  0.0000092    0.000060    0.000037
1999   4   7  51275   0.015923   0.240092   0.6084112   0.0011201   0.000136  -0.000056   0.000097   0.000146  0.0000168  0.0000115    0.000065    0.000040
1999   4   8  51276   0.013943   0.240327   0.6072975   0.0010939   0.000087   0.000038   0.000080   0.000142  0.0000142  0.0000109    0.000086    0.000053
1999   4   9  51277   0.012276   0.240651   0.6062104   0.0011082   0.000022   0.000104   0.000091   0.000226  0.0000201  0.0000086    0.000125    0.000078
1999   4  10  51278   0.011261   0.240980   0.6050723   0.0011825  -0.000047   0.000131   0.000106   0.000297  0.0000537  0.0000084    0.000142    0.000088
1999   4  11  51279   0.010657   0.241446   0.6038278   0.0013108  -0.000107   0.000127   0.000115   0.000232  0.0000552  0.0000084    0.000140    0.000086
1999   4  12  51280   0.010296   0.242284   0.6024425   0.0015022  -0.000144   0.000102   0.000150   0.000223  0.0000779  0.0000084    0.000085    0.000048
1999   4  13  51281   0.009813   0.243315   0.6008406   0.0017205  -0.000152   0.000071   0.000140   0.000215  0.0000433  0.0000087    0.000085    0.000048
1999   4  14  51282   0.008970   0.244035   0.5990312   0.0018743  -0.000129   0.000047   0.000103   0.000197  0.0000208  0.0000090    0.000081    0.000047
1999   4  15  51283   0.008169   0.245148   0.5971373   0.0019343  -0.000073   0.000049   0.000089   0.000133  0.0000116  0.0000093    0.000045    0.000028
1999   4  16  51284   0.007462   0.246445   0.5951932   0.0019112  -0.000002   0.000057   0.000067   0.000096  0.0000097  0.0000098    0.000030    0.000019
1999   4  17  51285   0.006440   0.247435   0.5932735   0.0018149   0.000043   0.000021   0.000095   0.000142  0.0000153  0.0000098    0.000029    0.000019
1999   4  18  51286   0.004835   0.248657   0.5915495   0.0016787   0.000079  -0.000022   0.000143   0.000227  0.0000434  0.0000096    0.000034    0.000022
1999   4  19  51287   0.003251   0.249029   0.5899432   0.0015354   0.000118  -0.000046   0.000106   0.000185  0.0000187  0.0000096    0.000059    0.000041
1999   4  20  51288   0.001685   0.249149   0.5884781   0.0013931   0.000167  -0.000029   0.000084   0.000141  0.0000161  0.0000099    0.000059    0.000040
1999   4  21  51289   0.000337   0.248996   0.5871371   0.0012755   0.000254   0.000060   0.000071   0.000134  0.0000145  0.0000102    0.000059    0.000039
1999   4  22  51290  -0.000900   0.249131   0.5858662   0.0012247   0.000189   0.000058   0.000070   0.000145  0.0000120  0.0000102    0.000072    0.000048
1999   4  23  51291  -0.002154   0.249576   0.5846402   0.0012384   0.000082   0.000019   0.000080   0.000179  0.0000164  0.0000099    0.000088    0.000065
1999   4  24  51292  -0.003519   0.250257   0.5833939   0.0012939   0.000007  -0.000010   0.000092   0.000232  0.0000535  0.0000100    0.000093    0.000071
1999   4  25  51293  -0.005101   0.251167   0.5820913   0.0013569  -0.000045  -0.000030   0.000100   0.000257  0.0000848  0.0000105    0.000325    0.000234
1999   4  26  51294  -0.006625   0.252102   0.5807074   0.0014068  -0.000075  -0.000037   0.000110   0.000347  0.0000517  0.0000110    0.000362    0.000251
1999   4  27  51295  -0.007720   0.252996   0.5792691   0.0014581  -0.000086  -0.000032   0.000137   0.000424  0.0000427  0.0000113    0.000213    0.000145
1999   4  28  51296  -0.008178   0.254008   0.5778079   0.0014950  -0.000097  -0.000028   0.000125   0.000230  0.0000339  0.0000111    0.000123    0.000082
1999   4  29  51297  -0.008314   0.255281   0.5763227   0.0014696  -0.000039   0.000066   0.000107   0.000200  0.0000368  0.0000108    0.000138    0.000086
1999   4  30  51298  -0.008645   0.256684   0.5748980   0.0013954   0.000049   0.000115   0.000135   0.000235  0.0000570  0.0000108    0.000180    0.000099
1999   5   1  51299  -0.009312   0.257952   0.5735540   0.0012985   0.000133   0.000066   0.000128   0.000239  0.0001166  0.0000105    0.000194    0.000103
1999   5   2  51300  -0.010466   0.258965   0.5722931   0.0011858   0.000198  -0.000023   0.000131   0.000236  0.0000795  0.0000102    0.000074    0.000060
1999   5   3  51301  -0.011987   0.259643   0.5711554   0.0010722   0.000226  -0.000105   0.000182   0.000220  0.0000196  0.0000102    0.000073    0.000059
1999   5   4  51302  -0.013401   0.260022   0.5701503   0.0009357   0.000213  -0.000134   0.000114   0.000162  0.0000155  0.0000102    0.000074    0.000055
1999   5   5  51303  -0.014728   0.260043   0.5692772   0.0007979   0.000178  -0.000055   0.000112   0.000146  0.0000156  0.0000122    0.000078    0.000048
1999   5   6  51304  -0.015661   0.260433   0.5685275   0.0007268  -0.000019  -0.000019   0.000141   0.000163  0.0000156  0.0000110    0.000093    0.000056
1999   5   7  51305  -0.016348   0.261234   0.5678010   0.0007402  -0.000191  -0.000015   0.000120   0.000205  0.0000211  0.0000086    0.000109    0.000068
1999   5   8  51306  -0.017012   0.262066   0.5670154   0.0008235  -0.000238  -0.000028   0.000107   0.000228  0.0000570  0.0000081    0.000113    0.000072
1999   5   9  51307  -0.017720   0.262896   0.5661217   0.0009572  -0.000205  -0.000051   0.000087   0.000147  0.0000364  0.0000078    0.000035    0.000018
1999   5  10  51308  -0.018341   0.263703   0.5650692   0.0011278  -0.000129  -0.000076   0.000057   0.000109  0.0000064  0.0000074    0.000034    0.000017
1999   5  11  51309  -0.018701   0.264607   0.5638387   0.0013178  -0.000059  -0.000088   0.000041   0.000090  0.0000052  0.0000069    0.000037    0.000019
1999   5  12  51310  -0.018940   0.265850   0.5624378   0.0014952  -0.000054  -0.000075   0.000048   0.000089  0.0000081  0.0000063    0.000051    0.000027
1999   5  13  51311  -0.019073   0.267368   0.5608953   0.0015940  -0.000043  -0.000056   0.000079   0.000101  0.0000204  0.0000060    0.000072    0.000043
1999   5  14  51312  -0.019118   0.268857   0.5592979   0.0015869  -0.000017  -0.000036   0.000111   0.000125  0.0000594  0.0000062    0.000077    0.000049
1999   5  15  51313  -0.019027   0.270233   0.5577632   0.0014882   0.000012  -0.000016   0.000118   0.000139  0.0001070  0.0000077    0.000078    0.000050
1999   5  16  51314  -0.018992   0.271803   0.5563836   0.0013156   0.000039   0.000003   0.000089   0.000132  0.0001591  0.0000077    0.000085    0.000043
1999   5  17  51315  -0.019310   0.273504   0.5551854   0.0011334   0.000061   0.000019   0.000094   0.000141  0.0000872  0.0000062    0.000085    0.000043
1999   5  18  51316  -0.019749   0.275115   0.5541115   0.0010295   0.000073   0.000032   0.000099   0.000132  0.0000256  0.0000063    0.000086    0.000044
1999   5  19  51317  -0.020047   0.276361   0.5530777   0.0010249   0.000073   0.000044   0.000080   0.000117  0.0000131  0.0000065    0.000091    0.000047
1999   5  20  51318  -0.020288   0.277054   0.5520234   0.0010671   0.000055   0.000056   0.000075   0.000122  0.0000162  0.0000063    0.000113    0.000062
1999   5  21  51319  -0.020392   0.277714   0.5509289   0.0011423   0.000050   0.000067   0.000081   0.000137  0.0000306  0.0000060    0.000144    0.000091
1999   5  22  51320  -0.020358   0.278484   0.5497376   0.0012329   0.000061   0.000074   0.000082   0.000135  0.0000638  0.0000060    0.000154    0.000104
1999   5  23  51321  -0.020409   0.279311   0.5484513   0.0012770   0.000079   0.000072   0.000066   0.000121  0.0000637  0.0000060    0.000143    0.000097
1999   5  24  51322  -0.020606   0.280055   0.5471767   0.0012886   0.000089   0.000059   0.000059   0.000115  0.0000402  0.0000060    0.000068    0.000046
1999   5  25  51323  -0.021129   0.280638   0.5458617   0.0012836   0.000081   0.000033   0.000057   0.000132  0.0000350  0.0000062    0.000068    0.000046
1999   5  26  51324  -0.022059   0.281270   0.5446001   0.0012030   0.000047  -0.000004   0.000056   0.000115  0.0000218  0.0000077    0.000068    0.000046
1999   5  27  51325  -0.023004   0.281809   0.5434871   0.0010649  -0.000030  -0.000046   0.000060   0.000105  0.0000258  0.0000077    0.000068    0.000046
1999   5  28  51326  -0.023608   0.282429   0.5424703   0.0009327  -0.000123  -0.000084   0.000070   0.000115  0.0000749  0.0000062    0.000068    0.000046
1999   5  29  51327  -0.023940   0.283190   0.5415859   0.0008168  -0.000201  -0.000108   0.000073   0.000120  0.0001009  0.0000060    0.000068    0.000046
1999   5  30  51328  -0.024220   0.283694   0.5408445   0.0007216  -0.000244  -0.000113   0.000075   0.000136  0.0000727  0.0000060    0.000090    0.000077
1999   5  31  51329  -0.024631   0.284152   0.5401659   0.0006513  -0.000232  -0.000103   0.000081   0.000153  0.0000512  0.0000060    0.000091    0.000080
1999   6   1  51330  -0.025132   0.284800   0.5395275   0.0005918  -0.000163  -0.000083   0.000072   0.000182  0.0000306  0.0000060    0.000091    0.000080
1999   6   2  51331  -0.025802   0.285470   0.5389864   0.0005623  -0.000044  -0.000067   0.000069   0.000188  0.0000192  0.0000060    0.000091    0.000080
1999   6   3  51332  -0.026699   0.286532   0.5384011   0.0005950   0.000113  -0.000072   0.000070   0.000158  0.0000233  0.0000062    0.000091    0.000080
1999   6   4  51333  -0.027401   0.287518   0.5377643   0.0006796   0.000270  -0.000099   0.000073   0.000155  0.0000796  0.0000062    0.000091    0.000080
1999   6   5  51334  -0.027869   0.288752   0.5370617   0.0007905   0.000393  -0.000144   0.000074   0.000160  0.0000955  0.0000062    0.000091    0.000080
1999   6   6  51335  -0.028442   0.290379   0.5362004   0.0009216   0.000454  -0.000199   0.000074   0.000154  0.0000696  0.0000077    0.000086    0.000060
1999   6   7  51336  -0.029141   0.291684   0.5352181   0.0010733   0.000442  -0.000247   0.000083   0.000145  0.0000727  0.0000078    0.000086    0.000060
1999   6   8  51337  -0.029706   0.292774   0.5340630   0.0012223   0.000356  -0.000270   0.000092   0.000138  0.0000482  0.0000065    0.000086    0.000060
1999   6   9  51338  -0.030277   0.293665   0.5327902   0.0013434   0.000217  -0.000257   0.000079   0.000122  0.0000263  0.0000065    0.000086    0.000060
1999   6  10  51339  -0.030759   0.294125   0.5314053   0.0013931   0.000030  -0.000180   0.000080   0.000122  0.0000312  0.0000063    0.000086    0.000060
1999   6  11  51340  -0.031016   0.294466   0.5300065   0.0013202  -0.000146  -0.000071   0.000093   0.000139  0.0000940  0.0000063    0.000086    0.000060
1999   6  12  51341  -0.031329   0.295093   0.5287660   0.0011463  -0.000263   0.000039   0.000086   0.000161  0.0001924  0.0000066    0.000085    0.000059
1999   6  13  51342  -0.031525   0.296073   0.5277253   0.0009291  -0.000294   0.000124   0.000088   0.000157  0.0000781  0.0000066    0.000079    0.000058
1999   6  14  51343  -0.031528   0.297037   0.5268489   0.0007409  -0.000231   0.000164   0.000110   0.000139  0.0000282  0.0000066    0.000078    0.000057
1999   6  15  51344  -0.031779   0.297910   0.5261640   0.0006486  -0.000088   0.000148   0.000097   0.000123  0.0000204  0.0000066    0.000077    0.000053
1999   6  16  51345  -0.032476   0.298802   0.5255182   0.0006328   0.000112   0.000075   0.000073   0.000110  0.0000172  0.0000066    0.000072    0.000044
1999   6  17  51346  -0.032873   0.299376   0.5249187   0.0006585   0.000278  -0.000006   0.000080   0.000120  0.0000205  0.0000069    0.000069    0.000041
1999   6  18  51347  -0.032868   0.299909   0.5242299   0.0007021   0.000368  -0.000069   0.000082   0.000160  0.0000640  0.0000075    0.000069    0.000040
1999   6  19  51348  -0.032704   0.300510   0.5235021   0.0007305   0.000376  -0.000102   0.000078   0.000170  0.0000947  0.0000080    0.000057    0.000036
1999   6  20  51349  -0.032417   0.301195   0.5227933   0.0007494   0.000306  -0.000099   0.000083   0.000165  0.0000424  0.0000084    0.000033    0.000024
1999   6  21  51350  -0.032233   0.302228   0.5220691   0.0007453   0.000178  -0.000065   0.000071   0.000111  0.0000075  0.0000089    0.000033    0.000024
1999   6  22  51351  -0.032257   0.303025   0.5213324   0.0006867   0.000024  -0.000007   0.000050   0.000079  0.0000072  0.0000116    0.000035    0.000026
1999   6  23  51352  -0.032307   0.303858   0.5206814   0.0005769  -0.000120   0.000054   0.000050   0.000085  0.0000112  0.0000123    0.000049    0.000035
1999   6  24  51353  -0.032024   0.304773   0.5201966   0.0004452  -0.000260   0.000108   0.000060   0.000103  0.0000233  0.0000102    0.000072    0.000047
1999   6  25  51354  -0.031777   0.305661   0.5198109   0.0003000  -0.000379   0.000140   0.000063   0.000112  0.0000719  0.0000102    0.000078    0.000049
1999   6  26  51355  -0.031935   0.306641   0.5195639   0.0001614  -0.000453   0.000147   0.000082   0.000148  0.0001201  0.0000102    0.000087    0.000055
1999   6  27  51356  -0.032253   0.307603   0.5194755   0.0000449  -0.000468   0.000130   0.000115   0.000218  0.0001399  0.0000102    0.000243    0.000517
1999   6  28  51357  -0.032450   0.308424   0.5194717  -0.0000539  -0.000419   0.000096   0.000126   0.000250  0.0000573  0.0000099    0.000226    0.000306
1999   6  29  51358  -0.032423   0.309013   0.5195621  -0.0001186  -0.000310   0.000057   0.000129   0.000249  0.0000337  0.0000096    0.000146    0.000110
1999   6  30  51359  -0.032201   0.309546   0.5197051  -0.0001279  -0.000158   0.000014   0.000106   0.000177  0.0000178  0.0000092    0.000084    0.000055
1999   7   1  51360  -0.032076   0.310217   0.5198146  -0.0000890   0.000020   0.000033   0.000089   0.000149  0.0000136  0.0000087    0.000080    0.000052
1999   7   2  51361  -0.031922   0.311000   0.5198841  -0.0000168   0.000171   0.000071   0.000101   0.000182  0.0000190  0.0000084    0.000084    0.000054
1999   7   3  51362  -0.031536   0.311891   0.5198052   0.0000919   0.000260   0.000098   0.000115   0.000268  0.0000528  0.0000080    0.000084    0.000055
1999   7   4  51363  -0.031051   0.313276   0.5197062   0.0002467   0.000286   0.000107   0.000096   0.000261  0.0000835  0.0000075    0.000085    0.000055
1999   7   5  51364  -0.030416   0.314907   0.5193675   0.0004292   0.000257   0.000089   0.000085   0.000224  0.0000855  0.0000069    0.000094    0.000062
1999   7   6  51365  -0.029654   0.316254   0.5188320   0.0005820   0.000189   0.000044   0.000086   0.000195  0.0000604  0.0000068    0.000094    0.000062
1999   7   7  51366  -0.028884   0.317460   0.5181972   0.0006613   0.000105  -0.000025   0.000087   0.000172  0.0000355  0.0000085    0.000094    0.000062
1999   7   8  51367  -0.027956   0.318573   0.5175167   0.0006426   0.000064  -0.000110   0.000096   0.000181  0.0000438  0.0000085    0.000094    0.000062
1999   7   9  51368  -0.026989   0.319678   0.5169093   0.0005483   0.000048  -0.000190   0.000118   0.000206  0.0000993  0.0000070    0.000094    0.000062
1999   7  10  51369  -0.026206   0.320916   0.5164342   0.0004296   0.000043  -0.000243   0.000102   0.000227  0.0001609  0.0000085    0.000094    0.000062
1999   7  11  51370  -0.025506   0.322137   0.5160483   0.0003266   0.000042  -0.000254   0.000112   0.000253  0.0001837  0.0000089    0.000054    0.000034
1999   7  12  51371  -0.024929   0.323326   0.5157450   0.0002682   0.000037  -0.000218   0.000143   0.000227  0.0000798  0.0000094    0.000053    0.000034
1999   7  13  51372  -0.024622   0.324582   0.5154847   0.0002720   0.000025  -0.000140   0.000118   0.000201  0.0000238  0.0000172    0.000054    0.000034
1999   7  14  51373  -0.024503   0.325769   0.5152097   0.0003300   0.000006  -0.000032   0.000087   0.000157  0.0000119  0.0000171    0.000057    0.000037
1999   7  15  51374  -0.024796   0.326806   0.5148638   0.0004115  -0.000025   0.000092   0.000094   0.000171  0.0000127  0.0000089    0.000076    0.000051
1999   7  16  51375  -0.024994   0.327629   0.5144228   0.0004838   0.000002   0.000160   0.000132   0.000257  0.0000195  0.0000070    0.000111    0.000087
1999   7  17  51376  -0.025625   0.327993   0.5138939   0.0005297   0.000088   0.000157   0.000119   0.000262  0.0000646  0.0000089    0.000128    0.000111
1999   7  18  51377  -0.025754   0.328614   0.5133310   0.0005368   0.000173   0.000119   0.000077   0.000197  0.0001420  0.0000145    0.000154    0.000103
1999   7  19  51378  -0.025650   0.329238   0.5128166   0.0005068   0.000210   0.000079   0.000065   0.000177  0.0000323  0.0000094    0.000153    0.000100
1999   7  20  51379  -0.025308   0.330051   0.5123554   0.0004528   0.000161   0.000076   0.000066   0.000153  0.0000235  0.0000089    0.000140    0.000085
1999   7  21  51380  -0.024739   0.330885   0.5119346   0.0003783  -0.000008   0.000140   0.000068   0.000093  0.0000215  0.0000085    0.000112    0.000061
1999   7  22  51381  -0.024092   0.331686   0.5115791   0.0002866  -0.000125   0.000178   0.000066   0.000083  0.0000286  0.0000068    0.000102    0.000055
1999   7  23  51382  -0.023486   0.332312   0.5113581   0.0001817  -0.000152   0.000169   0.000064   0.000114  0.0000850  0.0000066    0.000101    0.000054
1999   7  24  51383  -0.023274   0.332742   0.5112431   0.0000765  -0.000119   0.000127   0.000066   0.000173  0.0001676  0.0000066    0.000127    0.000067
1999   7  25  51384  -0.023535   0.333308   0.5111436  -0.0000113  -0.000057   0.000064   0.000076   0.000121  0.0002613  0.0000066    0.000494    0.000371
1999   7  26  51385  -0.023847   0.333800   0.5111629  -0.0000451  -0.000004   0.000001   0.000069   0.000091  0.0000910  0.0000069    0.000386    0.000289
1999   7  27  51386  -0.023837   0.334134   0.5112308  -0.0000170  -0.000001  -0.000038   0.000058   0.000100  0.0000303  0.0000072    0.000154    0.000114
1999   7  28  51387  -0.023677   0.334808   0.5112504   0.0000525  -0.000067  -0.000044   0.000067   0.000105  0.0000158  0.0000072    0.000081    0.000060
1999   7  29  51388  -0.023461   0.335824   0.5111585   0.0001480  -0.000144  -0.000055   0.000072   0.000098  0.0000199  0.0000074    0.000103    0.000074
1999   7  30  51389  -0.022924   0.336735   0.5109914   0.0002793  -0.000165  -0.000046   0.000073   0.000119  0.0000408  0.0000093    0.000175    0.000113
1999   7  31  51390  -0.022230   0.337707   0.5106349   0.0004550  -0.000117  -0.000018   0.000072   0.000118  0.0001266  0.0000092    0.000217    0.000130
1999   8   1  51391  -0.021443   0.338833   0.5100357   0.0006175  -0.000043   0.000001   0.000078   0.000116  0.0001061  0.0000071    0.000028    0.000020
1999   8   2  51392  -0.020477   0.339802   0.5093680   0.0007448   0.000017  -0.000008   0.000075   0.000117  0.0000173  0.0000066    0.000028    0.000019
1999   8   3  51393  -0.019749   0.340703   0.5085858   0.0008274   0.000025  -0.000058   0.000052   0.000081  0.0000160  0.0000066    0.000030    0.000021
1999   8   4  51394  -0.018542   0.341575   0.5077133   0.0008191  -0.000056  -0.000156   0.000059   0.000085  0.0000210  0.0000066    0.000044    0.000030
1999   8   5  51395  -0.016870   0.342361   0.5069241   0.0007111  -0.000114  -0.000224   0.000099   0.000121  0.0000298  0.0000066    0.000068    0.000043
1999   8   6  51396  -0.015427   0.343434   0.5063074   0.0005310  -0.000121  -0.000239   0.000150   0.000157  0.0000854  0.0000071    0.000077    0.000047
1999   8   7  51397  -0.014275   0.344604   0.5058822   0.0003571  -0.000083  -0.000213   0.000158   0.000168  0.0000780  0.0000094    0.000082    0.000050
1999   8   8  51398  -0.013938   0.345988   0.5055506   0.0002503  -0.000011  -0.000161   0.000126   0.000190  0.0000575  0.0000112    0.000143    0.000081
1999   8   9  51399  -0.013967   0.347012   0.5053271   0.0002155   0.000073  -0.000106   0.000128   0.000217  0.0000249  0.0000095    0.000141    0.000079
1999   8  10  51400  -0.013579   0.347382   0.5051450   0.0002479   0.000145  -0.000071   0.000126   0.000168  0.0000236  0.0000116    0.000128    0.000065
1999   8  11  51401  -0.013202   0.347730   0.5048929   0.0003277   0.000179  -0.000075   0.000104   0.000141  0.0000225  0.0000116    0.000104    0.000048
1999   8  12  51402  -0.012785   0.348082   0.5044978   0.0004273   0.000175  -0.000125   0.000105   0.000139  0.0000203  0.0000093    0.000118    0.000057
1999   8  13  51403  -0.012291   0.348525   0.5040352   0.0005118   0.000129  -0.000178   0.000126   0.000157  0.0000286  0.0000093    0.000145    0.000080
1999   8  14  51404  -0.011849   0.349026   0.5034712   0.0005886   0.000059  -0.000203   0.000123   0.000154  0.0000697  0.0000099    0.000154    0.000089
1999   8  15  51405  -0.011645   0.349871   0.5028383   0.0006591  -0.000006  -0.000197   0.000103   0.000131  0.0000816  0.0000105    0.000376    0.000162
1999   8  16  51406  -0.011307   0.350963   0.5021986   0.0006919  -0.000041  -0.000156   0.000090   0.000141  0.0000959  0.0000110    0.000364    0.000155
1999   8  17  51407  -0.010665   0.352151   0.5014668   0.0006540  -0.000030  -0.000084   0.000082   0.000179  0.0000431  0.0000114    0.000207    0.000100
1999   8  18  51408  -0.010140   0.353493   0.5008302   0.0005570   0.000039   0.000001   0.000077   0.000125  0.0000229  0.0000114    0.000113    0.000057
1999   8  19  51409  -0.009755   0.354868   0.5003303   0.0004544   0.000070   0.000114   0.000079   0.000099  0.0000243  0.0000114    0.000098    0.000050
1999   8  20  51410  -0.009162   0.355974   0.4999281   0.0003490   0.000049   0.000232   0.000080   0.000100  0.0000792  0.0000117    0.000097    0.000050
1999   8  21  51411  -0.008292   0.357084   0.4996976   0.0002796   0.000007   0.000318   0.000085   0.000106  0.0002680  0.0000120    0.000097    0.000051
1999   8  22  51412  -0.008118   0.358236   0.4993535   0.0002698  -0.000029   0.000338   0.000122   0.000142  0.0002000  0.0000123    0.000111    0.000079
1999   8  23  51413  -0.008352   0.359138   0.4990530   0.0002834  -0.000027   0.000274   0.000172   0.000299  0.0000519  0.0000129    0.000109    0.000077
1999   8  24  51414  -0.008512   0.360105   0.4988177   0.0003299   0.000036   0.000121   0.000138   0.000275  0.0000305  0.0000134    0.000095    0.000064
1999   8  25  51415  -0.008749   0.360998   0.4984534   0.0004419   0.000178  -0.000107   0.000113   0.000187  0.0000196  0.0000138    0.000071    0.000046
1999   8  26  51416  -0.008479   0.361744   0.4978968   0.0006471   0.000325  -0.000338   0.000133   0.000209  0.0000245  0.0000138    0.000063    0.000040
1999   8  27  51417  -0.008322   0.362419   0.4971034   0.0008862   0.000439  -0.000520   0.000206   0.000300  0.0000780  0.0000134    0.000062    0.000039
1999   8  28  51418  -0.008275   0.362900   0.4961046   0.0010684   0.000502  -0.000626   0.000218   0.000305  0.0001202  0.0000129    0.000062    0.000039
1999   8  29  51419  -0.007845   0.363234   0.4949936   0.0011896   0.000501  -0.000639   0.000148   0.000227  0.0001401  0.0000130    0.000078    0.000042
1999   8  30  51420  -0.007191   0.363688   0.4937783   0.0012515   0.000438  -0.000561   0.000132   0.000216  0.0000887  0.0000170    0.000079    0.000042
1999   8  31  51421  -0.006622   0.364311   0.4925490   0.0012105   0.000325  -0.000412   0.000139   0.000224  0.0000484  0.0000320    0.000079    0.000042
1999   9   1  51422  -0.006368   0.364782   0.4913925   0.0010891   0.000189  -0.000227   0.000117   0.000184  0.0000270  0.0000324    0.000079    0.000042
1999   9   2  51423  -0.006259   0.365049   0.4903702   0.0009384   0.000072  -0.000065   0.000116   0.000181  0.0000346  0.0000169    0.000079    0.000042
1999   9   3  51424  -0.006142   0.365337   0.4894804   0.0007977  -0.000013   0.000058   0.000135   0.000194  0.0000906  0.0000125    0.000079    0.000042
1999   9   4  51425  -0.005751   0.365692   0.4887068   0.0007150  -0.000057   0.000132   0.000147   0.000187  0.0001422  0.0000114    0.000079    0.000042
1999   9   5  51426  -0.004912   0.366115   0.4880295   0.0006882  -0.000051   0.000149   0.000174   0.000189  0.0002051  0.0000108    0.000064    0.000046
1999   9   6  51427  -0.003710   0.366728   0.4873359   0.0006877  -0.000002   0.000118   0.000183   0.000191  0.0001311  0.0000105    0.000064    0.000046
1999   9   7  51428  -0.002452   0.367234   0.4866548   0.0007017   0.000081   0.000058   0.000154   0.000155  0.0000289  0.0000105    0.000064    0.000046
1999   9   8  51429  -0.001325   0.367692   0.4859922   0.0007197   0.000179  -0.000010   0.000118   0.000128  0.0000139  0.0000133    0.000064    0.000046
1999   9   9  51430  -0.000470   0.368371   0.4852778   0.0007519   0.000273  -0.000058   0.000121   0.000141  0.0000176  0.0000145    0.000064    0.000046
1999   9  10  51431   0.000017   0.369075   0.4844908   0.0007797   0.000343  -0.000085   0.000136   0.000170  0.0000585  0.0000143    0.000064    0.000046
1999   9  11  51432   0.000345   0.369682   0.4836847   0.0007716   0.000377  -0.000097   0.000137   0.000205  0.0000855  0.0000126    0.000064    0.000046
1999   9  12  51433   0.000853   0.370133   0.4829400   0.0007239   0.000365  -0.000105   0.000127   0.000209  0.0000848  0.0000098    0.000086    0.000048
1999   9  13  51434   0.001747   0.370786   0.4822568   0.0006429   0.000309  -0.000122   0.000071   0.000107  0.0001130  0.0000093    0.000087    0.000048
1999   9  14  51435   0.002636   0.371665   0.4816703   0.0005321   0.000218  -0.000158   0.000060   0.000102  0.0000420  0.0000090    0.000087    0.000048
1999   9  15  51436   0.003132   0.372715   0.4811890   0.0004203   0.000109  -0.000215   0.000075   0.000105  0.0000203  0.0000090    0.000087    0.000048
1999   9  16  51437   0.003597   0.373587   0.4807861   0.0003354  -0.000013  -0.000328   0.000072   0.000088  0.0000261  0.0000090    0.000087    0.000048
1999   9  17  51438   0.004049   0.373901   0.4804812   0.0002819  -0.000112  -0.000439   0.000064   0.000112  0.0000737  0.0000092    0.000087    0.000048
1999   9  18  51439   0.004268   0.374125   0.4802306   0.0002813  -0.000162  -0.000497   0.000084   0.000207  0.0000847  0.0000092    0.000090    0.000049
1999   9  19  51440   0.004347   0.374577   0.4799208   0.0003357  -0.000153  -0.000480   0.000146   0.000313  0.0000765  0.0000088    0.000115    0.000056
1999   9  20  51441   0.004491   0.375026   0.4795463   0.0004405  -0.000088  -0.000381   0.000186   0.000357  0.0000226  0.0000088    0.000112    0.000055
1999   9  21  51442   0.004921   0.375520   0.4790406   0.0005932   0.000019  -0.000216   0.000158   0.000224  0.0000161  0.0000092    0.000092    0.000046
1999   9  22  51443   0.005450   0.375754   0.4783399   0.0007754   0.000148  -0.000002   0.000104   0.000168  0.0000137  0.0000096    0.000064    0.000033
1999   9  23  51444   0.005520   0.375919   0.4774437   0.0009613   0.000230   0.000112   0.000117   0.000201  0.0000180  0.0000101    0.000057    0.000029
1999   9  24  51445   0.005231   0.376084   0.4763812   0.0011069   0.000244   0.000096   0.000180   0.000328  0.0000546  0.0000128    0.000056    0.000029
1999   9  25  51446   0.005014   0.376038   0.4752382   0.0011714   0.000202  -0.000005   0.000166   0.000312  0.0000735  0.0000118    0.000058    0.000030
1999   9  26  51447   0.005139   0.375893   0.4741094   0.0011774   0.000126  -0.000140   0.000108   0.000192  0.0000702  0.0000093    0.000247    0.000158
1999   9  27  51448   0.005351   0.376199   0.4729798   0.0011313   0.000048  -0.000244   0.000083   0.000176  0.0000268  0.0000090    0.000232    0.000150
1999   9  28  51449   0.005452   0.377047   0.4718635   0.0010332  -0.000002  -0.000264   0.000075   0.000153  0.0000222  0.0000090    0.000170    0.000114
1999   9  29  51450   0.005736   0.377793   0.4708651   0.0009174   0.000002  -0.000154   0.000070   0.000120  0.0000213  0.0000093    0.000109    0.000076
1999   9  30  51451   0.006141   0.378565   0.4700441   0.0008009   0.000066  -0.000026   0.000071   0.000118  0.0000241  0.0000093    0.000093    0.000065
1999  10   1  51452   0.006346   0.379408   0.4692652   0.0006868   0.000173   0.000074   0.000070   0.000117  0.0000564  0.0000093    0.000091    0.000064
1999  10   2  51453   0.006443   0.380133   0.4686224   0.0006354   0.000280   0.000141   0.000072   0.000119  0.0000723  0.0000092    0.000090    0.000064
1999  10   3  51454   0.007052   0.380916   0.4679999   0.0007126   0.000348   0.000162   0.000094   0.000128  0.0000684  0.0000090    0.000078    0.000068
1999  10   4  51455   0.007931   0.381715   0.4672296   0.0008657   0.000344   0.000144   0.000089   0.000121  0.0000177  0.0000087    0.000078    0.000067
1999  10   5  51456   0.008576   0.382175   0.4662571   0.0010376   0.000256   0.000096   0.000071   0.000110  0.0000145  0.0000084    0.000074    0.000058
1999  10   6  51457   0.009241   0.382606   0.4651335   0.0011961   0.000083   0.000045   0.000068   0.000098  0.0000142  0.0000084    0.000064    0.000044
1999  10   7  51458   0.009912   0.382856   0.4639018   0.0012962  -0.000071  -0.000036   0.000081   0.000118  0.0000165  0.0000084    0.000060    0.000039
1999  10   8  51459   0.010559   0.382645   0.4625674   0.0013457  -0.000163  -0.000131   0.000120   0.000209  0.0000557  0.0000087    0.000060    0.000038
1999  10   9  51460   0.011360   0.382428   0.4612221   0.0013588  -0.000183  -0.000207   0.000160   0.000176  0.0002025  0.0000092    0.000066    0.000042
1999  10  10  51461   0.012320   0.382449   0.4598908   0.0013080  -0.000140  -0.000237   0.000166   0.000162  0.0001873  0.0000096    0.000425    0.000207
1999  10  11  51462   0.013239   0.382709   0.4586210   0.0011904  -0.000056  -0.000210   0.000147   0.000182  0.0000534  0.0000096    0.000368    0.000187
1999  10  12  51463   0.013887   0.382946   0.4574766   0.0010558   0.000035  -0.000124   0.000135   0.000195  0.0000393  0.0000099    0.000195    0.000109
1999  10  13  51464   0.014136   0.382880   0.4564716   0.0009619   0.000103   0.000019   0.000117   0.000195  0.0000272  0.0000099    0.000104    0.000060
1999  10  14  51465   0.013933   0.382724   0.4555063   0.0008980   0.000107   0.000091   0.000117   0.000188  0.0000300  0.0000096    0.000090    0.000053
1999  10  15  51466   0.013588   0.382682   0.4546295   0.0008006   0.000051   0.000072   0.000137   0.000205  0.0000890  0.0000096    0.000089    0.000052
1999  10  16  51467   0.013564   0.382575   0.4538819   0.0007163  -0.000023   0.000000   0.000137   0.000202  0.0001635  0.0000096    0.000091    0.000053
1999  10  17  51468   0.014152   0.382471   0.4531245   0.0007196  -0.000074  -0.000093   0.000110   0.000211  0.0000845  0.0000096    0.000163    0.000107
1999  10  18  51469   0.014764   0.382451   0.4523710   0.0007883  -0.000067  -0.000164   0.000092   0.000224  0.0000379  0.0000099    0.000155    0.000103
1999  10  19  51470   0.015207   0.382544   0.4515859   0.0009171   0.000021  -0.000177   0.000084   0.000173  0.0000238  0.0000102    0.000118    0.000084
1999  10  20  51471   0.015899   0.382783   0.4506067   0.0011296   0.000198  -0.000101   0.000079   0.000104  0.0000142  0.0000105    0.000078    0.000059
1999  10  21  51472   0.016676   0.383041   0.4493604   0.0013796   0.000346  -0.000052   0.000082   0.000104  0.0000172  0.0000108    0.000067    0.000052
1999  10  22  51473   0.017068   0.383275   0.4478628   0.0016167   0.000420  -0.000054   0.000078   0.000106  0.0000564  0.0000108    0.000066    0.000051
1999  10  23  51474   0.017311   0.383344   0.4461489   0.0018151   0.000420  -0.000091   0.000080   0.000113  0.0000868  0.0000111    0.000069    0.000052
1999  10  24  51475   0.017800   0.383433   0.4442890   0.0019181   0.000356  -0.000140   0.000111   0.000193  0.0000709  0.0000114    0.000189    0.000071
1999  10  25  51476   0.018361   0.383761   0.4423940   0.0019064   0.000255  -0.000175   0.000166   0.000137  0.0000261  0.0000140    0.000183    0.000071
1999  10  26  51477   0.018918   0.383988   0.4405307   0.0017970   0.000150  -0.000173   0.000138   0.000107  0.0000248  0.0000140    0.000146    0.000068
1999  10  27  51478   0.019379   0.383865   0.4387954   0.0016149   0.000080  -0.000108   0.000087   0.000107  0.0000285  0.0000114    0.000098    0.000060
1999  10  28  51479   0.019829   0.383645   0.4372885   0.0014034   0.000026  -0.000049   0.000067   0.000110  0.0000362  0.0000110    0.000087    0.000057
1999  10  29  51480   0.020159   0.383441   0.4359525   0.0012505  -0.000004  -0.000012   0.000067   0.000140  0.0000635  0.0000105    0.000085    0.000056
1999  10  30  51481   0.020336   0.383182   0.4347002   0.0012249  -0.000006   0.000004   0.000078   0.000161  0.0000528  0.0000102    0.000088    0.000059
1999  10  31  51482   0.020712   0.382961   0.4334739   0.0012689   0.000019   0.000003   0.000111   0.000161  0.0000460  0.0000099    0.000132    0.000100
1999  11   1  51483   0.021338   0.382607   0.4322075   0.0013074   0.000063  -0.000007   0.000159   0.000199  0.0000343  0.0000096    0.000131    0.000096
1999  11   2  51484   0.021980   0.382063   0.4308546   0.0013698   0.000117  -0.000016   0.000128   0.000178  0.0000229  0.0000092    0.000119    0.000072
1999  11   3  51485   0.022687   0.381615   0.4294065   0.0014659   0.000179  -0.000020   0.000098   0.000150  0.0000136  0.0000087    0.000093    0.000047
1999  11   4  51486   0.023205   0.381126   0.4279080   0.0015177   0.000182   0.000017   0.000087   0.000135  0.0000110  0.0000081    0.000084    0.000048
1999  11   5  51487   0.023775   0.380611   0.4263911   0.0015111   0.000145   0.000023   0.000102   0.000148  0.0000135  0.0000078    0.000095    0.000058
1999  11   6  51488   0.024251   0.380233   0.4248843   0.0014786   0.000117   0.000012   0.000130   0.000171  0.0000244  0.0000074    0.000108    0.000064
1999  11   7  51489   0.024411   0.379981   0.4234384   0.0014070   0.000116   0.000004   0.000147   0.000182  0.0000528  0.0000069    0.000113    0.000069
1999  11   8  51490   0.024512   0.379389   0.4220888   0.0013288   0.000126  -0.000010   0.000161   0.000178  0.0000624  0.0000063    0.000120    0.000111
1999  11   9  51491   0.024899   0.378357   0.4207948   0.0012908   0.000135  -0.000031   0.000145   0.000137  0.0000435  0.0000060    0.000110    0.000084
1999  11  10  51492   0.025655   0.377399   0.4195220   0.0012458   0.000133  -0.000065   0.000115   0.000124  0.0000281  0.0000060    0.000093    0.000057
1999  11  11  51493   0.026790   0.376668   0.4183094   0.0011590   0.000082  -0.000061   0.000087   0.000138  0.0000309  0.0000060    0.000116    0.000073
1999  11  12  51494   0.027969   0.376437   0.4171822   0.0011001  -0.000017  -0.000052   0.000079   0.000152  0.0000324  0.0000063    0.000149    0.000120
1999  11  13  51495   0.028684   0.376745   0.4160740   0.0011375  -0.000049  -0.000032   0.000086   0.000166  0.0000367  0.0000065    0.000141    0.000119
1999  11  14  51496   0.028910   0.377536   0.4149106   0.0012232   0.000023  -0.000001   0.000111   0.000213  0.0000670  0.0000063    0.000119    0.000087
1999  11  15  51497   0.028769   0.378286   0.4136659   0.0012920   0.000119   0.000012   0.000130   0.000208  0.0000171  0.0000060    0.000078    0.000048
1999  11  16  51498   0.028647   0.378504   0.4123233   0.0013850   0.000174  -0.000016   0.000105   0.000133  0.0000112  0.0000060    0.000071    0.000046
1999  11  17  51499   0.029283   0.378502   0.4108590   0.0015364   0.000115  -0.000101   0.000086   0.000118  0.0000082  0.0000060    0.000057    0.000040
1999  11  18  51500   0.030363   0.378426   0.4092291   0.0016710   0.000044  -0.000192   0.000103   0.000129  0.0000103  0.0000062    0.000052    0.000038
1999  11  19  51501   0.031579   0.378591   0.4074944   0.0017566  -0.000011  -0.000265   0.000151   0.000142  0.0000343  0.0000081    0.000052    0.000038
1999  11  20  51502   0.032539   0.378959   0.4057059   0.0018163  -0.000039  -0.000312   0.000168   0.000159  0.0000566  0.0000131    0.000052    0.000038
1999  11  21  51503   0.033035   0.379112   0.4038754   0.0018048  -0.000033  -0.000324   0.000207   0.000198  0.0000557  0.0000081    0.000092    0.000061
1999  11  22  51504   0.033094   0.379086   0.4021296   0.0016772   0.000007  -0.000300   0.000191   0.000250  0.0000738  0.0000064    0.000095    0.000062
1999  11  23  51505   0.032771   0.378963   0.4005606   0.0014743   0.000073  -0.000246   0.000151   0.000240  0.0000299  0.0000081    0.000095    0.000062
1999  11  24  51506   0.032545   0.378396   0.3992021   0.0012697   0.000149  -0.000173   0.000125   0.000201  0.0000144  0.0000131    0.000095    0.000062
1999  11  25  51507   0.032128   0.377848   0.3980266   0.0011034   0.000197  -0.000100   0.000127   0.000206  0.0000138  0.0000080    0.000095    0.000062
1999  11  26  51508   0.031704   0.377606   0.3969820   0.0009954   0.000221  -0.000032   0.000148   0.000247  0.0000453  0.0000058    0.000095    0.000062
1999  11  27  51509   0.031633   0.377342   0.3960060   0.0009763   0.000222   0.000024   0.000144   0.000231  0.0000837  0.0000054    0.000095    0.000062
1999  11  28  51510   0.031967   0.377005   0.3950135   0.0010523   0.000205   0.000062   0.000148   0.000174  0.0000724  0.0000054    0.000078    0.000041
1999  11  29  51511   0.032722   0.376991   0.3939105   0.0011916   0.000178   0.000077   0.000123   0.000147  0.0000490  0.0000054    0.000078    0.000041
1999  11  30  51512   0.033392   0.377190   0.3926434   0.0013383   0.000151   0.000069   0.000090   0.000131  0.0000263  0.0000057    0.000078    0.000041
1999  12   1  51513   0.033961   0.377620   0.3912722   0.0014028   0.000135   0.000041   0.000077   0.000134  0.0000148  0.0000060    0.000078    0.000041
1999  12   2  51514   0.034398   0.378426   0.3898885   0.0013697   0.000140  -0.000018   0.000083   0.000181  0.0000118  0.0000060    0.000078    0.000041
1999  12   3  51515   0.034457   0.379090   0.3885331   0.0012899   0.000160  -0.000080   0.000096   0.000247  0.0000147  0.0000063    0.000078    0.000041
1999  12   4  51516   0.034550   0.379388   0.3872833   0.0011857   0.000185  -0.000124   0.000105   0.000277  0.0001904  0.0000066    0.000078    0.000043
1999  12   5  51517   0.034689   0.379471   0.3861693   0.0010818   0.000201  -0.000137   0.000131   0.000338  0.0001215  0.0000066    0.000078    0.000067
1999  12   6  51518   0.034580   0.379439   0.3851539   0.0009995   0.000198  -0.000115   0.000135   0.000270  0.0000225  0.0000063    0.000078    0.000067
1999  12   7  51519   0.034453   0.379375   0.3841677   0.0009064   0.000165  -0.000062   0.000111   0.000180  0.0000196  0.0000060    0.000076    0.000063
1999  12   8  51520   0.034886   0.379181   0.3832681   0.0008139   0.000104   0.000017   0.000098   0.000157  0.0000184  0.0000057    0.000072    0.000053
1999  12   9  51521   0.035778   0.379319   0.3824835   0.0007768   0.000006   0.000057   0.000113   0.000189  0.0000209  0.0000057    0.000070    0.000049
1999  12  10  51522   0.036660   0.379806   0.3816815   0.0007896  -0.000108   0.000047   0.000150   0.000265  0.0000624  0.0000057    0.000070    0.000049
1999  12  11  51523   0.037147   0.380230   0.3808653   0.0008447  -0.000201   0.000003   0.000161   0.000335  0.0000879  0.0000058    0.000077    0.000054
1999  12  12  51524   0.037288   0.380531   0.3799358   0.0009217  -0.000243  -0.000053   0.000154   0.000375  0.0000745  0.0000065    0.000210    0.000146
1999  12  13  51525   0.037519   0.380921   0.3789644   0.0010220  -0.000216  -0.000099   0.000171   0.000371  0.0000471  0.0000071    0.000181    0.000126
1999  12  14  51526   0.036839   0.380827   0.3779154   0.0011558  -0.000119  -0.000112   0.000171   0.000280  0.0000165  0.0000075    0.000096    0.000067
1999  12  15  51527   0.038385   0.381697   0.3767223   0.0012807   0.000032  -0.000063   0.000097   0.000152  0.0000088  0.0000078    0.000054    0.000038
1999  12  16  51528   0.038463   0.382168   0.3753918   0.0013980   0.000235  -0.000098   0.000092   0.000152  0.0000089  0.0000081    0.000065    0.000046
1999  12  17  51529   0.038195   0.382290   0.3739379   0.0015053   0.000328  -0.000120   0.000133   0.000252  0.0000183  0.0000084    0.000099    0.000078
1999  12  18  51530   0.038062   0.382211   0.3724375   0.0015540   0.000266  -0.000094   0.000147   0.000297  0.0000638  0.0000089    0.000116    0.000096
1999  12  19  51531   0.037836   0.382235   0.3709614   0.0015306   0.000136  -0.000072   0.000133   0.000227  0.0000349  0.0000114    0.000027    0.000016
1999  12  20  51532   0.037541   0.382169   0.3694737   0.0014350   0.000020  -0.000083   0.000084   0.000143  0.0000053  0.0000114    0.000027    0.000016
1999  12  21  51533   0.037157   0.381633   0.3680822   0.0012767  -0.000002  -0.000154   0.000053   0.000095  0.0000053  0.0000112    0.000029    0.000018
1999  12  22  51534   0.036563   0.380933   0.3668935   0.0011216   0.000148  -0.000303   0.000061   0.000102  0.0000085  0.0000101    0.000043    0.000026
1999  12  23  51535   0.036292   0.379935   0.3658494   0.0010432   0.000305  -0.000407   0.000096   0.000152  0.0000186  0.0000077    0.000073    0.000046
1999  12  24  51536   0.036778   0.378689   0.3647698   0.0010389   0.000416  -0.000429   0.000105   0.000168  0.0000574  0.0000072    0.000085    0.000054
1999  12  25  51537   0.037894   0.377897   0.3636161   0.0010805   0.000469  -0.000379   0.000133   0.000197  0.0001016  0.0000069    0.000086    0.000055
1999  12  26  51538   0.039042   0.377726   0.3624117   0.0011615   0.000451  -0.000275   0.000186   0.000314  0.0000811  0.0000067    0.000078    0.000038
1999  12  27  51539   0.040005   0.377857   0.3612004   0.0012511   0.000370  -0.000149   0.000160   0.000289  0.0000102  0.0000068    0.000077    0.000038
1999  12  28  51540   0.041060   0.378075   0.3599985   0.0012945   0.000244  -0.000039   0.000148   0.000267  0.0000101  0.0000067    0.000078    0.000038
1999  12  29  51541   0.042093   0.378421   0.3587964   0.0012568   0.000103   0.000018   0.000128   0.000236  0.0000101  0.0000061    0.000081    0.000041
1999  12  30  51542   0.042609   0.378592   0.3575967   0.0011576  -0.000032  -0.000015   0.000110   0.000188  0.0000113  0.0000061    0.000097    0.000053
1999  12  31  51543   0.042883   0.378282   0.3564498   0.0010387  -0.000065  -0.000055   0.000139   0.000218  0.0000201  0.0000065    0.000202    0.000135
