

                   INTERNATIONAL EARTH ROTATION SERVICE
                        EARTH ROTATION PARAMETERS
                          EOP (IERS) C04

  
             FORMAT(3(I4),I7,2(F11.6),2(F12.7),2(F12.6),2(F11.6),2(F12.7),2F12.6)
**********************************************************************************
  
      Date      MJD      x          y        UT1-UTC       LOD         dX        dY        x Err     y Err   UT1-UTC Err  Lod Err     dY Err       dY Err  
                         "          "           s           s          "         "           "          "          s         s            "           "
     (0h UTC)

2000   1   1  51544   0.043157   0.377872   0.3555456   0.0009138  -0.000120  -0.000160   0.000043   0.000080  0.0000689  0.0000026    0.000070    0.000043
2000   1   2  51545   0.043475   0.377738   0.3547352   0.0008278  -0.000094  -0.000223   0.000042   0.000083  0.0001062  0.0000028    0.000069    0.000043
2000   1   3  51546   0.043627   0.377507   0.3538988   0.0006967  -0.000038  -0.000245   0.000038   0.000076  0.0000959  0.0000029    0.000064    0.000038
2000   1   4  51547   0.043404   0.377229   0.3532092   0.0005453   0.000031  -0.000218   0.000038   0.000072  0.0000481  0.0000051    0.000064    0.000038
2000   1   5  51548   0.043074   0.376869   0.3527483   0.0004309   0.000099  -0.000150   0.000040   0.000070  0.0000252  0.0000061    0.000064    0.000038
2000   1   6  51549   0.043073   0.376505   0.3523872   0.0004000   0.000125  -0.000033   0.000051   0.000071  0.0000320  0.0000062    0.000064    0.000038
2000   1   7  51550   0.043446   0.376395   0.3519509   0.0004161   0.000133   0.000075   0.000081   0.000080  0.0000951  0.0000063    0.000064    0.000038
2000   1   8  51551   0.043708   0.376276   0.3514701   0.0004403   0.000137   0.000133   0.000067   0.000101  0.0000950  0.0000065    0.000064    0.000039
2000   1   9  51552   0.043689   0.375951   0.3510908   0.0005021   0.000139   0.000125   0.000063   0.000103  0.0000648  0.0000065    0.000066    0.000047
2000   1  10  51553   0.043573   0.375496   0.3505758   0.0006135   0.000137   0.000058   0.000050   0.000094  0.0000239  0.0000065    0.000066    0.000046
2000   1  11  51554   0.043721   0.375065   0.3498913   0.0007546   0.000129  -0.000050   0.000039   0.000084  0.0000156  0.0000065    0.000060    0.000043
2000   1  12  51555   0.044198   0.374899   0.3490601   0.0009106   0.000120  -0.000205   0.000038   0.000069  0.0000117  0.0000065    0.000049    0.000036
2000   1  13  51556   0.045121   0.374944   0.3480887   0.0010575   0.000036  -0.000108   0.000038   0.000076  0.0000129  0.0000065    0.000055    0.000040
2000   1  14  51557   0.046501   0.374976   0.3469543   0.0011680  -0.000066   0.000057   0.000037   0.000092  0.0000211  0.0000064    0.000066    0.000046
2000   1  15  51558   0.047616   0.375015   0.3457349   0.0012116  -0.000136   0.000153   0.000041   0.000113  0.0000629  0.0000070    0.000069    0.000048
2000   1  16  51559   0.048415   0.375058   0.3445700   0.0011514  -0.000166   0.000190   0.000046   0.000101  0.0000775  0.0000074    0.000069    0.000048
2000   1  17  51560   0.049373   0.375031   0.3435291   0.0010291  -0.000145   0.000170   0.000045   0.000074  0.0000883  0.0000072    0.000064    0.000042
2000   1  18  51561   0.050664   0.375276   0.3425567   0.0009222  -0.000076   0.000101   0.000054   0.000070  0.0000309  0.0000071    0.000064    0.000042
2000   1  19  51562   0.051960   0.375782   0.3416122   0.0008411   0.000029   0.000007   0.000048   0.000076  0.0000152  0.0000071    0.000064    0.000042
2000   1  20  51563   0.053077   0.375943   0.3407397   0.0008139   0.000133  -0.000028   0.000038   0.000078  0.0000197  0.0000071    0.000064    0.000042
2000   1  21  51564   0.054113   0.376069   0.3398908   0.0008674   0.000220  -0.000032   0.000038   0.000075  0.0000656  0.0000072    0.000064    0.000042
2000   1  22  51565   0.055075   0.376466   0.3389825   0.0009679   0.000273  -0.000025   0.000046   0.000084  0.0001087  0.0000073    0.000064    0.000042
2000   1  23  51566   0.055762   0.376909   0.3379611   0.0010777   0.000281  -0.000015   0.000063   0.000104  0.0001079  0.0000061    0.000045    0.000027
2000   1  24  51567   0.056237   0.377292   0.3367924   0.0011870   0.000240  -0.000012   0.000050   0.000105  0.0000790  0.0000035    0.000044    0.000027
2000   1  25  51568   0.056472   0.377543   0.3355400   0.0012783   0.000160  -0.000023   0.000047   0.000081  0.0000204  0.0000033    0.000045    0.000027
2000   1  26  51569   0.056491   0.377531   0.3342618   0.0012999   0.000060  -0.000049   0.000045   0.000068  0.0000098  0.0000035    0.000045    0.000027
2000   1  27  51570   0.056909   0.377236   0.3329687   0.0012437  -0.000037  -0.000086   0.000045   0.000059  0.0000120  0.0000038    0.000056    0.000034
2000   1  28  51571   0.057314   0.376897   0.3317487   0.0011177  -0.000114  -0.000125   0.000069   0.000062  0.0000444  0.0000069    0.000144    0.000094
2000   1  29  51572   0.057182   0.376528   0.3306845   0.0009608  -0.000172  -0.000163   0.000062   0.000082  0.0000936  0.0000091    0.000187    0.000130
2000   1  30  51573   0.056981   0.376250   0.3297824   0.0008219  -0.000192  -0.000183   0.000047   0.000085  0.0000481  0.0000093    0.000024    0.000014
2000   1  31  51574   0.056904   0.376095   0.3290079   0.0007118  -0.000172  -0.000175   0.000039   0.000075  0.0000083  0.0000091    0.000016    0.000009
2000   2   1  51575   0.056996   0.375781   0.3283235   0.0006347  -0.000117  -0.000138   0.000035   0.000056  0.0000068  0.0000078    0.000018    0.000010
2000   2   2  51576   0.057185   0.375175   0.3277073   0.0005642  -0.000030  -0.000073   0.000036   0.000057  0.0000107  0.0000049    0.000027    0.000015
2000   2   3  51577   0.057640   0.374499   0.3271642   0.0005046  -0.000003  -0.000036   0.000036   0.000070  0.0000249  0.0000050    0.000060    0.000033
2000   2   4  51578   0.058247   0.373957   0.3266695   0.0004986  -0.000034  -0.000036   0.000036   0.000073  0.0000420  0.0000087    0.000093    0.000078
2000   2   5  51579   0.059026   0.373412   0.3261410   0.0005840  -0.000077  -0.000073   0.000042   0.000075  0.0000595  0.0000108    0.000096    0.000089
2000   2   6  51580   0.060019   0.372877   0.3254806   0.0007328  -0.000117  -0.000124   0.000060   0.000078  0.0000658  0.0000097    0.000110    0.000078
2000   2   7  51581   0.061064   0.372476   0.3247040   0.0008899  -0.000129  -0.000168   0.000071   0.000073  0.0000300  0.0000054    0.000143    0.000066
2000   2   8  51582   0.062155   0.372146   0.3237492   0.0010558  -0.000100  -0.000185   0.000050   0.000071  0.0000173  0.0000042    0.000112    0.000056
2000   2   9  51583   0.063387   0.371997   0.3225942   0.0011878  -0.000010  -0.000157   0.000041   0.000072  0.0000108  0.0000041    0.000075    0.000041
2000   2  10  51584   0.064747   0.371837   0.3213744   0.0012397   0.000007  -0.000122   0.000039   0.000065  0.0000123  0.0000042    0.000072    0.000043
2000   2  11  51585   0.065811   0.371381   0.3201454   0.0011915  -0.000041  -0.000093   0.000041   0.000068  0.0000372  0.0000053    0.000087    0.000070
2000   2  12  51586   0.066259   0.370879   0.3190052   0.0010460  -0.000046  -0.000079   0.000054   0.000080  0.0000650  0.0000056    0.000088    0.000075
2000   2  13  51587   0.066152   0.370376   0.3181303   0.0008796  -0.000041  -0.000077   0.000058   0.000091  0.0000758  0.0000056    0.000066    0.000055
2000   2  14  51588   0.065919   0.369887   0.3173495   0.0007610  -0.000033  -0.000081   0.000045   0.000102  0.0000168  0.0000051    0.000052    0.000042
2000   2  15  51589   0.065977   0.369502   0.3166425   0.0006885  -0.000029  -0.000081   0.000040   0.000118  0.0000163  0.0000040    0.000053    0.000041
2000   2  16  51590   0.066545   0.369081   0.3159935   0.0006562  -0.000039  -0.000067   0.000040   0.000133  0.0000218  0.0000037    0.000062    0.000036
2000   2  17  51591   0.067377   0.368703   0.3153196   0.0006918  -0.000048  -0.000039   0.000040   0.000112  0.0000317  0.0000036    0.000068    0.000035
2000   2  18  51592   0.068065   0.368612   0.3146046   0.0007904  -0.000054   0.000001   0.000040   0.000110  0.0000801  0.0000036    0.000069    0.000034
2000   2  19  51593   0.068502   0.368479   0.3137990   0.0009470  -0.000056   0.000040   0.000043   0.000114  0.0001493  0.0000046    0.000069    0.000034
2000   2  20  51594   0.069027   0.368346   0.3127862   0.0011314  -0.000055   0.000065   0.000044   0.000094  0.0001822  0.0000084    0.000072    0.000040
2000   2  21  51595   0.069234   0.368089   0.3116155   0.0012550  -0.000050   0.000062   0.000050   0.000085  0.0000845  0.0000098    0.000072    0.000040
2000   2  22  51596   0.068972   0.367558   0.3103579   0.0012693  -0.000042   0.000021   0.000069   0.000081  0.0000181  0.0000079    0.000072    0.000040
2000   2  23  51597   0.068750   0.366959   0.3091139   0.0011867  -0.000032  -0.000055   0.000073   0.000078  0.0000186  0.0000045    0.000072    0.000040
2000   2  24  51598   0.068398   0.366227   0.3079622   0.0010592  -0.000024  -0.000165   0.000074   0.000077  0.0000268  0.0000043    0.000072    0.000040
2000   2  25  51599   0.067859   0.365448   0.3069348   0.0009296  -0.000017  -0.000279   0.000048   0.000076  0.0000813  0.0000043    0.000072    0.000040
2000   2  26  51600   0.067399   0.364528   0.3060644   0.0007986  -0.000011  -0.000367   0.000043   0.000100  0.0001287  0.0000045    0.000072    0.000040
2000   2  27  51601   0.066986   0.363569   0.3053322   0.0006719  -0.000007  -0.000408   0.000059   0.000196  0.0001155  0.0000081    0.000070    0.000038
2000   2  28  51602   0.066608   0.362724   0.3046572   0.0005840  -0.000006  -0.000386   0.000058   0.000235  0.0001161  0.0000083    0.000070    0.000038
2000   2  29  51603   0.066445   0.362102   0.3040896   0.0005526  -0.000009  -0.000303   0.000056   0.000201  0.0000411  0.0000046    0.000070    0.000038
2000   3   1  51604   0.066356   0.361638   0.3036020   0.0005544  -0.000016  -0.000178   0.000052   0.000166  0.0000206  0.0000046    0.000070    0.000038
2000   3   2  51605   0.066544   0.361140   0.3030413   0.0005860  -0.000030  -0.000035   0.000055   0.000164  0.0000265  0.0000070    0.000070    0.000038
2000   3   3  51606   0.067132   0.360653   0.3024013   0.0006711  -0.000049   0.000091   0.000089   0.000179  0.0000813  0.0000045    0.000070    0.000038
2000   3   4  51607   0.067759   0.360477   0.3016763   0.0008116  -0.000070   0.000169   0.000076   0.000194  0.0001612  0.0000045    0.000070    0.000038
2000   3   5  51608   0.067972   0.360459   0.3007753   0.0009854  -0.000092   0.000184   0.000077   0.000206  0.0002212  0.0000070    0.000068    0.000053
2000   3   6  51609   0.068076   0.360216   0.2996930   0.0011737  -0.000108   0.000135   0.000088   0.000182  0.0000960  0.0000045    0.000068    0.000054
2000   3   7  51610   0.068606   0.359940   0.2984478   0.0013150  -0.000115   0.000035   0.000056   0.000121  0.0000357  0.0000043    0.000068    0.000054
2000   3   8  51611   0.068937   0.359765   0.2970904   0.0013803  -0.000109  -0.000087   0.000054   0.000091  0.0000182  0.0000044    0.000068    0.000054
2000   3   9  51612   0.069204   0.359451   0.2956804   0.0013762  -0.000084  -0.000208   0.000052   0.000084  0.0000232  0.0000046    0.000068    0.000054
2000   3  10  51613   0.070196   0.359064   0.2943208   0.0013021  -0.000052  -0.000293   0.000055   0.000084  0.0000814  0.0000079    0.000068    0.000054
2000   3  11  51614   0.071706   0.358896   0.2930650   0.0011838  -0.000020  -0.000321   0.000084   0.000096  0.0001548  0.0000098    0.000045    0.000034
2000   3  12  51615   0.073078   0.358883   0.2919064   0.0010449  -0.000002  -0.000287   0.000061   0.000100  0.0000617  0.0000103    0.000020    0.000015
2000   3  13  51616   0.073862   0.358668   0.2909077   0.0009053  -0.000007  -0.000204   0.000046   0.000081  0.0000092  0.0000101    0.000020    0.000015
2000   3  14  51617   0.074420   0.358155   0.2900575   0.0008031  -0.000040  -0.000092   0.000049   0.000062  0.0000074  0.0000095    0.000022    0.000016
2000   3  15  51618   0.074724   0.357382   0.2892879   0.0007811  -0.000098   0.000031   0.000050   0.000074  0.0000111  0.0000096    0.000034    0.000025
2000   3  16  51619   0.074783   0.356405   0.2884854   0.0008298  -0.000179   0.000096   0.000055   0.000093  0.0000250  0.0000099    0.000080    0.000059
2000   3  17  51620   0.074522   0.355671   0.2876177   0.0009014  -0.000262   0.000099   0.000052   0.000082  0.0000606  0.0000081    0.000310    0.000225
2000   3  18  51621   0.074215   0.355002   0.2866953   0.0009564  -0.000309   0.000083   0.000046   0.000087  0.0000770  0.0000045    0.000551    0.000380
2000   3  19  51622   0.074020   0.354129   0.2857203   0.0009896  -0.000308   0.000048   0.000045   0.000086  0.0000822  0.0000043    0.000483    0.000290
2000   3  20  51623   0.073821   0.353304   0.2847294   0.0010160  -0.000251   0.000010   0.000041   0.000085  0.0000621  0.0000040    0.000035    0.000016
2000   3  21  51624   0.073894   0.352809   0.2837061   0.0010384  -0.000139  -0.000017   0.000038   0.000092  0.0000177  0.0000032    0.000034    0.000016
2000   3  22  51625   0.073961   0.352414   0.2826490   0.0010245   0.000011  -0.000022   0.000033   0.000069  0.0000086  0.0000032    0.000034    0.000016
2000   3  23  51626   0.073977   0.351754   0.2816026   0.0009547   0.000195   0.000003   0.000033   0.000062  0.0000113  0.0000033    0.000034    0.000016
2000   3  24  51627   0.074024   0.351202   0.2807012   0.0008256   0.000365   0.000047   0.000037   0.000069  0.0000417  0.0000034    0.000034    0.000016
2000   3  25  51628   0.073832   0.350655   0.2799728   0.0006636   0.000476   0.000090   0.000040   0.000084  0.0001104  0.0000035    0.000036    0.000017
2000   3  26  51629   0.073468   0.349743   0.2793421   0.0005181   0.000502   0.000119   0.000042   0.000096  0.0001278  0.0000046    0.000091    0.000050
2000   3  27  51630   0.073177   0.348788   0.2788749   0.0004140   0.000429   0.000123   0.000038   0.000084  0.0000492  0.0000089    0.000090    0.000049
2000   3  28  51631   0.072799   0.348130   0.2784900   0.0003813   0.000264   0.000096   0.000044   0.000077  0.0000351  0.0000113    0.000082    0.000047
2000   3  29  51632   0.072653   0.347401   0.2780949   0.0004068   0.000027   0.000038   0.000044   0.000073  0.0000280  0.0000094    0.000064    0.000041
2000   3  30  51633   0.073378   0.346581   0.2776595   0.0004757  -0.000195  -0.000022   0.000036   0.000072  0.0000366  0.0000052    0.000058    0.000039
2000   3  31  51634   0.074525   0.346199   0.2771563   0.0005951  -0.000355  -0.000069   0.000037   0.000076  0.0001031  0.0000052    0.000058    0.000039
2000   4   1  51635   0.075172   0.346149   0.2765186   0.0007682  -0.000436  -0.000097   0.000040   0.000086  0.0001049  0.0000092    0.000058    0.000039
2000   4   2  51636   0.075608   0.346291   0.2756591   0.0009872  -0.000431  -0.000103   0.000040   0.000082  0.0001074  0.0000098    0.000079    0.000051
2000   4   3  51637   0.076458   0.346709   0.2745625   0.0011973  -0.000353  -0.000087   0.000037   0.000071  0.0001354  0.0000060    0.000080    0.000052
2000   4   4  51638   0.077066   0.347069   0.2732881   0.0013253  -0.000223  -0.000058   0.000045   0.000066  0.0000492  0.0000062    0.000080    0.000052
2000   4   5  51639   0.077066   0.347154   0.2719408   0.0013499  -0.000070  -0.000024   0.000064   0.000066  0.0000248  0.0000094    0.000080    0.000052
2000   4   6  51640   0.077075   0.346993   0.2706207   0.0012932   0.000050  -0.000008   0.000043   0.000080  0.0000323  0.0000060    0.000080    0.000052
2000   4   7  51641   0.077303   0.346493   0.2694108   0.0011550   0.000137  -0.000009   0.000042   0.000087  0.0000736  0.0000048    0.000080    0.000052
2000   4   8  51642   0.077631   0.345916   0.2683445   0.0009852   0.000191  -0.000026   0.000046   0.000077  0.0000727  0.0000058    0.000080    0.000052
2000   4   9  51643   0.077781   0.345365   0.2674071   0.0008551   0.000209  -0.000060   0.000036   0.000068  0.0000730  0.0000056    0.000087    0.000053
2000   4  10  51644   0.078103   0.344526   0.2665690   0.0007799   0.000195  -0.000103   0.000031   0.000063  0.0000834  0.0000055    0.000087    0.000053
2000   4  11  51645   0.079090   0.343798   0.2657765   0.0007902   0.000154  -0.000148   0.000035   0.000063  0.0000529  0.0000051    0.000087    0.000053
2000   4  12  51646   0.080344   0.343588   0.2649543   0.0008826   0.000097  -0.000186   0.000036   0.000061  0.0000303  0.0000042    0.000087    0.000053
2000   4  13  51647   0.081460   0.343619   0.2640219   0.0010173   0.000037  -0.000212   0.000032   0.000061  0.0000377  0.0000041    0.000087    0.000053
2000   4  14  51648   0.082012   0.343839   0.2629367   0.0011786  -0.000020  -0.000221   0.000044   0.000074  0.0000724  0.0000041    0.000087    0.000053
2000   4  15  51649   0.082073   0.344189   0.2617015   0.0013290  -0.000063  -0.000209   0.000081   0.000099  0.0000790  0.0000041    0.000087    0.000053
2000   4  16  51650   0.082099   0.344427   0.2603363   0.0014445  -0.000087  -0.000176   0.000092   0.000076  0.0000620  0.0000041    0.000032    0.000019
2000   4  17  51651   0.082266   0.344450   0.2588635   0.0014826  -0.000087  -0.000123   0.000070   0.000059  0.0000702  0.0000041    0.000032    0.000019
2000   4  18  51652   0.082441   0.344335   0.2573941   0.0014360  -0.000062  -0.000055   0.000039   0.000052  0.0000193  0.0000048    0.000032    0.000019
2000   4  19  51653   0.082324   0.344005   0.2560245   0.0013349  -0.000016   0.000025   0.000030   0.000051  0.0000095  0.0000046    0.000032    0.000019
2000   4  20  51654   0.082349   0.343360   0.2547806   0.0012186   0.000053   0.000125   0.000038   0.000053  0.0000125  0.0000037    0.000032    0.000019
2000   4  21  51655   0.082549   0.342721   0.2536525   0.0011023   0.000122   0.000217   0.000067   0.000053  0.0000376  0.0000046    0.000032    0.000019
2000   4  22  51656   0.082572   0.342014   0.2526255   0.0009679   0.000172   0.000280   0.000057   0.000059  0.0001283  0.0000084    0.000034    0.000020
2000   4  23  51657   0.082828   0.341179   0.2517046   0.0008309   0.000188   0.000301   0.000058   0.000063  0.0000405  0.0000091    0.000076    0.000061
2000   4  24  51658   0.083391   0.340427   0.2509058   0.0007100   0.000160   0.000273   0.000086   0.000063  0.0000353  0.0000074    0.000076    0.000060
2000   4  25  51659   0.084130   0.339881   0.2502248   0.0006327   0.000090   0.000199   0.000092   0.000067  0.0000321  0.0000064    0.000077    0.000056
2000   4  26  51660   0.084992   0.339518   0.2496093   0.0006270  -0.000017   0.000089   0.000083   0.000066  0.0000264  0.0000064    0.000080    0.000047
2000   4  27  51661   0.085823   0.339177   0.2489880   0.0007076  -0.000125  -0.000008   0.000082   0.000064  0.0000349  0.0000068    0.000081    0.000044
2000   4  28  51662   0.086586   0.338906   0.2481722   0.0008613  -0.000211  -0.000067   0.000071   0.000062  0.0000930  0.0000073    0.000081    0.000044
2000   4  29  51663   0.087424   0.338616   0.2471692   0.0010611  -0.000262  -0.000081   0.000046   0.000066  0.0001220  0.0000073    0.000082    0.000044
2000   4  30  51664   0.088365   0.338160   0.2460562   0.0012625  -0.000269  -0.000050   0.000034   0.000079  0.0001021  0.0000058    0.000103    0.000058
2000   5   1  51665   0.089078   0.337675   0.2447099   0.0014077  -0.000232   0.000017   0.000037   0.000071  0.0000914  0.0000030    0.000104    0.000059
2000   5   2  51666   0.089633   0.337343   0.2432373   0.0014828  -0.000160   0.000100   0.000037   0.000055  0.0000466  0.0000023    0.000104    0.000059
2000   5   3  51667   0.090046   0.336959   0.2417462   0.0014933  -0.000070   0.000178   0.000030   0.000052  0.0000247  0.0000022    0.000104    0.000059
2000   5   4  51668   0.089914   0.336227   0.2402461   0.0014280   0.000035   0.000229   0.000035   0.000053  0.0000305  0.0000021    0.000104    0.000059
2000   5   5  51669   0.089497   0.335158   0.2388282   0.0012875   0.000120   0.000241   0.000037   0.000052  0.0000836  0.0000021    0.000104    0.000059
2000   5   6  51670   0.089094   0.334058   0.2376037   0.0011074   0.000165   0.000210   0.000033   0.000061  0.0001377  0.0000028    0.000097    0.000062
2000   5   7  51671   0.088504   0.333150   0.2365948   0.0009463   0.000164   0.000142   0.000039   0.000067  0.0000291  0.0000052    0.000070    0.000110
2000   5   8  51672   0.087914   0.332135   0.2357448   0.0008507   0.000122   0.000051   0.000031   0.000066  0.0000236  0.0000061    0.000070    0.000107
2000   5   9  51673   0.087552   0.331088   0.2349356   0.0008498   0.000050  -0.000042   0.000024   0.000060  0.0000217  0.0000060    0.000070    0.000088
2000   5  10  51674   0.087311   0.330365   0.2340521   0.0009416  -0.000062  -0.000129   0.000023   0.000050  0.0000176  0.0000057    0.000073    0.000065
2000   5  11  51675   0.087418   0.329978   0.2330236   0.0010673   0.000014  -0.000124   0.000022   0.000049  0.0000168  0.0000056    0.000092    0.000080
2000   5  12  51676   0.088077   0.329837   0.2319032   0.0011650   0.000129  -0.000055   0.000023   0.000059  0.0000231  0.0000060    0.000119    0.000126
2000   5  13  51677   0.088855   0.329799   0.2307104   0.0012315   0.000177   0.000032   0.000031   0.000069  0.0000707  0.0000064    0.000129    0.000152
2000   5  14  51678   0.089452   0.329912   0.2294385   0.0012691   0.000161   0.000102   0.000058   0.000054  0.0001094  0.0000050    0.000338    0.000562
2000   5  15  51679   0.090039   0.329893   0.2281412   0.0012394   0.000076   0.000123   0.000069   0.000043  0.0001329  0.0000029    0.000350    0.000471
2000   5  16  51680   0.090528   0.329413   0.2269405   0.0011472  -0.000064   0.000076   0.000068   0.000042  0.0000582  0.0000027    0.000237    0.000183
2000   5  17  51681   0.090878   0.328639   0.2258880   0.0010422  -0.000237  -0.000051   0.000069   0.000045  0.0000298  0.0000027    0.000140    0.000092
2000   5  18  51682   0.091396   0.327926   0.2249057   0.0009348  -0.000343  -0.000170   0.000069   0.000046  0.0000284  0.0000027    0.000123    0.000079
2000   5  19  51683   0.092236   0.327341   0.2240069   0.0008072  -0.000357  -0.000251   0.000062   0.000046  0.0000868  0.0000027    0.000121    0.000078
2000   5  20  51684   0.093304   0.326774   0.2232537   0.0006722  -0.000301  -0.000282   0.000040   0.000049  0.0001207  0.0000029    0.000058    0.000051
2000   5  21  51685   0.094112   0.326324   0.2226549   0.0005665  -0.000204  -0.000263   0.000029   0.000053  0.0000500  0.0000051    0.000023    0.000023
2000   5  22  51686   0.094532   0.325864   0.2221380   0.0005067  -0.000103  -0.000205   0.000025   0.000049  0.0000077  0.0000059    0.000023    0.000023
2000   5  23  51687   0.094650   0.324981   0.2216374   0.0004976  -0.000035  -0.000128   0.000023   0.000042  0.0000065  0.0000057    0.000025    0.000025
2000   5  24  51688   0.094787   0.323702   0.2211145   0.0005286  -0.000035  -0.000058   0.000029   0.000043  0.0000098  0.0000050    0.000037    0.000033
2000   5  25  51689   0.095298   0.322611   0.2205398   0.0005721  -0.000051  -0.000017   0.000054   0.000058  0.0000228  0.0000030    0.000063    0.000043
2000   5  26  51690   0.096113   0.321773   0.2199650   0.0006308  -0.000068  -0.000016   0.000059   0.000068  0.0000797  0.0000024    0.000074    0.000046
2000   5  27  51691   0.097262   0.321045   0.2193267   0.0007349  -0.000076  -0.000046   0.000041   0.000063  0.0001419  0.0000030    0.000075    0.000046
2000   5  28  51692   0.098809   0.320346   0.2184918   0.0008553  -0.000063  -0.000095   0.000031   0.000067  0.0001193  0.0000048    0.000102    0.000075
2000   5  29  51693   0.100674   0.319624   0.2176127   0.0009375  -0.000024  -0.000142   0.000035   0.000077  0.0000851  0.0000030    0.000103    0.000077
2000   5  30  51694   0.102305   0.318960   0.2167448   0.0009606   0.000036  -0.000169   0.000035   0.000070  0.0000667  0.0000029    0.000103    0.000077
2000   5  31  51695   0.103650   0.318305   0.2158197   0.0009239   0.000109  -0.000166   0.000030   0.000057  0.0000466  0.0000044    0.000103    0.000077
2000   6   1  51696   0.104988   0.317641   0.2149159   0.0008100   0.000165  -0.000105   0.000037   0.000057  0.0000497  0.0000030    0.000103    0.000077
2000   6   2  51697   0.106307   0.316766   0.2141814   0.0006242   0.000200  -0.000019   0.000035   0.000058  0.0001072  0.0000024    0.000103    0.000077
2000   6   3  51698   0.107560   0.315781   0.2135637   0.0004831   0.000209   0.000062   0.000031   0.000059  0.0001390  0.0000026    0.000103    0.000077
2000   6   4  51699   0.108648   0.314817   0.2130633   0.0004394   0.000187   0.000115   0.000040   0.000056  0.0001294  0.0000037    0.000078    0.000049
2000   6   5  51700   0.109769   0.313820   0.2125949   0.0004486   0.000138   0.000126   0.000066   0.000050  0.0001524  0.0000105    0.000077    0.000048
2000   6   6  51701   0.110860   0.312883   0.2121444   0.0005185   0.000070   0.000094   0.000059   0.000057  0.0000732  0.0000277    0.000077    0.000048
2000   6   7  51702   0.111765   0.312045   0.2115907   0.0006608  -0.000005   0.000026   0.000033   0.000066  0.0000400  0.0000175    0.000078    0.000049
2000   6   8  51703   0.112357   0.311325   0.2108370   0.0008261  -0.000073  -0.000070   0.000031   0.000054  0.0000398  0.0000176    0.000095    0.000062
2000   6   9  51704   0.112410   0.310472   0.2099405   0.0009149  -0.000130  -0.000152   0.000031   0.000050  0.0000743  0.0000297    0.000181    0.000213
2000   6  10  51705   0.112355   0.309228   0.2089940   0.0008999  -0.000175  -0.000181   0.000029   0.000056  0.0000989  0.0000329    0.000204    0.000514
2000   6  11  51706   0.112601   0.307687   0.2081171   0.0008298  -0.000204  -0.000164   0.000031   0.000076  0.0001353  0.0000191    0.000204    0.000530
2000   6  12  51707   0.113074   0.306286   0.2073128   0.0007372  -0.000214  -0.000118   0.000029   0.000068  0.0001190  0.0000189    0.000088    0.000064
2000   6  13  51708   0.113384   0.305100   0.2066772   0.0005882  -0.000207  -0.000063   0.000028   0.000054  0.0000960  0.0000328    0.000088    0.000064
2000   6  14  51709   0.113572   0.303869   0.2062441   0.0003677  -0.000185  -0.000018   0.000028   0.000053  0.0000646  0.0000382    0.000088    0.000064
2000   6  15  51710   0.113609   0.302710   0.2060436   0.0001293  -0.000144  -0.000015   0.000029   0.000052  0.0000544  0.0000295    0.000088    0.000064
2000   6  16  51711   0.113078   0.301555   0.2060498  -0.0000615  -0.000097  -0.000040   0.000030   0.000053  0.0001312  0.0000254    0.000088    0.000064
2000   6  17  51712   0.112145   0.300442   0.2061071  -0.0001591  -0.000058  -0.000071   0.000033   0.000056  0.0001816  0.0000212    0.000090    0.000068
2000   6  18  51713   0.110977   0.299362   0.2061954  -0.0001937  -0.000033  -0.000094   0.000041   0.000058  0.0001645  0.0000174    0.000113    0.000224
2000   6  19  51714   0.109777   0.297902   0.2063952  -0.0001833  -0.000028  -0.000093   0.000034   0.000054  0.0000504  0.0000180    0.000112    0.000200
2000   6  20  51715   0.108788   0.296239   0.2065964  -0.0001378  -0.000041  -0.000065   0.000028   0.000052  0.0000402  0.0000145    0.000105    0.000119
2000   6  21  51716   0.108112   0.294538   0.2067037  -0.0000597  -0.000073  -0.000009   0.000029   0.000053  0.0000303  0.0000120    0.000090    0.000067
2000   6  22  51717   0.107715   0.292765   0.2066824   0.0000496  -0.000102   0.000066   0.000038   0.000067  0.0000328  0.0000127    0.000084    0.000058
2000   6  23  51718   0.107610   0.290946   0.2065537   0.0001503  -0.000117   0.000144   0.000060   0.000074  0.0000831  0.0000167    0.000083    0.000057
2000   6  24  51719   0.107847   0.289334   0.2063983   0.0002335  -0.000117   0.000201   0.000043   0.000060  0.0000895  0.0000206    0.000083    0.000057
2000   6  25  51720   0.108176   0.288100   0.2061103   0.0003344  -0.000101   0.000222   0.000043   0.000056  0.0001008  0.0000152    0.000048    0.000030
2000   6  26  51721   0.108484   0.286849   0.2057179   0.0004207  -0.000069   0.000198   0.000060   0.000062  0.0001036  0.0000153    0.000047    0.000029
2000   6  27  51722   0.108931   0.285468   0.2052720   0.0004558  -0.000029   0.000132   0.000052   0.000058  0.0000299  0.0000136    0.000047    0.000029
2000   6  28  51723   0.109522   0.284194   0.2048403   0.0004441   0.000013   0.000034   0.000030   0.000050  0.0000149  0.0000113    0.000047    0.000029
2000   6  29  51724   0.110051   0.283105   0.2044767   0.0003476   0.000030  -0.000089   0.000025   0.000053  0.0000205  0.0000114    0.000047    0.000029
2000   6  30  51725   0.110214   0.281826   0.2042264   0.0001941   0.000031  -0.000205   0.000031   0.000055  0.0000677  0.0000115    0.000047    0.000029
2000   7   1  51726   0.110161   0.280158   0.2041083   0.0000681   0.000025  -0.000285   0.000039   0.000060  0.0001096  0.0000118    0.000047    0.000029
2000   7   2  51727   0.109991   0.278733   0.2040938   0.0000127   0.000013  -0.000316   0.000031   0.000060  0.0001073  0.0000123    0.000047    0.000029
2000   7   3  51728   0.109534   0.277611   0.2040898   0.0000638   0.000003  -0.000293   0.000028   0.000053  0.0001020  0.0000111    0.000107    0.000061
2000   7   4  51729   0.108972   0.276526   0.2039820   0.0002009  -0.000002  -0.000225   0.000028   0.000049  0.0000292  0.0000101    0.000105    0.000061
2000   7   5  51730   0.108228   0.275644   0.2036885   0.0003768   0.000003  -0.000126   0.000029   0.000047  0.0000274  0.0000103    0.000093    0.000055
2000   7   6  51731   0.107382   0.274871   0.2031986   0.0005572   0.000018  -0.000018   0.000035   0.000048  0.0000208  0.0000107    0.000059    0.000038
2000   7   7  51732   0.106997   0.274057   0.2025720   0.0006535   0.000045   0.000085   0.000031   0.000047  0.0000153  0.0000131    0.000035    0.000023
2000   7   8  51733   0.106865   0.273430   0.2019070   0.0006463   0.000058   0.000130   0.000028   0.000050  0.0000179  0.0000156    0.000029    0.000019
2000   7   9  51734   0.106383   0.272932   0.2012751   0.0005812   0.000048   0.000114   0.000031   0.000055  0.0000260  0.0000134    0.000029    0.000019
2000   7  10  51735   0.105460   0.272293   0.2007151   0.0004914   0.000012   0.000063   0.000036   0.000052  0.0000137  0.0000115    0.000049    0.000032
2000   7  11  51736   0.104426   0.271557   0.2002548   0.0003842  -0.000046   0.000011   0.000036   0.000052  0.0000142  0.0000109    0.000051    0.000033
2000   7  12  51737   0.103601   0.270597   0.1999118   0.0002669  -0.000141  -0.000009   0.000038   0.000051  0.0000174  0.0000105    0.000061    0.000042
2000   7  13  51738   0.102885   0.269445   0.1997111   0.0001423  -0.000061  -0.000021   0.000061   0.000050  0.0000189  0.0000103    0.000081    0.000051
2000   7  14  51739   0.102130   0.268359   0.1996091   0.0000418   0.000065  -0.000029   0.000064   0.000052  0.0000233  0.0000112    0.000093    0.000051
2000   7  15  51740   0.101172   0.267253   0.1996064  -0.0000768   0.000132  -0.000032   0.000045   0.000057  0.0000424  0.0000130    0.000096    0.000050
2000   7  16  51741   0.100119   0.266046   0.1997260  -0.0001760   0.000152  -0.000032   0.000045   0.000057  0.0000688  0.0000135    0.000093    0.000049
2000   7  17  51742   0.099248   0.265034   0.1999314  -0.0001845   0.000128  -0.000032   0.000067   0.000052  0.0000704  0.0000145    0.000061    0.000032
2000   7  18  51743   0.098269   0.264129   0.2001495  -0.0001850   0.000074  -0.000028   0.000065   0.000053  0.0000404  0.0000138    0.000061    0.000032
2000   7  19  51744   0.097090   0.263083   0.2003209  -0.0001686   0.000006  -0.000023   0.000038   0.000055  0.0000220  0.0000116    0.000061    0.000032
2000   7  20  51745   0.096023   0.261793   0.2004336  -0.0001098  -0.000020  -0.000005   0.000030   0.000056  0.0000252  0.0000139    0.000061    0.000032
2000   7  21  51746   0.094876   0.260416   0.2005159  -0.0000597  -0.000022   0.000016   0.000038   0.000065  0.0000436  0.0000144    0.000061    0.000032
2000   7  22  51747   0.093416   0.259282   0.2005735  -0.0000208  -0.000014   0.000028   0.000044   0.000074  0.0000405  0.0000138    0.000063    0.000034
2000   7  23  51748   0.092057   0.258297   0.2005623   0.0000448  -0.000003   0.000028   0.000034   0.000064  0.0000368  0.0000149    0.000090    0.000113
2000   7  24  51749   0.091220   0.257249   0.2004825   0.0001163   0.000005   0.000007   0.000039   0.000056  0.0000212  0.0000123    0.000090    0.000107
2000   7  25  51750   0.090787   0.256382   0.2003736   0.0001188   0.000002  -0.000036   0.000064   0.000053  0.0000207  0.0000111    0.000093    0.000078
2000   7  26  51751   0.090458   0.255828   0.2002908   0.0000698  -0.000017  -0.000102   0.000062   0.000052  0.0000218  0.0000107    0.000104    0.000049
2000   7  27  51752   0.090276   0.255375   0.2002789  -0.0000064  -0.000048  -0.000176   0.000037   0.000055  0.0000305  0.0000110    0.000112    0.000043
2000   7  28  51753   0.089847   0.254862   0.2003565  -0.0001051  -0.000089  -0.000246   0.000037   0.000059  0.0000655  0.0000123    0.000113    0.000042
2000   7  29  51754   0.089084   0.254178   0.2004793  -0.0001399  -0.000127  -0.000298   0.000043   0.000061  0.0000895  0.0000136    0.000113    0.000042
2000   7  30  51755   0.088350   0.253402   0.2006289  -0.0001315  -0.000154  -0.000323   0.000034   0.000061  0.0000666  0.0000127    0.000100    0.000069
2000   7  31  51756   0.087578   0.252656   0.2007288  -0.0000374  -0.000159  -0.000310   0.000039   0.000056  0.0000326  0.0000108    0.000100    0.000071
2000   8   1  51757   0.086857   0.252002   0.2006982   0.0001271  -0.000139  -0.000257   0.000058   0.000053  0.0000311  0.0000123    0.000100    0.000071
2000   8   2  51758   0.086275   0.251416   0.2004887   0.0002620  -0.000095  -0.000170   0.000039   0.000052  0.0000310  0.0000134    0.000100    0.000071
2000   8   3  51759   0.085812   0.250971   0.2001001   0.0003870  -0.000027  -0.000044   0.000037   0.000054  0.0000400  0.0000114    0.000100    0.000071
2000   8   4  51760   0.085299   0.250553   0.1997227   0.0004231   0.000047   0.000085   0.000036   0.000055  0.0000462  0.0000107    0.000100    0.000071
2000   8   5  51761   0.084569   0.249966   0.1993430   0.0003420   0.000109   0.000186   0.000032   0.000057  0.0000480  0.0000117    0.000111    0.000078
2000   8   6  51762   0.083850   0.249324   0.1990252   0.0002443   0.000146   0.000239   0.000041   0.000060  0.0000499  0.0000134    0.000515    0.000287
2000   8   7  51763   0.083182   0.248817   0.1988251   0.0001356   0.000150   0.000233   0.000039   0.000056  0.0000521  0.0000161    0.000367    0.000223
2000   8   8  51764   0.082248   0.248426   0.1987820  -0.0000173   0.000119   0.000169   0.000040   0.000053  0.0000316  0.0000216    0.000150    0.000100
2000   8   9  51765   0.081181   0.248049   0.1988923  -0.0001560   0.000061   0.000058   0.000060   0.000053  0.0000175  0.0000151    0.000076    0.000051
2000   8  10  51766   0.079945   0.247797   0.1990941  -0.0002207  -0.000018  -0.000044   0.000041   0.000055  0.0000213  0.0000119    0.000066    0.000044
2000   8  11  51767   0.078303   0.247449   0.1993408  -0.0002280  -0.000098  -0.000111   0.000040   0.000059  0.0000539  0.0000118    0.000064    0.000044
2000   8  12  51768   0.076580   0.246679   0.1995902  -0.0002161  -0.000160  -0.000137   0.000061   0.000063  0.0000790  0.0000135    0.000067    0.000045
2000   8  13  51769   0.075002   0.245873   0.1997971  -0.0001797  -0.000189  -0.000120   0.000044   0.000067  0.0000706  0.0000141    0.000113    0.000063
2000   8  14  51770   0.073587   0.245333   0.1999403  -0.0000947  -0.000177  -0.000072   0.000036   0.000072  0.0000350  0.0000127    0.000113    0.000063
2000   8  15  51771   0.072597   0.244842   0.1999930   0.0000192  -0.000122  -0.000009   0.000042   0.000082  0.0000352  0.0000122    0.000111    0.000065
2000   8  16  51772   0.071996   0.244415   0.1999159   0.0001699  -0.000031   0.000042   0.000040   0.000075  0.0000377  0.0000124    0.000106    0.000070
2000   8  17  51773   0.071307   0.244329   0.1996541   0.0003437   0.000053   0.000123   0.000040   0.000063  0.0000497  0.0000120    0.000118    0.000085
2000   8  18  51774   0.070312   0.244417   0.1992216   0.0005023   0.000114   0.000211   0.000044   0.000060  0.0000639  0.0000119    0.000256    0.000250
2000   8  19  51775   0.069020   0.244462   0.1986660   0.0006075   0.000159   0.000241   0.000047   0.000065  0.0000481  0.0000130    0.000297    0.000359
2000   8  20  51776   0.067474   0.244289   0.1980333   0.0006596   0.000176   0.000214   0.000064   0.000065  0.0000367  0.0000133    0.000125    0.000073
2000   8  21  51777   0.065799   0.244044   0.1973566   0.0006757   0.000154   0.000152   0.000036   0.000059  0.0000114  0.0000148    0.000050    0.000027
2000   8  22  51778   0.063890   0.243866   0.1966793   0.0006402   0.000089   0.000078   0.000027   0.000057  0.0000119  0.0000154    0.000052    0.000029
2000   8  23  51779   0.062048   0.243595   0.1960587   0.0005773  -0.000033   0.000012   0.000027   0.000056  0.0000141  0.0000160    0.000058    0.000034
2000   8  24  51780   0.060482   0.243281   0.1954925   0.0005010  -0.000056   0.000010   0.000030   0.000056  0.0000139  0.0000171    0.000059    0.000037
2000   8  25  51781   0.059028   0.243016   0.1951747   0.0004275  -0.000104   0.000033   0.000034   0.000058  0.0000189  0.0000140    0.000056    0.000036
2000   8  26  51782   0.057417   0.242965   0.1946846   0.0003928  -0.000240   0.000054   0.000038   0.000061  0.0000403  0.0000164    0.000056    0.000036
2000   8  27  51783   0.055544   0.242937   0.1942021   0.0004581  -0.000394   0.000088   0.000039   0.000061  0.0000538  0.0000180    0.000056    0.000037
2000   8  28  51784   0.053744   0.242727   0.1936668   0.0006021  -0.000509   0.000138   0.000042   0.000061  0.0000722  0.0000175    0.000086    0.000088
2000   8  29  51785   0.052228   0.242409   0.1929791   0.0007681  -0.000536   0.000204   0.000038   0.000070  0.0000427  0.0000204    0.000086    0.000088
2000   8  30  51786   0.051008   0.242050   0.1920941   0.0008994  -0.000446   0.000283   0.000032   0.000073  0.0000250  0.0000160    0.000091    0.000094
2000   8  31  51787   0.049979   0.241899   0.1911809   0.0009333  -0.000209   0.000379   0.000034   0.000063  0.0000364  0.0000133    0.000119    0.000124
2000   9   1  51788   0.048952   0.242044   0.1901889   0.0008959  -0.000020   0.000414   0.000035   0.000061  0.0000818  0.0000129    0.000165    0.000180
2000   9   2  51789   0.047815   0.242112   0.1892889   0.0007761   0.000043   0.000370   0.000038   0.000066  0.0000971  0.0000165    0.000183    0.000202
2000   9   3  51790   0.046588   0.242138   0.1885640   0.0006123   0.000017   0.000287   0.000041   0.000069  0.0000918  0.0000191    0.000302    0.000172
2000   9   4  51791   0.045111   0.242264   0.1880218   0.0004455  -0.000058   0.000208   0.000045   0.000063  0.0000827  0.0000152    0.000308    0.000168
2000   9   5  51792   0.043316   0.242337   0.1876408   0.0002995  -0.000127   0.000174   0.000040   0.000065  0.0000520  0.0000177    0.000261    0.000149
2000   9   6  51793   0.041214   0.242298   0.1873948   0.0001579  -0.000122   0.000218   0.000034   0.000084  0.0000336  0.0000179    0.000185    0.000113
2000   9   7  51794   0.038927   0.242133   0.1873073   0.0000132  -0.000102   0.000308   0.000034   0.000091  0.0000408  0.0000151    0.000167    0.000104
2000   9   8  51795   0.036634   0.241837   0.1873163  -0.0000606  -0.000066   0.000417   0.000034   0.000078  0.0000576  0.0000155    0.000165    0.000103
2000   9   9  51796   0.034178   0.241356   0.1874085  -0.0000542  -0.000013   0.000510   0.000037   0.000071  0.0000602  0.0000167    0.000165    0.000103
2000   9  10  51797   0.031791   0.240762   0.1874498   0.0000014   0.000047   0.000552   0.000041   0.000063  0.0000617  0.0000168    0.000107    0.000063
2000   9  11  51798   0.029838   0.240308   0.1874069   0.0000948   0.000105   0.000521   0.000037   0.000059  0.0000676  0.0000150    0.000106    0.000063
2000   9  12  51799   0.027830   0.239986   0.1872817   0.0002038   0.000149   0.000410   0.000036   0.000056  0.0000361  0.0000140    0.000107    0.000063
2000   9  13  51800   0.025170   0.239816   0.1870528   0.0003539   0.000172   0.000237   0.000045   0.000054  0.0000215  0.0000138    0.000107    0.000063
2000   9  14  51801   0.022138   0.239908   0.1866407   0.0005355   0.000176   0.000002   0.000065   0.000057  0.0000236  0.0000137    0.000108    0.000065
2000   9  15  51802   0.019211   0.240090   0.1860674   0.0006949   0.000157  -0.000191   0.000047   0.000061  0.0000252  0.0000138    0.000111    0.000069
2000   9  16  51803   0.016893   0.240108   0.1853330   0.0007733   0.000094  -0.000202   0.000048   0.000063  0.0000323  0.0000144    0.000111    0.000069
2000   9  17  51804   0.015181   0.240169   0.1845883   0.0007703   0.000027  -0.000106   0.000071   0.000061  0.0000368  0.0000144    0.000088    0.000053
2000   9  18  51805   0.013670   0.240687   0.1839184   0.0006699  -0.000010   0.000022   0.000063   0.000059  0.0000115  0.0000116    0.000058    0.000034
2000   9  19  51806   0.012267   0.241433   0.1833579   0.0005372   0.000003   0.000105   0.000037   0.000055  0.0000121  0.0000108    0.000058    0.000034
2000   9  20  51807   0.010678   0.242353   0.1828938   0.0004452   0.000094   0.000066   0.000029   0.000055  0.0000156  0.0000133    0.000060    0.000037
2000   9  21  51808   0.008802   0.243280   0.1824948   0.0003766   0.000134  -0.000045   0.000029   0.000070  0.0000180  0.0000126    0.000063    0.000042
2000   9  22  51809   0.006927   0.243810   0.1821536   0.0004023   0.000127  -0.000140   0.000038   0.000072  0.0000248  0.0000109    0.000064    0.000045
2000   9  23  51810   0.005390   0.243776   0.1816992   0.0004571   0.000104  -0.000175   0.000055   0.000060  0.0000549  0.0000115    0.000064    0.000046
2000   9  24  51811   0.004185   0.243604   0.1812007   0.0005545   0.000075  -0.000159   0.000034   0.000054  0.0000751  0.0000113    0.000099    0.000057
2000   9  25  51812   0.002956   0.243638   0.1806107   0.0007244   0.000058  -0.000104   0.000032   0.000049  0.0000240  0.0000096    0.000103    0.000058
2000   9  26  51813   0.001728   0.243790   0.1798536   0.0009099   0.000064  -0.000032   0.000032   0.000046  0.0000230  0.0000088    0.000093    0.000054
2000   9  27  51814   0.000650   0.244176   0.1788891   0.0010595   0.000111   0.000026   0.000033   0.000047  0.0000236  0.0000105    0.000076    0.000046
2000   9  28  51815  -0.000595   0.244812   0.1777402   0.0011202   0.000103   0.000095   0.000032   0.000047  0.0000348  0.0000106    0.000068    0.000043
2000   9  29  51816  -0.002324   0.245734   0.1766162   0.0010853   0.000025   0.000171   0.000032   0.000048  0.0000899  0.0000089    0.000067    0.000042
2000   9  30  51817  -0.004254   0.246610   0.1756105   0.0009637  -0.000076   0.000232   0.000035   0.000053  0.0001148  0.0000104    0.000068    0.000043
2000  10   1  51818  -0.005811   0.247220   0.1746946   0.0008034  -0.000153   0.000264   0.000027   0.000054  0.0000998  0.0000121    0.000105    0.000072
2000  10   2  51819  -0.007274   0.247875   0.1739270   0.0006357  -0.000166   0.000261   0.000025   0.000052  0.0000446  0.0000112    0.000103    0.000070
2000  10   3  51820  -0.009184   0.248557   0.1733759   0.0004332  -0.000088   0.000228   0.000032   0.000048  0.0000381  0.0000106    0.000095    0.000060
2000  10   4  51821  -0.011249   0.249087   0.1730517   0.0002578   0.000098   0.000166   0.000049   0.000046  0.0000321  0.0000106    0.000079    0.000044
2000  10   5  51822  -0.013052   0.249599   0.1728211   0.0001888   0.000264   0.000147   0.000033   0.000055  0.0000436  0.0000110    0.000072    0.000039
2000  10   6  51823  -0.014650   0.250154   0.1725809   0.0002427   0.000361   0.000185   0.000033   0.000056  0.0001029  0.0000106    0.000071    0.000038
2000  10   7  51824  -0.016118   0.250574   0.1722996   0.0003433   0.000385   0.000253   0.000055   0.000051  0.0001466  0.0000113    0.000076    0.000041
2000  10   8  51825  -0.017582   0.250769   0.1718767   0.0004852   0.000345   0.000318   0.000067   0.000051  0.0001465  0.0000110    0.000874    0.000260
2000  10   9  51826  -0.019112   0.251169   0.1712830   0.0006636   0.000264   0.000346   0.000065   0.000043  0.0000976  0.0000093    0.000493    0.000216
2000  10  10  51827  -0.020555   0.252064   0.1705166   0.0008442   0.000174   0.000311   0.000063   0.000046  0.0000414  0.0000089    0.000186    0.000112
2000  10  11  51828  -0.021834   0.253358   0.1695860   0.0010384   0.000103   0.000199   0.000063   0.000043  0.0000222  0.0000112    0.000090    0.000061
2000  10  12  51829  -0.022961   0.254943   0.1684601   0.0011784   0.000131   0.000049   0.000060   0.000040  0.0000256  0.0000184    0.000072    0.000057
2000  10  13  51830  -0.024366   0.256627   0.1672810   0.0012731   0.000145  -0.000113   0.000056   0.000046  0.0000450  0.0000200    0.000068    0.000061
2000  10  14  51831  -0.026260   0.258136   0.1658617   0.0013249   0.000095  -0.000252   0.000036   0.000049  0.0001212  0.0000144    0.000067    0.000061
2000  10  15  51832  -0.028334   0.259389   0.1644905   0.0013085   0.000031  -0.000322   0.000026   0.000045  0.0000990  0.0000104    0.000076    0.000062
2000  10  16  51833  -0.030402   0.260452   0.1632709   0.0012009  -0.000017  -0.000301   0.000031   0.000039  0.0000201  0.0000089    0.000076    0.000061
2000  10  17  51834  -0.032264   0.261283   0.1621938   0.0010641  -0.000014  -0.000186   0.000052   0.000037  0.0000188  0.0000087    0.000072    0.000056
2000  10  18  51835  -0.033982   0.262082   0.1611809   0.0009728   0.000102   0.000034   0.000048   0.000038  0.0000153  0.0000105    0.000063    0.000047
2000  10  19  51836  -0.035730   0.262907   0.1602164   0.0009003   0.000019   0.000125   0.000026   0.000037  0.0000131  0.0000115    0.000070    0.000047
2000  10  20  51837  -0.037466   0.263741   0.1593090   0.0008981  -0.000080   0.000146   0.000020   0.000037  0.0000182  0.0000122    0.000080    0.000050
2000  10  21  51838  -0.039157   0.264614   0.1584418   0.0010037  -0.000082   0.000155   0.000024   0.000042  0.0000478  0.0000151    0.000082    0.000051
2000  10  22  51839  -0.040676   0.265612   0.1573795   0.0011683  -0.000040   0.000146   0.000029   0.000051  0.0000247  0.0000161    0.000022    0.000013
2000  10  23  51840  -0.042135   0.266994   0.1560721   0.0013435   0.000013   0.000130   0.000027   0.000050  0.0000057  0.0000189    0.000022    0.000013
2000  10  24  51841  -0.043411   0.268600   0.1545889   0.0014901   0.000040   0.000121   0.000028   0.000044  0.0000063  0.0000132    0.000023    0.000014
2000  10  25  51842  -0.044425   0.270164   0.1530467   0.0015641   0.000001   0.000125   0.000026   0.000046  0.0000115  0.0000131    0.000035    0.000021
2000  10  26  51843  -0.045611   0.271861   0.1514665   0.0015672  -0.000005   0.000120   0.000024   0.000054  0.0000382  0.0000198    0.000062    0.000039
2000  10  27  51844  -0.047071   0.273691   0.1499044   0.0015168   0.000035   0.000102   0.000025   0.000056  0.0001431  0.0000225    0.000073    0.000049
2000  10  28  51845  -0.048422   0.275192   0.1484282   0.0013991   0.000093   0.000080   0.000028   0.000058  0.0001961  0.0000171    0.000070    0.000050
2000  10  29  51846  -0.049342   0.276572   0.1471026   0.0012541   0.000146   0.000064   0.000031   0.000054  0.0000555  0.0000124    0.000041    0.000042
2000  10  30  51847  -0.050115   0.278461   0.1459481   0.0011120   0.000172   0.000056   0.000035   0.000050  0.0000100  0.0000105    0.000041    0.000042
2000  10  31  51848  -0.051225   0.280772   0.1449397   0.0009902   0.000152   0.000064   0.000029   0.000050  0.0000104  0.0000100    0.000044    0.000042
2000  11   1  51849  -0.052534   0.282808   0.1440361   0.0008678   0.000053   0.000103   0.000024   0.000052  0.0000131  0.0000100    0.000056    0.000043
2000  11   2  51850  -0.053841   0.284452   0.1432218   0.0008097   0.000036   0.000072   0.000023   0.000048  0.0000154  0.0000102    0.000079    0.000052
2000  11   3  51851  -0.055337   0.286189   0.1424225   0.0008570   0.000159  -0.000040   0.000023   0.000047  0.0000145  0.0000106    0.000096    0.000063
2000  11   4  51852  -0.056589   0.287877   0.1415729   0.0009147   0.000244  -0.000110   0.000026   0.000050  0.0000169  0.0000125    0.000105    0.000066
2000  11   5  51853  -0.057744   0.289446   0.1406622   0.0009550   0.000196  -0.000086   0.000029   0.000054  0.0000222  0.0000163    0.000107    0.000066
2000  11   6  51854  -0.059307   0.291325   0.1396834   0.0010107   0.000071  -0.000007   0.000027   0.000053  0.0000561  0.0000128    0.000212    0.000144
2000  11   7  51855  -0.060802   0.293599   0.1386243   0.0011087  -0.000081   0.000089   0.000032   0.000048  0.0000484  0.0000123    0.000253    0.000184
2000  11   8  51856  -0.062237   0.295889   0.1374568   0.0012084  -0.000206   0.000165   0.000051   0.000048  0.0000330  0.0000122    0.000253    0.000184
2000  11   9  51857  -0.063750   0.297935   0.1361365   0.0012800  -0.000131   0.000096   0.000032   0.000055  0.0000306  0.0000105    0.000253    0.000184
2000  11  10  51858  -0.065150   0.299605   0.1347112   0.0013401   0.000046  -0.000043   0.000025   0.000059  0.0000305  0.0000108    0.000253    0.000184
2000  11  11  51859  -0.066094   0.300795   0.1333061   0.0013331   0.000230  -0.000177   0.000027   0.000060  0.0001454  0.0000120    0.000185    0.000116
2000  11  12  51860  -0.066315   0.301890   0.1320631   0.0011762   0.000359  -0.000260   0.000027   0.000066  0.0001325  0.0000111    0.000089    0.000051
2000  11  13  51861  -0.066475   0.303528   0.1310849   0.0009214   0.000385  -0.000258   0.000024   0.000060  0.0000540  0.0000091    0.000089    0.000051
2000  11  14  51862  -0.067410   0.305518   0.1303742   0.0007315   0.000281  -0.000158   0.000024   0.000050  0.0000309  0.0000086    0.000085    0.000051
2000  11  15  51863  -0.069165   0.307293   0.1296975   0.0006387   0.000045   0.000034   0.000025   0.000049  0.0000288  0.0000101    0.000074    0.000050
2000  11  16  51864  -0.071217   0.308713   0.1290623   0.0006002  -0.000187   0.000208   0.000032   0.000049  0.0000358  0.0000104    0.000070    0.000049
2000  11  17  51865  -0.073131   0.310065   0.1284555   0.0006398  -0.000349   0.000315   0.000056   0.000048  0.0000599  0.0000094    0.000070    0.000049
2000  11  18  51866  -0.074761   0.311726   0.1277761   0.0007412  -0.000418   0.000339   0.000043   0.000054  0.0000698  0.0000114    0.000070    0.000049
2000  11  19  51867  -0.075740   0.313623   0.1269366   0.0008889  -0.000386   0.000283   0.000031   0.000076  0.0000690  0.0000126    0.000064    0.000037
2000  11  20  51868  -0.075943   0.315800   0.1259476   0.0010496  -0.000269   0.000171   0.000029   0.000074  0.0000698  0.0000111    0.000064    0.000037
2000  11  21  51869  -0.075829   0.318206   0.1248630   0.0011416  -0.000101   0.000040   0.000037   0.000060  0.0000489  0.0000107    0.000064    0.000037
2000  11  22  51870  -0.075862   0.320482   0.1237147   0.0011907   0.000077  -0.000069   0.000039   0.000058  0.0000326  0.0000111    0.000064    0.000037
2000  11  23  51871  -0.076154   0.322502   0.1224878   0.0011700   0.000179  -0.000066   0.000041   0.000057  0.0000367  0.0000110    0.000064    0.000037
2000  11  24  51872  -0.076583   0.324323   0.1213232   0.0010216   0.000226   0.000005   0.000065   0.000055  0.0000446  0.0000113    0.000064    0.000037
2000  11  25  51873  -0.077075   0.326062   0.1203371   0.0008572   0.000238   0.000103   0.000044   0.000058  0.0000506  0.0000130    0.000064    0.000037
2000  11  26  51874  -0.077707   0.327924   0.1195786   0.0006971   0.000228   0.000194   0.000032   0.000061  0.0000181  0.0000166    0.000062    0.000034
2000  11  27  51875  -0.078501   0.329897   0.1190085   0.0005474   0.000213   0.000246   0.000027   0.000059  0.0000181  0.0000145    0.000062    0.000034
2000  11  28  51876  -0.079096   0.331726   0.1185310   0.0004849   0.000206   0.000236   0.000027   0.000055  0.0000188  0.0000140    0.000064    0.000035
2000  11  29  51877  -0.079313   0.333541   0.1180520   0.0005167   0.000217   0.000155   0.000029   0.000055  0.0000230  0.0000126    0.000068    0.000039
2000  11  30  51878  -0.079558   0.335381   0.1175263   0.0005769   0.000235   0.000060   0.000037   0.000056  0.0000358  0.0000101    0.000072    0.000042
2000  12   1  51879  -0.080098   0.337195   0.1169250   0.0006153   0.000248  -0.000017   0.000038   0.000056  0.0000680  0.0000102    0.000073    0.000043
2000  12   2  51880  -0.080685   0.338920   0.1162854   0.0007258   0.000251  -0.000065   0.000035   0.000061  0.0000776  0.0000119    0.000045    0.000031
2000  12   3  51881  -0.080931   0.340562   0.1154846   0.0008871   0.000237  -0.000082   0.000036   0.000061  0.0000197  0.0000135    0.000019    0.000015
2000  12   4  51882  -0.081026   0.342255   0.1145124   0.0010213   0.000208  -0.000070   0.000030   0.000055  0.0000046  0.0000126    0.000019    0.000015
2000  12   5  51883  -0.081339   0.343986   0.1134085   0.0011283   0.000171  -0.000042   0.000026   0.000048  0.0000050  0.0000142    0.000021    0.000017
2000  12   6  51884  -0.081853   0.345611   0.1122186   0.0012348   0.000126  -0.000013   0.000032   0.000049  0.0000089  0.0000143    0.000031    0.000024
2000  12   7  51885  -0.082340   0.347325   0.1109588   0.0013303   0.000142  -0.000001   0.000053   0.000052  0.0000242  0.0000147    0.000068    0.000044
2000  12   8  51886  -0.082834   0.349261   0.1095882   0.0013141   0.000209  -0.000009   0.000038   0.000054  0.0000775  0.0000209    0.000210    0.000156
2000  12   9  51887  -0.083380   0.351162   0.1083485   0.0012144   0.000263  -0.000011   0.000034   0.000066  0.0001132  0.0000178    0.000288    0.000307
2000  12  10  51888  -0.083720   0.352778   0.1071975   0.0010910   0.000305  -0.000009   0.000035   0.000064  0.0000767  0.0000169    0.000152    0.000097
2000  12  11  51889  -0.083837   0.354230   0.1061712   0.0009134   0.000320   0.000000   0.000032   0.000062  0.0000177  0.0000152    0.000088    0.000052
2000  12  12  51890  -0.083611   0.355672   0.1053029   0.0007463   0.000304   0.000022   0.000030   0.000075  0.0000176  0.0000148    0.000084    0.000051
2000  12  13  51891  -0.082712   0.357330   0.1045863   0.0006564   0.000245   0.000066   0.000030   0.000074  0.0000165  0.0000132    0.000069    0.000047
2000  12  14  51892  -0.081437   0.359350   0.1039452   0.0006624   0.000232   0.000062   0.000037   0.000058  0.0000135  0.0000109    0.000054    0.000043
2000  12  15  51893  -0.080231   0.361496   0.1032261   0.0007346   0.000206   0.000085   0.000037   0.000055  0.0000182  0.0000109    0.000049    0.000042
2000  12  16  51894  -0.079119   0.363633   0.1024612   0.0008170   0.000143   0.000160   0.000033   0.000061  0.0000417  0.0000123    0.000049    0.000042
2000  12  17  51895  -0.078161   0.365935   0.1016055   0.0009175   0.000084   0.000230   0.000035   0.000067  0.0000542  0.0000142    0.000064    0.000053
2000  12  18  51896  -0.077866   0.368176   0.1006879   0.0009713   0.000056   0.000249   0.000041   0.000083  0.0000197  0.0000159    0.000065    0.000053
2000  12  19  51897  -0.078274   0.370028   0.0997401   0.0009752   0.000080   0.000184   0.000039   0.000074  0.0000205  0.0000153    0.000066    0.000050
2000  12  20  51898  -0.078679   0.371882   0.0988123   0.0009372   0.000171   0.000007   0.000039   0.000056  0.0000278  0.0000150    0.000069    0.000042
2000  12  21  51899  -0.078706   0.374076   0.0978417   0.0008164   0.000264  -0.000186   0.000037   0.000054  0.0000464  0.0000135    0.000071    0.000039
2000  12  22  51900  -0.078401   0.376621   0.0972012   0.0006847   0.000334  -0.000353   0.000030   0.000061  0.0000851  0.0000114    0.000071    0.000038
2000  12  23  51901  -0.078018   0.379157   0.0966491   0.0005642   0.000371  -0.000471   0.000031   0.000064  0.0001291  0.0000121    0.000071    0.000038
2000  12  24  51902  -0.077631   0.381747   0.0961679   0.0004354   0.000371  -0.000523   0.000031   0.000059  0.0001609  0.0000120    0.000071    0.000038
2000  12  25  51903  -0.077120   0.384358   0.0957367   0.0003263   0.000340  -0.000508   0.000038   0.000053  0.0001627  0.0000109    0.000086    0.000061
2000  12  26  51904  -0.076617   0.386732   0.0953769   0.0002598   0.000289  -0.000435   0.000052   0.000051  0.0000351  0.0000126    0.000086    0.000061
2000  12  27  51905  -0.076353   0.388972   0.0951039   0.0002471   0.000232  -0.000323   0.000032   0.000052  0.0000369  0.0000121    0.000086    0.000061
2000  12  28  51906  -0.076059   0.390986   0.0948882   0.0002648   0.000182  -0.000197   0.000025   0.000052  0.0000421  0.0000101    0.000086    0.000061
2000  12  29  51907  -0.075491   0.392908   0.0946515   0.0003074   0.000158  -0.000099   0.000024   0.000052  0.0000583  0.0000115    0.000086    0.000061
2000  12  30  51908  -0.074880   0.394791   0.0942994   0.0004129   0.000152  -0.000030   0.000028   0.000053  0.0000895  0.0000129    0.000086    0.000061
2000  12  31  51909  -0.074214   0.396559   0.0938091   0.0005604   0.000154   0.000011   0.000042   0.000051  0.0000972  0.0000116    0.000083    0.000057
