

                   INTERNATIONAL EARTH ROTATION SERVICE
                        EARTH ROTATION PARAMETERS
                          EOP (IERS) C04

  
             FORMAT(3(I4),I7,2(F11.6),2(F12.7),2(F12.6),2(F11.6),2(F12.7),2F12.6)
**********************************************************************************
  
      Date      MJD      x          y        UT1-UTC       LOD         dX        dY        x Err     y Err   UT1-UTC Err  Lod Err     dY Err       dY Err  
                         "          "           s           s          "         "           "          "          s         s            "           "
     (0h UTC)

1986   1   1  46431   0.183972   0.168793   0.3127285   0.0013097  -0.000174   0.000211   0.004447   0.003749  0.0001530  0.0001544    0.000424    0.000381
1986   1   2  46432   0.182113   0.167267   0.3113189   0.0015107  -0.000208   0.000164   0.006204   0.004604  0.0001558  0.0001545    0.000365    0.000363
1986   1   3  46433   0.180542   0.166369   0.3097336   0.0016497  -0.000273   0.000002   0.000970   0.001243  0.0001560  0.0001559    0.000362    0.000362
1986   1   4  46434   0.179037   0.165136   0.3080570   0.0016864  -0.000345  -0.000246   0.000928   0.001191  0.0001560  0.0001560    0.000362    0.000362
1986   1   5  46435   0.177421   0.162828   0.3064034   0.0016072  -0.000445  -0.000640   0.000932   0.001197  0.0001560  0.0001560    0.000362    0.000362
1986   1   6  46436   0.175391   0.160125   0.3048797   0.0014364  -0.000496  -0.000992   0.002238   0.002808  0.0001560  0.0002145    0.000362    0.000362
1986   1   7  46437   0.172956   0.158010   0.3035501   0.0012284  -0.000454  -0.001172   0.009941   0.009548  0.0002730  0.0002263    0.000399    0.000363
1986   1   8  46438   0.170265   0.156820   0.3024159   0.0010466  -0.000309  -0.001120   0.002670   0.003777  0.0002967  0.0002671    0.000402    0.000364
1986   1   9  46439   0.167995   0.155627   0.3014233   0.0009412  -0.000076  -0.000826   0.001192   0.001202  0.0002613  0.0002432    0.000397    0.000370
1986   1  10  46440   0.166411   0.153607   0.3004846   0.0009374   0.000232  -0.000289   0.000875   0.000634  0.0001898  0.0002114    0.000378    0.000395
1986   1  11  46441   0.164576   0.151141   0.2995019   0.0010421   0.000400   0.000086   0.000761   0.000511  0.0001616  0.0001733    0.000364    0.000419
1986   1  12  46442   0.162036   0.149040   0.2983714   0.0012454   0.000334   0.000108   0.001460   0.001028  0.0001567  0.0001557    0.000368    0.000408
1986   1  13  46443   0.159421   0.147519   0.2970059   0.0015039   0.000158  -0.000036   0.001655   0.001760  0.0001497  0.0001598    0.000482    0.000298
1986   1  14  46444   0.157356   0.146052   0.2953786   0.0017430  -0.000014  -0.000172   0.001008   0.001118  0.0001628  0.0001838    0.000522    0.000321
1986   1  15  46445   0.156240   0.143822   0.2935457   0.0018863  -0.000047  -0.000082   0.000999   0.000702  0.0002179  0.0001744    0.000571    0.000409
1986   1  16  46446   0.155494   0.141177   0.2916339   0.0018922  -0.000010  -0.000012   0.000622   0.000345  0.0001859  0.0001864    0.000354    0.000342
1986   1  17  46447   0.154013   0.138836   0.2897862   0.0017708  -0.000093   0.000098   0.000534   0.000295  0.0001548  0.0001603    0.000290    0.000289
1986   1  18  46448   0.151717   0.137114   0.2881117   0.0015705  -0.000271   0.000214   0.001586   0.000977  0.0001346  0.0001421    0.000418    0.000292
1986   1  19  46449   0.149077   0.135825   0.2866581   0.0013542  -0.000375   0.000191   0.001326   0.000703  0.0001295  0.0001290    0.000407    0.000279
1986   1  20  46450   0.145775   0.134745   0.2854082   0.0011791  -0.000238  -0.000109   0.000772   0.000333  0.0001234  0.0001246    0.000298    0.000244
1986   1  21  46451   0.141822   0.133719   0.2842959   0.0010693  -0.000115  -0.000286   0.000799   0.000330  0.0001198  0.0001194    0.000261    0.000228
1986   1  22  46452   0.138133   0.132755   0.2832568   0.0010116  -0.000080  -0.000235   0.002774   0.001107  0.0001155  0.0001087    0.000266    0.000231
1986   1  23  46453   0.135393   0.132031   0.2822520   0.0009865  -0.000085  -0.000049   0.001671   0.001348  0.0000975  0.0001065    0.000429    0.000295
1986   1  24  46454   0.133280   0.131285   0.2812568   0.0009923  -0.000099   0.000180   0.001240   0.001093  0.0000975  0.0000975    0.000430    0.000296
1986   1  25  46455   0.131094   0.130455   0.2802372   0.0010558   0.000074   0.000103   0.001577   0.001394  0.0000975  0.0000975    0.000430    0.000296
1986   1  26  46456   0.128403   0.129775   0.2791163   0.0012085   0.000293  -0.000102   0.002244   0.001995  0.0000975  0.0001129    0.000430    0.000296
1986   1  27  46457   0.125654   0.129195   0.2777994   0.0014483   0.000435  -0.000279   0.002667   0.004205  0.0001283  0.0001148    0.000729    0.000263
1986   1  28  46458   0.123242   0.128392   0.2762135   0.0017347   0.000439  -0.000348   0.001910   0.001956  0.0001321  0.0001313    0.000711    0.000259
1986   1  29  46459   0.121039   0.127138   0.2743425   0.0019993   0.000273  -0.000246   0.000999   0.000703  0.0001343  0.0001367    0.000495    0.000247
1986   1  30  46460   0.118942   0.125125   0.2722444   0.0021690  -0.000085   0.000069   0.000628   0.000387  0.0001412  0.0001404    0.000316    0.000220
1986   1  31  46461   0.116178   0.123303   0.2700450   0.0022083  -0.000335   0.000353   0.000744   0.000447  0.0001465  0.0001423    0.000267    0.000207
1986   2   1  46462   0.112307   0.122767   0.2678700   0.0021323  -0.000410   0.000508   0.001153   0.000706  0.0001433  0.0001343    0.000271    0.000208
1986   2   2  46463   0.108355   0.122934   0.2658148   0.0019715  -0.000397   0.000526   0.000684   0.000672  0.0001221  0.0001318    0.000400    0.000236
1986   2   3  46464   0.105382   0.122598   0.2639456   0.0017560  -0.000382   0.000414   0.000608   0.000439  0.0001203  0.0001188    0.000327    0.000225
1986   2   4  46465   0.103452   0.121269   0.2622999   0.0015114  -0.000466   0.000204   0.000494   0.000271  0.0001156  0.0001165    0.000231    0.000201
1986   2   5  46466   0.100840   0.120131   0.2608973   0.0012916  -0.000537   0.000050   0.000539   0.000275  0.0001128  0.0001163    0.000200    0.000189
1986   2   6  46467   0.097427   0.119856   0.2596745   0.0011786  -0.000550  -0.000011   0.001861   0.001013  0.0001169  0.0001681    0.000205    0.000193
1986   2   7  46468   0.094517   0.119990   0.2584932   0.0012182  -0.000494  -0.000022   0.001511   0.001853  0.0002234  0.0001706    0.000501    0.000303
1986   2   8  46469   0.092390   0.119557   0.2572008   0.0013934  -0.000372  -0.000021   0.000865   0.001083  0.0002243  0.0002238    0.000505    0.000304
1986   2   9  46470   0.090693   0.117855   0.2556896   0.0016243  -0.000119  -0.000270   0.000853   0.001068  0.0002243  0.0002131    0.000505    0.000304
1986   2  10  46471   0.088915   0.115694   0.2539583   0.0018167   0.000144  -0.000532   0.000882   0.000994  0.0002020  0.0001773    0.000528    0.000314
1986   2  11  46472   0.086785   0.114539   0.2520794   0.0019214   0.000305  -0.000591   0.001275   0.000698  0.0001304  0.0001649    0.000904    0.000469
1986   2  12  46473   0.084241   0.115007   0.2501464   0.0019362   0.000305  -0.000360   0.001135   0.000712  0.0001277  0.0001256    0.000719    0.000452
1986   2  13  46474   0.081338   0.116243   0.2482369   0.0018864   0.000101   0.000222   0.000916   0.000782  0.0001209  0.0001223    0.000495    0.000409
1986   2  14  46475   0.078713   0.115681   0.2463979   0.0017900  -0.000106   0.000722   0.001175   0.001158  0.0001169  0.0001186    0.000425    0.000386
1986   2  15  46476   0.076547   0.113917   0.2446735   0.0016451  -0.000221   0.000947   0.003107   0.002606  0.0001162  0.0001125    0.000415    0.000382
1986   2  16  46477   0.074643   0.113039   0.2431152   0.0014519  -0.000244   0.000921   0.003412   0.002615  0.0001081  0.0001119    0.000443    0.000314
1986   2  17  46478   0.072646   0.113346   0.2417674   0.0012294  -0.000185   0.000698   0.000899   0.000819  0.0001075  0.0001078    0.000446    0.000309
1986   2  18  46479   0.070093   0.114156   0.2406446   0.0010146  -0.000079   0.000371   0.000894   0.000815  0.0001075  0.0001075    0.000446    0.000309
1986   2  19  46480   0.066963   0.114431   0.2397181   0.0008531  -0.000037   0.000212   0.000925   0.000842  0.0001075  0.0001075    0.000446    0.000309
1986   2  20  46481   0.063713   0.114240   0.2389123   0.0007806  -0.000041   0.000163   0.003083   0.002783  0.0001075  0.0001093    0.000446    0.000309
1986   2  21  46482   0.060785   0.114064   0.2381269   0.0008110  -0.000079   0.000184   0.007495   0.006552  0.0001110  0.0001094    0.000370    0.000266
1986   2  22  46483   0.058064   0.114191   0.2372592   0.0009401  -0.000148   0.000258   0.001439   0.001074  0.0001113  0.0001112    0.000365    0.000264
1986   2  23  46484   0.055016   0.114380   0.2362197   0.0011491  -0.000237   0.000357   0.001040   0.000777  0.0001113  0.0001113    0.000365    0.000264
1986   2  24  46485   0.051403   0.114445   0.2349456   0.0014046  -0.000310   0.000400   0.001439   0.001108  0.0001113  0.0001113    0.000365    0.000264
1986   2  25  46486   0.047717   0.114575   0.2334146   0.0016582  -0.000371   0.000415   0.003119   0.003326  0.0001113  0.0001169    0.000365    0.000264
1986   2  26  46487   0.044465   0.115013   0.2316560   0.0018537  -0.000422   0.000419   0.004967   0.006389  0.0001224  0.0001173    0.000367    0.000303
1986   2  27  46488   0.041380   0.115706   0.2297517   0.0019435  -0.000463   0.000426   0.002058   0.002315  0.0001233  0.0001229    0.000367    0.000307
1986   2  28  46489   0.038014   0.116133   0.2278194   0.0019061  -0.000496   0.000444   0.001068   0.001208  0.0001233  0.0001233    0.000367    0.000307
1986   3   1  46490   0.034884   0.115285   0.2259815   0.0017543  -0.000544   0.000517   0.001370   0.001510  0.0001233  0.0001233    0.000367    0.000307
1986   3   2  46491   0.032003   0.114174   0.2243332   0.0015310  -0.000587   0.000594   0.003785   0.003226  0.0001234  0.0001439    0.000367    0.000307
1986   3   3  46492   0.029235   0.114172   0.2229179   0.0012958  -0.000613   0.000638   0.003624   0.002815  0.0001644  0.0001462    0.000418    0.000283
1986   3   4  46493   0.026615   0.115125   0.2217181   0.0011080  -0.000620   0.000626   0.000903   0.000838  0.0001690  0.0001667    0.000422    0.000282
1986   3   5  46494   0.023890   0.116198   0.2206633   0.0010124  -0.000609   0.000555   0.000900   0.000835  0.0001690  0.0001690    0.000422    0.000282
1986   3   6  46495   0.020934   0.116611   0.2196495   0.0010283  -0.000552   0.000369   0.001004   0.000931  0.0001690  0.0001690    0.000422    0.000282
1986   3   7  46496   0.017486   0.116705   0.2185683   0.0011434  -0.000499   0.000170   0.003790   0.003541  0.0001689  0.0001331    0.000422    0.000282
1986   3   8  46497   0.013662   0.117112   0.2173389   0.0013178  -0.000480   0.000043   0.007143   0.006375  0.0000972  0.0001319    0.000439    0.000311
1986   3   9  46498   0.010166   0.117943   0.2159290   0.0015007  -0.000503   0.000027   0.001120   0.000931  0.0000950  0.0000961    0.000440    0.000313
1986   3  10  46499   0.007617   0.118786   0.2143527   0.0016500  -0.000552   0.000126   0.001041   0.000865  0.0000950  0.0000951    0.000440    0.000313
1986   3  11  46500   0.005843   0.119244   0.2126566   0.0017426  -0.000758   0.000469   0.001513   0.001260  0.0000952  0.0001117    0.000438    0.000313
1986   3  12  46501   0.004091   0.119175   0.2108991   0.0017474  -0.000846   0.000761   0.002011   0.001665  0.0001284  0.0001212    0.000323    0.000321
1986   3  13  46502   0.001117   0.119446   0.2091904   0.0016191  -0.000647   0.000802   0.001260   0.000991  0.0001472  0.0001472    0.000296    0.000314
1986   3  14  46503  -0.003516   0.120823   0.2076823   0.0013373   0.000008   0.000458   0.001437   0.001028  0.0001659  0.0001617    0.000277    0.000294
1986   3  15  46504  -0.006393   0.121513   0.2065281   0.0010058   0.000208   0.000094   0.001296   0.001144  0.0001762  0.0001693    0.000328    0.000305
1986   3  16  46505  -0.008385   0.121049   0.2056727   0.0007780   0.000289  -0.000221   0.001369   0.001457  0.0001727  0.0001737    0.000435    0.000327
1986   3  17  46506  -0.010846   0.120301   0.2049637   0.0006773   0.000533  -0.000451   0.003447   0.003908  0.0001713  0.0001399    0.000490    0.000334
1986   3  18  46507  -0.013250   0.120287   0.2043006   0.0006413   0.000722  -0.000481   0.003542   0.004105  0.0001072  0.0001387    0.000383    0.000261
1986   3  19  46508  -0.015204   0.121296   0.2036569   0.0006195   0.000728  -0.000262   0.000792   0.000929  0.0001060  0.0001105    0.000380    0.000259
1986   3  20  46509  -0.016778   0.122812   0.2030337   0.0006193   0.000464   0.000186   0.000809   0.000942  0.0001138  0.0001333    0.000397    0.000275
1986   3  21  46510  -0.018387   0.124051   0.2023887   0.0007035  -0.000170   0.000818   0.001230   0.001339  0.0001605  0.0001960    0.000478    0.000361
1986   3  22  46511  -0.020904   0.124446   0.2015983   0.0009193  -0.000549   0.001257   0.003695   0.002754  0.0002782  0.0001848    0.000572    0.000504
1986   3  23  46512  -0.023250   0.124698   0.2005279   0.0012498  -0.000516   0.001346   0.005399   0.003816  0.0002092  0.0001808    0.000544    0.000489
1986   3  24  46513  -0.024359   0.125887   0.1990906   0.0016310  -0.000279   0.001114   0.000983   0.000970  0.0000834  0.0001464    0.000354    0.000289
1986   3  25  46514  -0.025951   0.127887   0.1972801   0.0019749  -0.000035   0.000649   0.000846   0.000834  0.0000836  0.0000917    0.000355    0.000290
1986   3  26  46515  -0.029132   0.130008   0.1951793   0.0022016  -0.000193   0.000069   0.001256   0.001205  0.0001000  0.0002181    0.000425    0.000343
1986   3  27  46516  -0.032962   0.132083   0.1929315   0.0022621  -0.000401  -0.000414   0.003420   0.003192  0.0003527  0.0001781    0.001557    0.000897
1986   3  28  46517  -0.035188   0.132709   0.1907093   0.0021512  -0.000267  -0.000543   0.002932   0.003524  0.0002562  0.0002334    0.001525    0.000849
1986   3  29  46518  -0.037002   0.132933   0.1886653   0.0019125  -0.000019  -0.000409   0.001231   0.001366  0.0001142  0.0001898    0.000695    0.000483
1986   3  30  46519  -0.039938   0.134423   0.1868920   0.0016184   0.000011  -0.000172   0.001023   0.001124  0.0001234  0.0002250    0.000742    0.000505
1986   3  31  46520  -0.043192   0.136459   0.1854081   0.0013453  -0.000161   0.000046   0.002853   0.003005  0.0003357  0.0002210    0.001466    0.000723
1986   4   1  46521  -0.044655   0.136484   0.1841624   0.0011592  -0.000243   0.000125   0.003579   0.003296  0.0003186  0.0002644    0.000913    0.000683
1986   4   2  46522  -0.044577   0.135881   0.1830454   0.0011042  -0.000193   0.000106   0.001941   0.002162  0.0001930  0.0002528    0.000584    0.000584
1986   4   3  46523  -0.045924   0.138008   0.1819160   0.0011926   0.000001   0.000109   0.001550   0.001919  0.0001870  0.0001490    0.000593    0.000552
1986   4   4  46524  -0.049265   0.141748   0.1806358   0.0013978   0.000045   0.000186   0.000874   0.001072  0.0001051  0.0001359    0.000351    0.000303
1986   4   5  46525  -0.052242   0.143290   0.1791128   0.0016550  -0.000305   0.000335   0.000798   0.000784  0.0000849  0.0000942    0.000269    0.000227
1986   4   6  46526  -0.054632   0.143839   0.1773345   0.0018811  -0.000725   0.000456   0.000964   0.000790  0.0000833  0.0001109    0.000254    0.000212
1986   4   7  46527  -0.057017   0.145521   0.1753719   0.0020092  -0.000848   0.000479   0.002217   0.001914  0.0001369  0.0001108    0.000425    0.000334
1986   4   8  46528  -0.058821   0.147440   0.1733444   0.0020186  -0.000709   0.000492   0.001083   0.001277  0.0001383  0.0001053    0.000967    0.000344
1986   4   9  46529  -0.060302   0.149351   0.1713633   0.0019340  -0.000319   0.000557   0.000529   0.000628  0.0000737  0.0000997    0.000597    0.000192
1986   4  10  46530  -0.061787   0.151879   0.1695002   0.0017969   0.000084   0.000582   0.000634   0.000743  0.0000611  0.0000666    0.000504    0.000160
1986   4  11  46531  -0.063109   0.155036   0.1677856   0.0016393   0.000372   0.000537   0.001307   0.001424  0.0000594  0.0000746    0.000491    0.000156
1986   4  12  46532  -0.064066   0.157966   0.1662282   0.0014786   0.000522   0.000440   0.005362   0.003592  0.0000881  0.0000759    0.000361    0.000272
1986   4  13  46533  -0.064858   0.159924   0.1648247   0.0013307   0.000526   0.000315   0.001185   0.001326  0.0000923  0.0000902    0.000355    0.000295
1986   4  14  46534  -0.066015   0.161486   0.1635536   0.0012167   0.000410   0.000190   0.000609   0.000705  0.0000923  0.0000923    0.000355    0.000295
1986   4  15  46535  -0.067735   0.163717   0.1623703   0.0011553   0.000290   0.000124   0.000806   0.000926  0.0000923  0.0000923    0.000355    0.000295
1986   4  16  46536  -0.069516   0.166132   0.1612177   0.0011550   0.000172   0.000106   0.002235   0.002290  0.0000923  0.0000928    0.000355    0.000295
1986   4  17  46537  -0.070736   0.167876   0.1600336   0.0012179   0.000082   0.000127   0.002921   0.002629  0.0000932  0.0000928    0.000312    0.000278
1986   4  18  46538  -0.071647   0.169418   0.1587559   0.0013435   0.000044   0.000174   0.001286   0.001264  0.0000933  0.0000932    0.000310    0.000277
1986   4  19  46539  -0.073043   0.171435   0.1573236   0.0015302   0.000069   0.000232   0.000841   0.000842  0.0000933  0.0000933    0.000310    0.000277
1986   4  20  46540  -0.075095   0.173902   0.1556804   0.0017673   0.000162   0.000275   0.000688   0.000691  0.0000933  0.0000933    0.000310    0.000277
1986   4  21  46541  -0.077157   0.176115   0.1537895   0.0020200   0.000283   0.000305   0.001584   0.001589  0.0000933  0.0001063    0.000310    0.000277
1986   4  22  46542  -0.078471   0.177522   0.1516635   0.0022240   0.000390   0.000325   0.008197   0.009066  0.0001193  0.0001077    0.000592    0.000444
1986   4  23  46543  -0.079099   0.178281   0.1493871   0.0023053   0.000452   0.000341   0.002030   0.005831  0.0001222  0.0001208    0.000659    0.000472
1986   4  24  46544  -0.080199   0.179846   0.1471106   0.0022177   0.000454   0.000360   0.001338   0.003427  0.0001222  0.0001222    0.000659    0.000472
1986   4  25  46545  -0.082338   0.182813   0.1450026   0.0019760   0.000357   0.000399   0.001807   0.002954  0.0001222  0.0001222    0.000659    0.000472
1986   4  26  46546  -0.084464   0.185687   0.1431842   0.0016605   0.000225   0.000451   0.002961   0.002739  0.0001222  0.0001137    0.000658    0.000472
1986   4  27  46547  -0.085336   0.187714   0.1416736   0.0013851   0.000116   0.000506   0.003613   0.003317  0.0001053  0.0001132    0.000368    0.000390
1986   4  28  46548  -0.084990   0.189197   0.1403780   0.0012427   0.000069   0.000550   0.001807   0.001960  0.0001043  0.0001048    0.000358    0.000385
1986   4  29  46549  -0.084612   0.191005   0.1391399   0.0012610   0.000101   0.000570   0.001068   0.001201  0.0001043  0.0001043    0.000358    0.000385
1986   4  30  46550  -0.085381   0.192959   0.1378128   0.0013938   0.000312   0.000564   0.001178   0.001364  0.0001043  0.0001073    0.000358    0.000385
1986   5   1  46551  -0.086446   0.195245   0.1363254   0.0015629   0.000542   0.000511   0.002482   0.003510  0.0001103  0.0002115    0.000325    0.000330
1986   5   2  46552  -0.086463   0.198158   0.1346790   0.0017147   0.000662   0.000408   0.000970   0.000936  0.0003187  0.0002241    0.000217    0.000194
1986   5   3  46553  -0.086167   0.201353   0.1329039   0.0018388   0.000607   0.000261   0.000788   0.000757  0.0003378  0.0003587    0.000235    0.000209
1986   5   4  46554  -0.086764   0.204355   0.1310200   0.0019496   0.000334   0.000086   0.001062   0.001097  0.0003988  0.0004024    0.000330    0.000286
1986   5   5  46555  -0.088115   0.206399   0.1290291   0.0020432   0.000056  -0.000051   0.001635   0.002288  0.0004669  0.0004415    0.000576    0.000452
1986   5   6  46556  -0.089534   0.207487   0.1269590   0.0020814  -0.000123  -0.000118   0.005236   0.008614  0.0004843  0.0002867    0.000780    0.000554
1986   5   7  46557  -0.090609   0.208328   0.1248890   0.0020208  -0.000188  -0.000123   0.007237   0.006699  0.0001065  0.0002937    0.000307    0.000450
1986   5   8  46558  -0.091560   0.209809   0.1229342   0.0018491  -0.000140  -0.000077   0.001225   0.001114  0.0001031  0.0001048    0.000298    0.000444
1986   5   9  46559  -0.092649   0.211888   0.1211996   0.0015981  -0.000007   0.000001   0.000752   0.000682  0.0001031  0.0001031    0.000298    0.000444
1986   5  10  46560  -0.093864   0.213996   0.1197375   0.0013410   0.000110   0.000012   0.000745   0.000675  0.0001031  0.0001031    0.000298    0.000444
1986   5  11  46561  -0.095055   0.215883   0.1185079   0.0011499   0.000205   0.000016   0.000790   0.000716  0.0001031  0.0000988    0.000298    0.000444
1986   5  12  46562  -0.095914   0.217608   0.1174199   0.0010504   0.000259   0.000052   0.002979   0.002932  0.0000944  0.0000985    0.000337    0.000352
1986   5  13  46563  -0.096346   0.219403   0.1163839   0.0010221   0.000249   0.000126   0.001741   0.001724  0.0000939  0.0000945    0.000338    0.000344
1986   5  14  46564  -0.096636   0.221478   0.1153504   0.0010281   0.000165   0.000238   0.000992   0.000993  0.0000945  0.0000961    0.000317    0.000310
1986   5  15  46565  -0.096314   0.222759   0.1143037   0.0010425  -0.000006   0.000437   0.000775   0.000813  0.0000983  0.0000978    0.000241    0.000213
1986   5  16  46566  -0.096597   0.224670   0.1132448   0.0010847  -0.000126   0.000431   0.000905   0.000969  0.0001011  0.0000980    0.000215    0.000188
1986   5  17  46567  -0.098003   0.228048   0.1121193   0.0012058  -0.000170   0.000167   0.000810   0.000836  0.0000978  0.0001062    0.000298    0.000360
1986   5  18  46568  -0.099433   0.231197   0.1108275   0.0014135  -0.000355  -0.000111   0.000743   0.000758  0.0001112  0.0001974    0.000372    0.000576
1986   5  19  46569  -0.100422   0.233231   0.1093021   0.0016532  -0.000649  -0.000251   0.002025   0.001992  0.0002970  0.0005105    0.000835    0.001360
1986   5  20  46570  -0.101575   0.235357   0.1075510   0.0018384  -0.000795   0.000028   0.010061   0.005909  0.0009097  0.0012512    0.001300    0.002199
1986   5  21  46571  -0.102890   0.237912   0.1056731   0.0018894  -0.000733   0.000494   0.019251   0.008570  0.0022054  0.0010951    0.001489    0.000919
1986   5  22  46572  -0.103775   0.240321   0.1038257   0.0017712  -0.000451   0.000859   0.007752   0.006569  0.0012804  0.0012106    0.001432    0.000855
1986   5  23  46573  -0.103842   0.241959   0.1021711   0.0015085   0.000067   0.000721   0.001229   0.001354  0.0002157  0.0006988    0.000605    0.000602
1986   5  24  46574  -0.103399   0.243019   0.1008194   0.0011812   0.000640   0.000294   0.000688   0.000755  0.0001171  0.0001652    0.000348    0.000402
1986   5  25  46575  -0.103013   0.244089   0.0997851   0.0008995   0.000992  -0.000079   0.000677   0.000741  0.0001147  0.0001159    0.000341    0.000395
1986   5  26  46576  -0.102988   0.245698   0.0989730   0.0007520   0.001075  -0.000339   0.000751   0.000819  0.0001147  0.0001127    0.000341    0.000395
1986   5  27  46577  -0.103212   0.247975   0.0982298   0.0007611   0.000935  -0.000492   0.003735   0.002938  0.0001107  0.0001126    0.000338    0.000321
1986   5  28  46578  -0.103499   0.250666   0.0974139   0.0008854   0.000644  -0.000530   0.001742   0.001516  0.0001105  0.0001106    0.000338    0.000317
1986   5  29  46579  -0.103846   0.253364   0.0964457   0.0010527   0.000303  -0.000478   0.000960   0.000856  0.0001105  0.0001105    0.000338    0.000317
1986   5  30  46580  -0.103903   0.255572   0.0953165   0.0011943   0.000120  -0.000453   0.001171   0.001047  0.0001105  0.0001104    0.000338    0.000317
1986   5  31  46581  -0.103748   0.257349   0.0940782   0.0012673   0.000079  -0.000439   0.002890   0.002587  0.0001104  0.0001005    0.000338    0.000317
1986   6   1  46582  -0.103519   0.259009   0.0928077   0.0012604   0.000148  -0.000430   0.002490   0.002488  0.0000905  0.0000999    0.000313    0.000292
1986   6   2  46583  -0.103248   0.260742   0.0915821   0.0011805   0.000295  -0.000431   0.000652   0.000667  0.0000894  0.0000899    0.000312    0.000291
1986   6   3  46584  -0.103175   0.262673   0.0904675   0.0010422   0.000462  -0.000435   0.000649   0.000664  0.0000894  0.0000894    0.000312    0.000291
1986   6   4  46585  -0.103345   0.264803   0.0895132   0.0008632   0.000555  -0.000423   0.000659   0.000675  0.0000894  0.0000894    0.000312    0.000291
1986   6   5  46586  -0.103559   0.267254   0.0887499   0.0006614   0.000556  -0.000375   0.001917   0.001927  0.0000894  0.0001072    0.000312    0.000291
1986   6   6  46587  -0.103489   0.270059   0.0881911   0.0004533   0.000459  -0.000284   0.006835   0.006340  0.0001251  0.0001097    0.000392    0.000338
1986   6   7  46588  -0.103165   0.273080   0.0878354   0.0002560   0.000279  -0.000150   0.001226   0.001479  0.0001301  0.0001276    0.000401    0.000343
1986   6   8  46589  -0.102953   0.275715   0.0876631   0.0000924   0.000052   0.000011   0.000769   0.000933  0.0001301  0.0001301    0.000401    0.000343
1986   6   9  46590  -0.103055   0.277597   0.0876285  -0.0000033  -0.000204   0.000233   0.001039   0.001249  0.0001301  0.0001301    0.000401    0.000343
1986   6  10  46591  -0.103156   0.279017   0.0876445   0.0000018  -0.000405   0.000424   0.002981   0.003140  0.0001301  0.0001307    0.000401    0.000343
1986   6  11  46592  -0.102639   0.280547   0.0876002   0.0001153  -0.000488   0.000509   0.003661   0.003142  0.0001313  0.0001311    0.000408    0.000378
1986   6  12  46593  -0.101128   0.282609   0.0873936   0.0003115  -0.000428   0.000463   0.001897   0.001849  0.0001321  0.0001337    0.000413    0.000385
1986   6  13  46594  -0.099333   0.284977   0.0869636   0.0005423  -0.000231   0.000286   0.001180   0.001126  0.0001361  0.0001398    0.000432    0.000407
1986   6  14  46595  -0.099308   0.286059   0.0863041   0.0007575   0.000081  -0.000011   0.001753   0.001214  0.0001475  0.0001467    0.000497    0.000483
1986   6  15  46596  -0.099644   0.286910   0.0854546   0.0009395   0.000299  -0.000181   0.004739   0.001744  0.0001572  0.0001572    0.000562    0.000562
1986   6  16  46597  -0.098329   0.289047   0.0844449   0.0010953   0.000376  -0.000173   0.004836   0.002119  0.0001670  0.0001484    0.000733    0.000421
1986   6  17  46598  -0.095632   0.292058   0.0832985   0.0012094   0.000341  -0.000026   0.001716   0.001420  0.0001396  0.0001151    0.000582    0.000379
1986   6  18  46599  -0.093053   0.294712   0.0820707   0.0012361   0.000228   0.000231   0.000695   0.000637  0.0000632  0.0000833    0.000357    0.000260
1986   6  19  46600  -0.091080   0.296499   0.0808689   0.0011258   0.000260   0.000150   0.000347   0.000294  0.0000271  0.0000423    0.000243    0.000140
1986   6  20  46601  -0.089736   0.298719   0.0798433   0.0008854   0.000338  -0.000067   0.000381   0.000317  0.0000214  0.0000243    0.000212    0.000114
1986   6  21  46602  -0.088793   0.301569   0.0790918   0.0006104   0.000332  -0.000153   0.000787   0.000650  0.0000216  0.0000621    0.000214    0.000115
1986   6  22  46603  -0.087883   0.304078   0.0785858   0.0004230   0.000294  -0.000176   0.001063   0.000986  0.0001027  0.0000672    0.000392    0.000339
1986   6  23  46604  -0.086621   0.306083   0.0781926   0.0003993   0.000245  -0.000153   0.000957   0.000906  0.0001128  0.0001077    0.000396    0.000350
1986   6  24  46605  -0.084929   0.307806   0.0777388   0.0005329   0.000240  -0.000167   0.001356   0.001286  0.0001128  0.0001128    0.000396    0.000350
1986   6  25  46606  -0.083373   0.309357   0.0771001   0.0007532   0.000264  -0.000194   0.003386   0.003237  0.0001128  0.0001231    0.000396    0.000350
1986   6  26  46607  -0.082091   0.311129   0.0762331   0.0009750   0.000299  -0.000219   0.004646   0.003985  0.0001335  0.0001242    0.000509    0.000331
1986   6  27  46608  -0.080565   0.313733   0.0751718   0.0011316   0.000340  -0.000238   0.002024   0.002118  0.0001356  0.0001346    0.000522    0.000330
1986   6  28  46609  -0.078614   0.316917   0.0740008   0.0011899   0.000377  -0.000246   0.001017   0.001124  0.0001356  0.0001356    0.000522    0.000330
1986   6  29  46610  -0.076611   0.319333   0.0728218   0.0011517   0.000400  -0.000244   0.001084   0.001192  0.0001356  0.0001356    0.000522    0.000330
1986   6  30  46611  -0.074801   0.320910   0.0717209   0.0010395   0.000410  -0.000216   0.004003   0.003309  0.0001356  0.0001188    0.000522    0.000330
1986   7   1  46612  -0.073234   0.322593   0.0707587   0.0008802   0.000412  -0.000154   0.006945   0.003852  0.0001019  0.0001179    0.000570    0.000343
1986   7   2  46613  -0.071832   0.324796   0.0699690   0.0006984   0.000412  -0.000065   0.001026   0.000852  0.0001001  0.0001010    0.000574    0.000344
1986   7   3  46614  -0.070603   0.327409   0.0693627   0.0005158   0.000414   0.000037   0.000939   0.000782  0.0001001  0.0001002    0.000574    0.000344
1986   7   4  46615  -0.069541   0.330015   0.0689301   0.0003503   0.000425   0.000155   0.000896   0.000773  0.0001002  0.0001026    0.000528    0.000334
1986   7   5  46616  -0.068579   0.332326   0.0686469   0.0002208   0.000448   0.000223   0.000392   0.000550  0.0001050  0.0001031    0.000184    0.000172
1986   7   6  46617  -0.067537   0.334236   0.0684670   0.0001495   0.000482   0.000207   0.000368   0.000529  0.0001060  0.0001079    0.000172    0.000163
1986   7   7  46618  -0.066224   0.336008   0.0683224   0.0001576   0.000525   0.000076   0.000434   0.000605  0.0001108  0.0001150    0.000201    0.000187
1986   7   8  46619  -0.064585   0.338288   0.0681255   0.0002549   0.000574  -0.000107   0.001092   0.001109  0.0001240  0.0001177    0.000446    0.000337
1986   7   9  46620  -0.062696   0.341440   0.0677897   0.0004287   0.000631  -0.000264   0.001729   0.001677  0.0001247  0.0001244    0.000495    0.000356
1986   7  10  46621  -0.060476   0.345045   0.0672527   0.0006478   0.000682  -0.000349   0.003263   0.003401  0.0001248  0.0001411    0.000490    0.000355
1986   7  11  46622  -0.058659   0.347737   0.0664895   0.0008722   0.000713  -0.000335   0.003094   0.002621  0.0001574  0.0001424    0.000113    0.000108
1986   7  12  46623  -0.058043   0.348480   0.0655158   0.0010605   0.000718  -0.000219   0.000835   0.000743  0.0001600  0.0001587    0.000110    0.000106
1986   7  13  46624  -0.058114   0.348165   0.0643879   0.0011746   0.000695  -0.000028   0.000441   0.000398  0.0001600  0.0001600    0.000110    0.000106
1986   7  14  46625  -0.057271   0.348874   0.0631963   0.0011866   0.000537   0.000295   0.000488   0.000442  0.0001600  0.0001692    0.000110    0.000106
1986   7  15  46626  -0.055443   0.349922   0.0620512   0.0010846   0.000403   0.000551   0.002106   0.001893  0.0001783  0.0003690    0.000124    0.000119
1986   7  16  46627  -0.053465   0.349778   0.0610637   0.0008818   0.000359   0.000639   0.004233   0.004338  0.0005780  0.0002152    0.000552    0.000616
1986   7  17  46628  -0.051787   0.349764   0.0603139   0.0006234   0.000437   0.000510   0.001447   0.002045  0.0002520  0.0003574    0.000517    0.000521
1986   7  18  46629  -0.050323   0.351946   0.0598216   0.0003785   0.000677   0.000146   0.000915   0.001227  0.0001368  0.0001830    0.000431    0.000377
1986   7  19  46630  -0.048588   0.355751   0.0595342   0.0002205   0.000646  -0.000110   0.000749   0.000995  0.0001141  0.0001239    0.000395    0.000331
1986   7  20  46631  -0.046247   0.359377   0.0593355   0.0002000   0.000334  -0.000165   0.001072   0.001430  0.0001110  0.0001061    0.000390    0.000324
1986   7  21  46632  -0.043477   0.361444   0.0590821   0.0003241  -0.000006  -0.000093   0.007044   0.007827  0.0000980  0.0001070    0.000508    0.000402
1986   7  22  46633  -0.040882   0.361569   0.0586476   0.0005556  -0.000159   0.000025   0.001806   0.001946  0.0001030  0.0001081    0.000545    0.000422
1986   7  23  46634  -0.039271   0.360497   0.0579571   0.0008259   0.000046   0.000091   0.001010   0.001099  0.0001183  0.0001319    0.000606    0.000451
1986   7  24  46635  -0.038883   0.359748   0.0570097   0.0010525   0.000666   0.000024   0.001340   0.001407  0.0001607  0.0002491    0.000728    0.000496
1986   7  25  46636  -0.038114   0.361100   0.0558844   0.0011656   0.001105  -0.000039   0.002846   0.002218  0.0003800  0.0001431    0.000658    0.000462
1986   7  26  46637  -0.035866   0.363478   0.0547154   0.0011359   0.001103  -0.000015   0.000756   0.000778  0.0001254  0.0002248    0.000238    0.000249
1986   7  27  46638  -0.033072   0.365327   0.0536439   0.0009849   0.000736   0.000033   0.000434   0.000462  0.0000696  0.0000978    0.000144    0.000157
1986   7  28  46639  -0.031573   0.366250   0.0527666   0.0007702   0.000296  -0.000075   0.000513   0.000563  0.0000703  0.0000709    0.000177    0.000166
1986   7  29  46640  -0.030428   0.367296   0.0521145   0.0005457   0.000074  -0.000106   0.000778   0.000886  0.0000721  0.0000739    0.000222    0.000177
1986   7  30  46641  -0.029049   0.368605   0.0516770   0.0003413   0.000132  -0.000016   0.002907   0.003218  0.0000774  0.0002732    0.000247    0.000189
1986   7  31  46642  -0.027553   0.369499   0.0514253   0.0001742   0.000357   0.000112   0.006090   0.002691  0.0004744  0.0001400    0.000637    0.000443
1986   8   1  46643  -0.026230   0.369821   0.0513140   0.0000617   0.000618   0.000212   0.001871   0.001384  0.0002025  0.0002869    0.000544    0.000423
1986   8   2  46644  -0.025346   0.369964   0.0512807   0.0000128   0.000775   0.000227   0.000937   0.000741  0.0000995  0.0001349    0.000331    0.000264
1986   8   3  46645  -0.024582   0.372105   0.0512627   0.0000222   0.000642   0.000036   0.000585   0.000417  0.0000673  0.0000796    0.000196    0.000139
1986   8   4  46646  -0.023608   0.373575   0.0512092   0.0000880   0.000427  -0.000195   0.000586   0.000404  0.0000598  0.0000638    0.000165    0.000114
1986   8   5  46647  -0.022229   0.373414   0.0510612   0.0002265   0.000283  -0.000339   0.002049   0.001302  0.0000603  0.0000714    0.000168    0.000116
1986   8   6  46648  -0.020545   0.374033   0.0507369   0.0004507   0.000200  -0.000384   0.001525   0.001445  0.0000830  0.0000717    0.000341    0.000284
1986   8   7  46649  -0.018678   0.375865   0.0501515   0.0007420   0.000184  -0.000320   0.001002   0.001043  0.0000831  0.0000830    0.000342    0.000287
1986   8   8  46650  -0.016761   0.378021   0.0492590   0.0010395   0.000200  -0.000189   0.001276   0.001338  0.0000831  0.0000831    0.000342    0.000287
1986   8   9  46651  -0.015120   0.379566   0.0480938   0.0012660   0.000237  -0.000006   0.001854   0.001974  0.0000831  0.0000789    0.000342    0.000287
1986   8  10  46652  -0.013725   0.379992   0.0467601   0.0013682   0.000277   0.000195   0.004792   0.003083  0.0000748  0.0000787    0.000535    0.000276
1986   8  11  46653  -0.012631   0.379649   0.0453955   0.0013301   0.000296   0.000365   0.002056   0.001478  0.0000742  0.0000745    0.000569    0.000275
1986   8  12  46654  -0.011903   0.379517   0.0441349   0.0011679   0.000286   0.000459   0.001116   0.000824  0.0000742  0.0000742    0.000569    0.000275
1986   8  13  46655  -0.011074   0.380484   0.0430837   0.0009211   0.000191   0.000451   0.001123   0.000832  0.0000742  0.0000742    0.000569    0.000275
1986   8  14  46656  -0.009825   0.382361   0.0422991   0.0006461   0.000097   0.000332   0.004117   0.003110  0.0000742  0.0000820    0.000569    0.000275
1986   8  15  46657  -0.008283   0.384011   0.0417762   0.0004102   0.000072   0.000113   0.008289   0.007069  0.0000898  0.0000828    0.000397    0.000314
1986   8  16  46658  -0.006610   0.384868   0.0414430   0.0002786   0.000144  -0.000163   0.001400   0.001100  0.0000914  0.0000906    0.000390    0.000318
1986   8  17  46659  -0.005127   0.385121   0.0411717   0.0002939   0.000305  -0.000440   0.001319   0.001035  0.0000914  0.0000914    0.000390    0.000318
1986   8  18  46660  -0.003813   0.385638   0.0408110   0.0004581   0.000699  -0.000798   0.001339   0.001052  0.0000914  0.0000998    0.000390    0.000318
1986   8  19  46661  -0.002630   0.385905   0.0402294   0.0007249   0.001036  -0.001012   0.003117   0.002749  0.0001083  0.0003381    0.000442    0.000361
1986   8  20  46662  -0.001365   0.385517   0.0393617   0.0010109   0.001117  -0.000950   0.004917   0.003990  0.0005849  0.0001632    0.000777    0.000645
1986   8  21  46663   0.000137   0.385077   0.0382324   0.0012273   0.000862  -0.000592   0.003386   0.001971  0.0002180  0.0003475    0.000603    0.000556
1986   8  22  46664   0.002668   0.387624   0.0369456   0.0013110   0.000229   0.000077   0.001831   0.001167  0.0001101  0.0001566    0.000393    0.000406
1986   8  23  46665   0.005448   0.389985   0.0356494   0.0012479  -0.000273   0.000368   0.002151   0.001416  0.0000951  0.0001039    0.000350    0.000368
1986   8  24  46666   0.007626   0.391066   0.0344799   0.0010713  -0.000492   0.000227   0.003147   0.002180  0.0000976  0.0001170    0.000366    0.000356
1986   8  25  46667   0.009668   0.391452   0.0335244   0.0008391  -0.000406  -0.000143   0.004216   0.002366  0.0001389  0.0001194    0.000673    0.000316
1986   8  26  46668   0.011972   0.392248   0.0328073   0.0006107  -0.000052  -0.000532   0.003080   0.002028  0.0001412  0.0001442    0.000696    0.000329
1986   8  27  46669   0.014246   0.393705   0.0322985   0.0004290   0.000489  -0.000702   0.002033   0.001562  0.0001495  0.0001756    0.000775    0.000378
1986   8  28  46670   0.015455   0.394121   0.0319359   0.0003120   0.000875  -0.000602   0.002002   0.001627  0.0002100  0.0004320    0.001116    0.000530
1986   8  29  46671   0.016039   0.393421   0.0316537   0.0002578   0.000999  -0.000338   0.002925   0.002630  0.0007144  0.0003569    0.002848    0.000876
1986   8  30  46672   0.017436   0.393248   0.0313945   0.0002592   0.000884  -0.000146   0.002833   0.002722  0.0005038  0.0004008    0.001579    0.000796
1986   8  31  46673   0.019556   0.393940   0.0311077   0.0003136   0.000599   0.000007   0.000973   0.001363  0.0000872  0.0002948    0.000292    0.000242
1986   9   1  46674   0.021486   0.395126   0.0307407   0.0004233   0.000254   0.000103   0.000934   0.001315  0.0000858  0.0000865    0.000287    0.000238
1986   9   2  46675   0.022541   0.396031   0.0302386   0.0005909   0.000106   0.000184   0.000963   0.001354  0.0000858  0.0000858    0.000287    0.000238
1986   9   3  46676   0.023513   0.396432   0.0295448   0.0008092   0.000131   0.000225   0.003167   0.004283  0.0000858  0.0000929    0.000287    0.000238
1986   9   4  46677   0.025417   0.396591   0.0286200   0.0010515   0.000269   0.000221   0.008074   0.007407  0.0001001  0.0000940    0.000238    0.000338
1986   9   5  46678   0.028047   0.396972   0.0274591   0.0012761   0.000462   0.000185   0.001254   0.001001  0.0001021  0.0001011    0.000234    0.000359
1986   9   6  46679   0.029630   0.397819   0.0261022   0.0014365   0.000632   0.000141   0.000977   0.000638  0.0001021  0.0001021    0.000234    0.000359
1986   9   7  46680   0.029797   0.398990   0.0246304   0.0014958   0.000624   0.000113   0.001236   0.000635  0.0001021  0.0001021    0.000234    0.000359
1986   9   8  46681   0.030548   0.399815   0.0231531   0.0014400   0.000470   0.000110   0.001784   0.000761  0.0001021  0.0000917    0.000234    0.000359
1986   9   9  46682   0.032480   0.399594   0.0217793   0.0012859   0.000253   0.000132   0.003145   0.005253  0.0000813  0.0000909    0.000418    0.000304
1986   9  10  46683   0.034520   0.398271   0.0205890   0.0010772   0.000028   0.000172   0.001670   0.001917  0.0000796  0.0000804    0.000487    0.000299
1986   9  11  46684   0.035535   0.396683   0.0196101   0.0008734  -0.000149   0.000214   0.000956   0.001019  0.0000796  0.0000796    0.000487    0.000299
1986   9  12  46685   0.037073   0.396247   0.0188090   0.0007365  -0.000084   0.000268   0.001258   0.001327  0.0000796  0.0000796    0.000487    0.000299
1986   9  13  46686   0.038299   0.396623   0.0180937   0.0007147   0.000074   0.000291   0.002560   0.002634  0.0000796  0.0000785    0.000487    0.000299
1986   9  14  46687   0.039140   0.397147   0.0173369   0.0008274   0.000197   0.000262   0.001984   0.002177  0.0000774  0.0000786    0.000355    0.000283
1986   9  15  46688   0.040433   0.397659   0.0164083   0.0010582   0.000217   0.000171   0.000773   0.000862  0.0000776  0.0000788    0.000349    0.000285
1986   9  16  46689   0.042567   0.398272   0.0152108   0.0013547   0.000084   0.000024   0.000831   0.000899  0.0000802  0.0000859    0.000348    0.000307
1986   9  17  46690   0.045242   0.398991   0.0137126   0.0016412  -0.000273  -0.000216   0.001175   0.001093  0.0000942  0.0001118    0.000359    0.000441
1986   9  18  46691   0.046996   0.399471   0.0119604   0.0018384  -0.000294  -0.000132   0.001395   0.001812  0.0001435  0.0001692    0.000461    0.000619
1986   9  19  46692   0.047566   0.398878   0.0100756   0.0018971  -0.000160  -0.000043   0.001205   0.003984  0.0002441  0.0001248    0.000639    0.000563
1986   9  20  46693   0.047863   0.397426   0.0082027   0.0018211  -0.000081  -0.000183   0.001006   0.000934  0.0001061  0.0001691    0.000402    0.000382
1986   9  21  46694   0.048887   0.396667   0.0064589   0.0016519   0.000002  -0.000405   0.001105   0.000894  0.0000941  0.0001001    0.000366    0.000355
1986   9  22  46695   0.050747   0.397304   0.0049112   0.0014397   0.000151  -0.000447   0.001495   0.001218  0.0000940  0.0000940    0.000366    0.000355
1986   9  23  46696   0.051914   0.397788   0.0035791   0.0012302   0.000320  -0.000346   0.002375   0.001986  0.0000940  0.0000954    0.000366    0.000355
1986   9  24  46697   0.052478   0.397410   0.0024401   0.0010608   0.000462  -0.000155   0.005118   0.004861  0.0000968  0.0000955    0.000371    0.000474
1986   9  25  46698   0.053166   0.396510   0.0014382   0.0009585   0.000547   0.000090   0.002586   0.002330  0.0000970  0.0000969    0.000372    0.000488
1986   9  26  46699   0.054300   0.395843   0.0004979   0.0009358   0.000559   0.000342   0.001451   0.001292  0.0000970  0.0000970    0.000372    0.000488
1986   9  27  46700   0.055403   0.395254  -0.0004614   0.0009921   0.000476   0.000511   0.001368   0.001216  0.0000970  0.0000970    0.000372    0.000488
1986   9  28  46701   0.056334   0.394501  -0.0015136   0.0011185   0.000332   0.000600   0.005071   0.004533  0.0000970  0.0000934    0.000372    0.000488
1986   9  29  46702   0.057371   0.393570  -0.0027224   0.0013050   0.000171   0.000618   0.008268   0.007212  0.0000898  0.0000932    0.000388    0.000411
1986   9  30  46703   0.058750   0.392744  -0.0041415   0.0015391   0.000030   0.000574   0.001165   0.001007  0.0000893  0.0000896    0.000389    0.000407
1986  10   1  46704   0.060242   0.392473  -0.0058084   0.0017979  -0.000063   0.000487   0.001041   0.000902  0.0000893  0.0000893    0.000389    0.000407
1986  10   2  46705   0.061589   0.392962  -0.0077296   0.0020401  -0.000063   0.000398   0.001103   0.000957  0.0000893  0.0000893    0.000389    0.000407
1986  10   3  46706   0.062774   0.393787  -0.0098618   0.0022097  -0.000005   0.000307   0.003946   0.003572  0.0000893  0.0000986    0.000389    0.000407
1986  10   4  46707   0.063919   0.394313  -0.0121054   0.0022554   0.000077   0.000212   0.008279   0.007832  0.0001078  0.0000995    0.000395    0.000346
1986  10   5  46708   0.065015   0.394312  -0.0143224   0.0021562   0.000150   0.000116   0.001611   0.001230  0.0001096  0.0001087    0.000395    0.000343
1986  10   6  46709   0.066069   0.394112  -0.0163766   0.0019366   0.000190   0.000017   0.001373   0.001046  0.0001096  0.0001096    0.000395    0.000343
1986  10   7  46710   0.067155   0.394075  -0.0181773   0.0016593   0.000155  -0.000098   0.001991   0.001522  0.0001096  0.0001095    0.000395    0.000343
1986  10   8  46711   0.068267   0.394204  -0.0197056   0.0014019   0.000086  -0.000210   0.004097   0.003200  0.0001095  0.0000940    0.000395    0.000343
1986  10   9  46712   0.069609   0.394020  -0.0210153   0.0012288   0.000026  -0.000303   0.005277   0.004028  0.0000784  0.0000936    0.000315    0.000306
1986  10  10  46713   0.071117   0.393163  -0.0222091   0.0011732   0.000002  -0.000367   0.001785   0.001299  0.0000777  0.0000781    0.000313    0.000305
1986  10  11  46714   0.072435   0.391942  -0.0234057   0.0012351   0.000029  -0.000393   0.000986   0.000715  0.0000777  0.0000777    0.000313    0.000305
1986  10  12  46715   0.073446   0.391113  -0.0247109   0.0013910   0.000189  -0.000382   0.001020   0.000740  0.0000777  0.0000777    0.000313    0.000305
1986  10  13  46716   0.074209   0.390895  -0.0262009   0.0016011   0.000350  -0.000339   0.004619   0.003537  0.0000777  0.0000793    0.000313    0.000305
1986  10  14  46717   0.075015   0.390938  -0.0279063   0.0018141   0.000442  -0.000275   0.007151   0.005990  0.0000808  0.0000792    0.000288    0.000362
1986  10  15  46718   0.076365   0.390795  -0.0298053   0.0019771   0.000419  -0.000211   0.001093   0.000806  0.0000808  0.0000799    0.000287    0.000363
1986  10  16  46719   0.078480   0.390387  -0.0318263   0.0020489   0.000262  -0.000164   0.000883   0.000669  0.0000789  0.0000749    0.000283    0.000343
1986  10  17  46720   0.081021   0.389989  -0.0338672   0.0020140  -0.000035  -0.000124   0.000726   0.000621  0.0000690  0.0000712    0.000259    0.000259
1986  10  18  46721   0.083110   0.389967  -0.0358247   0.0018862  -0.000323  -0.000198   0.000737   0.000674  0.0000634  0.0000858    0.000245    0.000224
1986  10  19  46722   0.084700   0.390125  -0.0376215   0.0016988  -0.000495  -0.000407   0.001821   0.001722  0.0001026  0.0001443    0.000393    0.000355
1986  10  20  46723   0.086463   0.389884  -0.0392172   0.0014922  -0.000498  -0.000607   0.003135   0.002824  0.0002252  0.0001126    0.000750    0.000845
1986  10  21  46724   0.088103   0.389476  -0.0406126   0.0013089  -0.000305  -0.000686   0.001832   0.001553  0.0001227  0.0001633    0.000426    0.000527
1986  10  22  46725   0.089076   0.389245  -0.0418512   0.0011897  -0.000041  -0.000564   0.002009   0.001650  0.0001013  0.0001001    0.000352    0.000435
1986  10  23  46726   0.089577   0.388993  -0.0430154   0.0011572   0.000203  -0.000302   0.000608   0.000662  0.0000776  0.0000881    0.000230    0.000204
1986  10  24  46727   0.089971   0.388786  -0.0441930   0.0011965   0.000367  -0.000049   0.000395   0.000437  0.0000749  0.0000791    0.000218    0.000190
1986  10  25  46728   0.090553   0.388793  -0.0454359   0.0012575   0.000410   0.000042   0.000450   0.000496  0.0000807  0.0000928    0.000249    0.000214
1986  10  26  46729   0.091809   0.388680  -0.0467323   0.0013116   0.000312  -0.000079   0.001004   0.001049  0.0001107  0.0001247    0.000517    0.000401
1986  10  27  46730   0.093656   0.388175  -0.0480780   0.0013959   0.000075  -0.000441   0.001801   0.001811  0.0001687  0.0002606    0.000846    0.000639
1986  10  28  46731   0.094800   0.387703  -0.0495358   0.0015646  -0.000151  -0.000820   0.004450   0.003196  0.0004104  0.0003959    0.001950    0.001476
1986  10  29  46732   0.094732   0.387373  -0.0512080   0.0018159  -0.000277  -0.001052   0.005237   0.003500  0.0006232  0.0003125    0.003487    0.001327
1986  10  30  46733   0.094788   0.386908  -0.0531528   0.0020692  -0.000298  -0.001075   0.002194   0.003011  0.0002146  0.0003678    0.001374    0.000802
1986  10  31  46734   0.096412   0.386087  -0.0553134   0.0022078  -0.000217  -0.000834   0.001055   0.001334  0.0001124  0.0001609    0.000504    0.000400
1986  11   1  46735   0.098823   0.385049  -0.0575208   0.0021541  -0.000116  -0.000642   0.000813   0.000875  0.0001073  0.0001380    0.000278    0.000257
1986  11   2  46736   0.100645   0.384098  -0.0595720   0.0019173  -0.000083  -0.000536   0.001091   0.001108  0.0001636  0.0001988    0.000337    0.000322
1986  11   3  46737   0.101588   0.383429  -0.0613217   0.0015814  -0.000117  -0.000447   0.002874   0.002576  0.0002904  0.0001574    0.000521    0.000584
1986  11   4  46738   0.102489   0.382679  -0.0627306   0.0012555  -0.000157  -0.000364   0.001837   0.001634  0.0001513  0.0001771    0.000336    0.000407
1986  11   5  46739   0.104111   0.381397  -0.0638604   0.0010310  -0.000129  -0.000296   0.000628   0.000661  0.0000638  0.0000892    0.000279    0.000296
1986  11   6  46740   0.105939   0.379429  -0.0648411   0.0009553  -0.000079  -0.000384   0.000290   0.000302  0.0000271  0.0000440    0.000185    0.000170
1986  11   7  46741   0.107613   0.378551  -0.0658223   0.0010123   0.000224  -0.000562   0.000263   0.000270  0.0000241  0.0000423    0.000169    0.000151
1986  11   8  46742   0.109310   0.378980  -0.0669034   0.0011380   0.000734  -0.000652   0.000708   0.000590  0.0000575  0.0000613    0.000249    0.000217
1986  11   9  46743   0.111332   0.378522  -0.0681139   0.0012972   0.000741  -0.000364   0.001472   0.001007  0.0000984  0.0000718    0.000284    0.000263
1986  11  10  46744   0.113390   0.377018  -0.0694917   0.0014908   0.000379   0.000147   0.000966   0.000792  0.0000861  0.0000920    0.000307    0.000384
1986  11  11  46745   0.115228   0.375785  -0.0710736   0.0016892   0.000100   0.000457   0.001015   0.000837  0.0000855  0.0000858    0.000308    0.000396
1986  11  12  46746   0.116932   0.375269  -0.0728396   0.0018345  -0.000064   0.000526   0.003728   0.002675  0.0000855  0.0000824    0.000308    0.000396
1986  11  13  46747   0.118661   0.374682  -0.0747105   0.0018798  -0.000161   0.000412   0.005977   0.003743  0.0000792  0.0000822    0.000311    0.000455
1986  11  14  46748   0.120180   0.373606  -0.0765712   0.0018072  -0.000198   0.000164   0.000946   0.000898  0.0000788  0.0000790    0.000311    0.000460
1986  11  15  46749   0.120924   0.371950  -0.0783054   0.0016318  -0.000203  -0.000137   0.000887   0.000844  0.0000788  0.0000788    0.000311    0.000460
1986  11  16  46750   0.120656   0.370014  -0.0798262   0.0013980  -0.000297  -0.000291   0.000896   0.000853  0.0000788  0.0000788    0.000311    0.000460
1986  11  17  46751   0.120001   0.368259  -0.0811041   0.0011608  -0.000421  -0.000344   0.002402   0.002296  0.0000788  0.0000814    0.000311    0.000460
1986  11  18  46752   0.119900   0.367025  -0.0821605   0.0009650  -0.000530  -0.000339   0.007450   0.007228  0.0000840  0.0000816    0.000285    0.000361
1986  11  19  46753   0.120620   0.366356  -0.0830546   0.0008405  -0.000603  -0.000303   0.001379   0.001335  0.0000845  0.0000842    0.000283    0.000356
1986  11  20  46754   0.121335   0.365443  -0.0838669   0.0008006  -0.000622  -0.000276   0.000869   0.000841  0.0000845  0.0000845    0.000283    0.000356
1986  11  21  46755   0.121328   0.363831  -0.0846825   0.0008439  -0.000539  -0.000342   0.001268   0.001226  0.0000845  0.0000845    0.000283    0.000356
1986  11  22  46756   0.120953   0.362215  -0.0855789   0.0009594  -0.000401  -0.000468   0.002849   0.002737  0.0000845  0.0000930    0.000283    0.000356
1986  11  23  46757   0.120849   0.361023  -0.0866199   0.0011316  -0.000254  -0.000619   0.003733   0.003500  0.0001015  0.0000939    0.000344    0.000449
1986  11  24  46758   0.121087   0.360035  -0.0878535   0.0013432  -0.000134  -0.000763   0.002177   0.001900  0.0001032  0.0001024    0.000350    0.000459
1986  11  25  46759   0.121231   0.358945  -0.0893096   0.0015724  -0.000065  -0.000865   0.001571   0.001331  0.0001032  0.0001032    0.000350    0.000459
1986  11  26  46760   0.121439   0.357718  -0.0909910   0.0017839  -0.000101  -0.000864   0.001621   0.001363  0.0001032  0.0001032    0.000350    0.000459
1986  11  27  46761   0.121906   0.356462  -0.0928563   0.0019272  -0.000186  -0.000789   0.004591   0.004052  0.0001032  0.0000877    0.000350    0.000459
1986  11  28  46762   0.122340   0.355216  -0.0948092   0.0019471  -0.000268  -0.000673   0.004249   0.004528  0.0000723  0.0000871    0.000356    0.000316
1986  11  29  46763   0.122977   0.353867  -0.0967046   0.0018094  -0.000311  -0.000547   0.000753   0.000830  0.0000709  0.0000716    0.000356    0.000310
1986  11  30  46764   0.123780   0.352395  -0.0983859   0.0015325  -0.000298  -0.000445   0.000730   0.000805  0.0000709  0.0000709    0.000356    0.000310
1986  12   1  46765   0.124754   0.350828  -0.0997487   0.0012054  -0.000119  -0.000428   0.000736   0.000812  0.0000709  0.0000710    0.000356    0.000310
1986  12   2  46766   0.126012   0.349277  -0.1008081   0.0009530   0.000085  -0.000466   0.001857   0.002037  0.0000710  0.0000776    0.000356    0.000310
1986  12   3  46767   0.127631   0.347865  -0.1016963   0.0008683   0.000202  -0.000528   0.006944   0.005931  0.0000843  0.0000787    0.000297    0.000319
1986  12   4  46768   0.129352   0.346697  -0.1026009   0.0009652   0.000176  -0.000587   0.001678   0.001218  0.0000864  0.0000874    0.000294    0.000318
1986  12   5  46769   0.130725   0.345819  -0.1036757   0.0011744  -0.000012  -0.000622   0.001019   0.000704  0.0000905  0.0000949    0.000296    0.000312
1986  12   6  46770   0.131695   0.345104  -0.1049752   0.0013884  -0.000347  -0.000615   0.001251   0.000723  0.0001034  0.0001035    0.000299    0.000297
1986  12   7  46771   0.132817   0.344251  -0.1064497   0.0015392  -0.000633  -0.000612   0.001585   0.000749  0.0001165  0.0001508    0.000303    0.000290
1986  12   8  46772   0.134392   0.342897  -0.1080293   0.0016245  -0.000729  -0.000620   0.002438   0.001645  0.0001982  0.0001402    0.000440    0.000374
1986  12   9  46773   0.136022   0.340916  -0.1096646   0.0016617  -0.000554  -0.000634   0.001825   0.001571  0.0001638  0.0001543    0.000430    0.000380
1986  12  10  46774   0.137083   0.338522  -0.1113190   0.0016475  -0.000056  -0.000643   0.001239   0.001005  0.0001105  0.0001518    0.000361    0.000362
1986  12  11  46775   0.137838   0.336648  -0.1129324   0.0015609   0.000380  -0.000709   0.001672   0.001393  0.0001398  0.0002160    0.000481    0.000508
1986  12  12  46776   0.138317   0.335713  -0.1144226   0.0013939   0.000550  -0.000783   0.003296   0.003006  0.0003215  0.0001850    0.001098    0.001170
1986  12  13  46777   0.138820   0.334696  -0.1157116   0.0011674   0.000425  -0.000822   0.003263   0.002946  0.0002302  0.0001975    0.001138    0.000864
1986  12  14  46778   0.139470   0.333163  -0.1167586   0.0009259   0.000092  -0.000822   0.001186   0.000800  0.0000735  0.0001518    0.000385    0.000279
1986  12  15  46779   0.140038   0.331103  -0.1175739   0.0007177  -0.000328  -0.000778   0.001160   0.000782  0.0000734  0.0000735    0.000385    0.000279
1986  12  16  46780   0.140312   0.328983  -0.1182126   0.0005820  -0.000520  -0.000708   0.001171   0.000789  0.0000734  0.0000734    0.000385    0.000279
1986  12  17  46781   0.140474   0.327209  -0.1187617   0.0005423  -0.000522  -0.000607   0.002944   0.001830  0.0000734  0.0000780    0.000384    0.000279
1986  12  18  46782   0.140873   0.326151  -0.1193231   0.0006047  -0.000407  -0.000484   0.007327   0.003569  0.0000825  0.0000785    0.000283    0.000247
1986  12  19  46783   0.141471   0.325976  -0.1199954   0.0007587  -0.000222  -0.000348   0.001256   0.001148  0.0000835  0.0000830    0.000278    0.000245
1986  12  20  46784   0.141862   0.325599  -0.1208592   0.0009792  -0.000035  -0.000212   0.000839   0.000784  0.0000835  0.0000836    0.000278    0.000245
1986  12  21  46785   0.142104   0.324451  -0.1219646   0.0012307   0.000039  -0.000085   0.001126   0.001037  0.0000836  0.0000902    0.000278    0.000245
1986  12  22  46786   0.142834   0.323598  -0.1233225   0.0014747   0.000018   0.000015   0.001108   0.000991  0.0000968  0.0000944    0.000372    0.000288
1986  12  23  46787   0.144015   0.323025  -0.1249070   0.0016781  -0.000071   0.000075   0.000635   0.000573  0.0001053  0.0001011    0.000464    0.000316
1986  12  24  46788   0.144852   0.322029  -0.1266621   0.0018149  -0.000185   0.000079   0.000631   0.000569  0.0001053  0.0001053    0.000464    0.000317
1986  12  25  46789   0.144845   0.320401  -0.1285100   0.0018661  -0.000287   0.000027   0.000895   0.000806  0.0001053  0.0001053    0.000464    0.000317
1986  12  26  46790   0.144351   0.318673  -0.1303583   0.0018190  -0.000372  -0.000065   0.011365   0.007266  0.0001053  0.0001013    0.000464    0.000317
1986  12  27  46791   0.144031   0.317326  -0.1321094   0.0016747  -0.000428  -0.000181   0.024518   0.009340  0.0000973  0.0001007    0.000370    0.000353
1986  12  28  46792   0.144209   0.316455  -0.1336794   0.0014596  -0.000448  -0.000300   0.002748   0.002811  0.0000962  0.0000967    0.000360    0.000360
1986  12  29  46793   0.144710   0.315783  -0.1350242   0.0012294  -0.000440  -0.000404   0.000700   0.000744  0.0000962  0.0000962    0.000360    0.000360
1986  12  30  46794   0.145170   0.315012  -0.1361649   0.0010586  -0.000416  -0.000478   0.000697   0.000741  0.0000962  0.0000962    0.000360    0.000360
1986  12  31  46795   0.145419   0.313882  -0.1371927   0.0010112  -0.000398  -0.000502   0.000698   0.000742  0.0000962  0.0000962    0.000360    0.000360
