

                   INTERNATIONAL EARTH ROTATION SERVICE
                        EARTH ROTATION PARAMETERS
                          EOP (IERS) C04

  
             FORMAT(3(I4),I7,2(F11.6),2(F12.7),2(F12.6),2(F11.6),2(F12.7),2F12.6)
**********************************************************************************
  
      Date      MJD      x          y        UT1-UTC       LOD         dX        dY        x Err     y Err   UT1-UTC Err  Lod Err     dY Err       dY Err  
                         "          "           s           s          "         "           "          "          s         s            "           "
     (0h UTC)

2002   1   1  52275  -0.177005   0.294156  -0.1158105   0.0008010   0.000415  -0.000164   0.000075   0.000110  0.0000439  0.0000455    0.000062    0.000059
2002   1   2  52276  -0.177482   0.297850  -0.1166806   0.0009431   0.000325  -0.000140   0.000069   0.000108  0.0000418  0.0000443    0.000064    0.000063
2002   1   3  52277  -0.178371   0.301067  -0.1176979   0.0011301   0.000219  -0.000111   0.000065   0.000107  0.0000281  0.0000430    0.000064    0.000063
2002   1   4  52278  -0.179130   0.303901  -0.1188935   0.0012961   0.000125  -0.000086   0.000062   0.000103  0.0000186  0.0000454    0.000064    0.000063
2002   1   5  52279  -0.179593   0.306694  -0.1202427   0.0013409   0.000073  -0.000080   0.000052   0.000102  0.0000220  0.0000469    0.000064    0.000063
2002   1   6  52280  -0.180004   0.309735  -0.1216273   0.0013404   0.000062  -0.000079   0.000056   0.000093  0.0000274  0.0000413    0.000065    0.000062
2002   1   7  52281  -0.180667   0.312898  -0.1229049   0.0012529   0.000088  -0.000074   0.000072   0.000076  0.0000121  0.0000335    0.000080    0.000055
2002   1   8  52282  -0.181711   0.315747  -0.1239689   0.0010148   0.000138  -0.000063   0.000074   0.000081  0.0000138  0.0000315    0.000080    0.000055
2002   1   9  52283  -0.182724   0.318489  -0.1247903   0.0007274   0.000193  -0.000034   0.000074   0.000098  0.0000206  0.0000341    0.000080    0.000054
2002   1  10  52284  -0.183092   0.321400  -0.1254107   0.0004807   0.000242  -0.000014   0.000078   0.000099  0.0000336  0.0000360    0.000056    0.000036
2002   1  11  52285  -0.182987   0.324443  -0.1257901   0.0002897   0.000276  -0.000021   0.000090   0.000095  0.0000232  0.0000363    0.000053    0.000034
2002   1  12  52286  -0.182761   0.327666  -0.1260358   0.0001453   0.000288  -0.000094   0.000111   0.000100  0.0000270  0.0000434    0.000053    0.000034
2002   1  13  52287  -0.182281   0.330759  -0.1261058   0.0000414   0.000283  -0.000195   0.000139   0.000116  0.0000289  0.0000614    0.000053    0.000034
2002   1  14  52288  -0.181698   0.333819  -0.1260703  -0.0000128   0.000269  -0.000276   0.000124   0.000115  0.0000089  0.0000474    0.000051    0.000031
2002   1  15  52289  -0.181324   0.337012  -0.1260522   0.0000372   0.000254  -0.000305   0.000090   0.000103  0.0000100  0.0000386    0.000051    0.000031
2002   1  16  52290  -0.180714   0.340012  -0.1261393   0.0001535   0.000261  -0.000226   0.000078   0.000096  0.0000113  0.0000481    0.000038    0.000030
2002   1  17  52291  -0.179884   0.343152  -0.1263031   0.0002476   0.000261  -0.000120   0.000057   0.000079  0.0000080  0.0000479    0.000029    0.000029
2002   1  18  52292  -0.179276   0.346358  -0.1265785   0.0003637   0.000231  -0.000048   0.000060   0.000079  0.0000100  0.0000304    0.000038    0.000036
2002   1  19  52293  -0.178790   0.349463  -0.1270217   0.0004811   0.000219  -0.000002   0.000094   0.000100  0.0000162  0.0000270    0.000057    0.000045
2002   1  20  52294  -0.178430   0.352553  -0.1275533   0.0005529   0.000239   0.000020   0.000119   0.000113  0.0000253  0.0000282    0.000067    0.000047
2002   1  21  52295  -0.178175   0.355567  -0.1281233   0.0006042   0.000270   0.000012   0.000115   0.000115  0.0000077  0.0000278    0.000037    0.000019
2002   1  22  52296  -0.177708   0.358722  -0.1287108   0.0005993   0.000290  -0.000019   0.000095   0.000108  0.0000057  0.0000298    0.000036    0.000018
2002   1  23  52297  -0.177089   0.362126  -0.1293009   0.0005637   0.000285  -0.000064   0.000071   0.000087  0.0000066  0.0000340    0.000036    0.000018
2002   1  24  52298  -0.176510   0.365551  -0.1298548   0.0004888   0.000225  -0.000113   0.000076   0.000088  0.0000091  0.0000425    0.000039    0.000020
2002   1  25  52299  -0.175772   0.368951  -0.1302937   0.0003543   0.000150  -0.000150   0.000092   0.000092  0.0000140  0.0000431    0.000055    0.000034
2002   1  26  52300  -0.175042   0.372395  -0.1306341   0.0002598   0.000109  -0.000136   0.000104   0.000096  0.0000177  0.0000406    0.000057    0.000036
2002   1  27  52301  -0.174357   0.375757  -0.1309488   0.0002846   0.000097  -0.000098   0.000114   0.000115  0.0000227  0.0000420    0.000056    0.000035
2002   1  28  52302  -0.173623   0.379040  -0.1313360   0.0004433   0.000101  -0.000079   0.000102   0.000115  0.0000106  0.0000348    0.000049    0.000031
2002   1  29  52303  -0.172900   0.382277  -0.1319010   0.0006934   0.000103  -0.000106   0.000100   0.000104  0.0000105  0.0000350    0.000050    0.000033
2002   1  30  52304  -0.172291   0.385357  -0.1327166   0.0009940   0.000083  -0.000213   0.000113   0.000101  0.0000120  0.0000341    0.000053    0.000041
2002   1  31  52305  -0.170919   0.388525  -0.1339072   0.0012491   0.000114  -0.000251   0.000116   0.000107  0.0000169  0.0000297    0.000057    0.000051
2002   2   1  52306  -0.168920   0.391794  -0.1351926   0.0014071   0.000183  -0.000201   0.000103   0.000104  0.0000242  0.0000300    0.000060    0.000051
2002   2   2  52307  -0.167414   0.395027  -0.1366176   0.0014898   0.000203  -0.000124   0.000103   0.000108  0.0000311  0.0000348    0.000060    0.000051
2002   2   3  52308  -0.166461   0.398165  -0.1380572   0.0014480   0.000180  -0.000047   0.000103   0.000131  0.0000373  0.0000353    0.000060    0.000051
2002   2   4  52309  -0.165532   0.401093  -0.1394434   0.0012700   0.000148   0.000016   0.000087   0.000112  0.0000115  0.0000311    0.000059    0.000050
2002   2   5  52310  -0.164425   0.403739  -0.1407075   0.0010793   0.000129   0.000041   0.000084   0.000114  0.0000131  0.0000302    0.000059    0.000050
2002   2   6  52311  -0.163296   0.406595  -0.1417529   0.0008813   0.000164   0.000002   0.000093   0.000132  0.0000189  0.0000297    0.000070    0.000059
2002   2   7  52312  -0.162256   0.409736  -0.1424569   0.0006407   0.000205  -0.000064   0.000096   0.000108  0.0000348  0.0000272    0.000156    0.000121
2002   2   8  52313  -0.161190   0.412708  -0.1430159   0.0004787   0.000219  -0.000121   0.000093   0.000098  0.0000268  0.0000271    0.000094    0.000071
2002   2   9  52314  -0.159798   0.415704  -0.1434352   0.0003907   0.000207  -0.000133   0.000096   0.000099  0.0000308  0.0000247    0.000077    0.000059
2002   2  10  52315  -0.157995   0.419100  -0.1438260   0.0003732   0.000178  -0.000099   0.000106   0.000109  0.0000403  0.0000249    0.000077    0.000057
2002   2  11  52316  -0.156060   0.422705  -0.1442670   0.0004611   0.000144  -0.000050   0.000110   0.000107  0.0000174  0.0000295    0.000096    0.000059
2002   2  12  52317  -0.154419   0.425983  -0.1447922   0.0005850   0.000117  -0.000018   0.000104   0.000098  0.0000179  0.0000283    0.000088    0.000056
2002   2  13  52318  -0.153350   0.429015  -0.1454085   0.0006900   0.000109  -0.000039   0.000100   0.000090  0.0000225  0.0000277    0.000071    0.000048
2002   2  14  52319  -0.152577   0.431937  -0.1461570   0.0007929   0.000143  -0.000080   0.000099   0.000092  0.0000239  0.0000300    0.000058    0.000041
2002   2  15  52320  -0.151506   0.434680  -0.1469838   0.0008566   0.000205  -0.000126   0.000084   0.000096  0.0000146  0.0000330    0.000047    0.000035
2002   2  16  52321  -0.150137   0.437369  -0.1478969   0.0009433   0.000230  -0.000152   0.000092   0.000103  0.0000173  0.0000369    0.000046    0.000034
2002   2  17  52322  -0.148496   0.439948  -0.1489211   0.0010831   0.000219  -0.000159   0.000129   0.000109  0.0000262  0.0000381    0.000046    0.000034
2002   2  18  52323  -0.146783   0.442556  -0.1500037   0.0011038   0.000195  -0.000158   0.000116   0.000106  0.0000442  0.0000311    0.000057    0.000033
2002   2  19  52324  -0.145288   0.445447  -0.1510481   0.0010113   0.000174  -0.000162   0.000094   0.000103  0.0000124  0.0000268    0.000058    0.000033
2002   2  20  52325  -0.143784   0.448183  -0.1519994   0.0009228   0.000169  -0.000179   0.000072   0.000109  0.0000073  0.0000253    0.000058    0.000033
2002   2  21  52326  -0.142056   0.451018  -0.1528899   0.0008366   0.000207  -0.000228   0.000069   0.000106  0.0000095  0.0000250    0.000061    0.000037
2002   2  22  52327  -0.140310   0.454178  -0.1536458   0.0007371   0.000248  -0.000285   0.000081   0.000093  0.0000163  0.0000263    0.000068    0.000065
2002   2  23  52328  -0.138522   0.457472  -0.1543742   0.0006643   0.000243  -0.000326   0.000091   0.000095  0.0000215  0.0000297    0.000069    0.000070
2002   2  24  52329  -0.136544   0.460912  -0.1550864   0.0006882   0.000202  -0.000344   0.000093   0.000103  0.0000267  0.0000337    0.000061    0.000054
2002   2  25  52330  -0.134072   0.464071  -0.1558345   0.0008327   0.000148  -0.000334   0.000086   0.000104  0.0000096  0.0000312    0.000040    0.000028
2002   2  26  52331  -0.131070   0.467152  -0.1567290   0.0010926   0.000101  -0.000297   0.000065   0.000094  0.0000110  0.0000275    0.000040    0.000028
2002   2  27  52332  -0.128380   0.470463  -0.1579005   0.0014030   0.000105  -0.000231   0.000066   0.000094  0.0000168  0.0000266    0.000040    0.000028
2002   2  28  52333  -0.126024   0.473689  -0.1594329   0.0015945   0.000132  -0.000161   0.000086   0.000099  0.0000279  0.0000285    0.000044    0.000033
2002   3   1  52334  -0.123487   0.476792  -0.1610158   0.0016814   0.000160  -0.000110   0.000091   0.000093  0.0000170  0.0000327    0.000045    0.000034
2002   3   2  52335  -0.120775   0.479981  -0.1626636   0.0016750   0.000161  -0.000125   0.000110   0.000095  0.0000194  0.0000401    0.000045    0.000034
2002   3   3  52336  -0.118548   0.483117  -0.1642436   0.0015160   0.000142  -0.000173   0.000151   0.000104  0.0000216  0.0000413    0.000045    0.000033
2002   3   4  52337  -0.116706   0.486156  -0.1656408   0.0012561   0.000118  -0.000214   0.000139   0.000102  0.0000069  0.0000324    0.000041    0.000026
2002   3   5  52338  -0.114532   0.489169  -0.1667887   0.0009932   0.000102  -0.000219   0.000101   0.000092  0.0000070  0.0000286    0.000042    0.000027
2002   3   6  52339  -0.111789   0.491950  -0.1676897   0.0008001   0.000102  -0.000165   0.000068   0.000082  0.0000072  0.0000304    0.000036    0.000026
2002   3   7  52340  -0.108744   0.494663  -0.1684157   0.0006336   0.000127  -0.000118   0.000039   0.000073  0.0000060  0.0000375    0.000026    0.000018
2002   3   8  52341  -0.105627   0.497339  -0.1690236   0.0005286   0.000210  -0.000124   0.000043   0.000077  0.0000076  0.0000471    0.000030    0.000020
2002   3   9  52342  -0.102345   0.499950  -0.1695954   0.0005063   0.000291  -0.000164   0.000079   0.000091  0.0000127  0.0000496    0.000044    0.000029
2002   3  10  52343  -0.099250   0.502639  -0.1701462   0.0005490   0.000325  -0.000212   0.000110   0.000110  0.0000183  0.0000424    0.000043    0.000028
2002   3  11  52344  -0.096933   0.505386  -0.1707464   0.0006723   0.000311  -0.000247   0.000088   0.000090  0.0000081  0.0000354    0.000025    0.000018
2002   3  12  52345  -0.095053   0.507812  -0.1714761   0.0008220   0.000251  -0.000247   0.000053   0.000062  0.0000080  0.0000321    0.000027    0.000019
2002   3  13  52346  -0.092865   0.510108  -0.1723648   0.0009476   0.000147  -0.000187   0.000047   0.000058  0.0000091  0.0000280    0.000031    0.000022
2002   3  14  52347  -0.090318   0.512439  -0.1733479   0.0010071   0.000130  -0.000169   0.000057   0.000064  0.0000148  0.0000176    0.000038    0.000027
2002   3  15  52348  -0.087696   0.514528  -0.1743433   0.0009745   0.000197  -0.000200   0.000062   0.000067  0.0000190  0.0000179    0.000044    0.000031
2002   3  16  52349  -0.084955   0.516655  -0.1752917   0.0009070   0.000217  -0.000211   0.000064   0.000080  0.0000210  0.0000264    0.000045    0.000032
2002   3  17  52350  -0.081891   0.518704  -0.1762014   0.0008620   0.000195  -0.000197   0.000078   0.000086  0.0000255  0.0000255    0.000046    0.000032
2002   3  18  52351  -0.078729   0.520489  -0.1770498   0.0008206   0.000169  -0.000173   0.000076   0.000070  0.0000091  0.0000250    0.000056    0.000037
2002   3  19  52352  -0.075670   0.522383  -0.1777750   0.0007126   0.000159  -0.000144   0.000059   0.000062  0.0000103  0.0000244    0.000061    0.000041
2002   3  20  52353  -0.072585   0.524205  -0.1783500   0.0005404   0.000181  -0.000116   0.000059   0.000057  0.0000147  0.0000248    0.000097    0.000065
2002   3  21  52354  -0.069305   0.525914  -0.1788420   0.0004178   0.000218  -0.000101   0.000067   0.000059  0.0000253  0.0000261    0.000162    0.000128
2002   3  22  52355  -0.065858   0.527725  -0.1792214   0.0003633   0.000252  -0.000105   0.000065   0.000071  0.0000159  0.0000275    0.000079    0.000066
2002   3  23  52356  -0.062382   0.529371  -0.1796129   0.0003828   0.000262  -0.000128   0.000066   0.000072  0.0000167  0.0000336    0.000064    0.000053
2002   3  24  52357  -0.058889   0.530881  -0.1800742   0.0005140   0.000241  -0.000159   0.000071   0.000078  0.0000197  0.0000506    0.000061    0.000047
2002   3  25  52358  -0.055305   0.532568  -0.1806784   0.0007145   0.000204  -0.000186   0.000071   0.000076  0.0000081  0.0000521    0.000057    0.000033
2002   3  26  52359  -0.051556   0.534386  -0.1815129   0.0009813   0.000169  -0.000199   0.000066   0.000064  0.0000089  0.0000438    0.000062    0.000036
2002   3  27  52360  -0.048000   0.536112  -0.1826463   0.0013010   0.000162  -0.000189   0.000067   0.000065  0.0000135  0.0000379    0.000087    0.000052
2002   3  28  52361  -0.044936   0.537577  -0.1840911   0.0015366   0.000121  -0.000175   0.000072   0.000063  0.0000230  0.0000345    0.000089    0.000055
2002   3  29  52362  -0.041811   0.538759  -0.1856627   0.0015533   0.000112  -0.000158   0.000072   0.000060  0.0000257  0.0000355    0.000076    0.000046
2002   3  30  52363  -0.038282   0.539747  -0.1871329   0.0013693   0.000172  -0.000144   0.000086   0.000061  0.0000266  0.0000442    0.000074    0.000044
2002   3  31  52364  -0.034592   0.540478  -0.1884246   0.0011423   0.000261  -0.000140   0.000084   0.000064  0.0000276  0.0000431    0.000071    0.000043
2002   4   1  52365  -0.030844   0.541004  -0.1894760   0.0009330   0.000346  -0.000153   0.000070   0.000068  0.0000380  0.0000305    0.000050    0.000032
2002   4   2  52366  -0.027000   0.541419  -0.1902766   0.0006868   0.000392  -0.000179   0.000068   0.000080  0.0000166  0.0000279    0.000050    0.000032
2002   4   3  52367  -0.022997   0.542017  -0.1908584   0.0004662   0.000373  -0.000217   0.000069   0.000078  0.0000089  0.0000304    0.000049    0.000032
2002   4   4  52368  -0.018877   0.543124  -0.1912946   0.0003876   0.000271  -0.000267   0.000067   0.000072  0.0000089  0.0000303    0.000046    0.000030
2002   4   5  52369  -0.015012   0.544544  -0.1916721   0.0003957   0.000180  -0.000262   0.000062   0.000061  0.0000110  0.0000307    0.000049    0.000030
2002   4   6  52370  -0.011693   0.546017  -0.1920685   0.0004493   0.000082  -0.000215   0.000064   0.000055  0.0000149  0.0000321    0.000052    0.000030
2002   4   7  52371  -0.008794   0.547251  -0.1925463   0.0005471  -0.000012  -0.000162   0.000068   0.000059  0.0000183  0.0000327    0.000052    0.000029
2002   4   8  52372  -0.006203   0.548148  -0.1931348   0.0006412  -0.000047  -0.000133   0.000067   0.000065  0.0000081  0.0000329    0.000047    0.000026
2002   4   9  52373  -0.003888   0.548868  -0.1938339   0.0007580   0.000004  -0.000152   0.000070   0.000077  0.0000086  0.0000296    0.000047    0.000026
2002   4  10  52374  -0.001875   0.549503  -0.1946355   0.0008506   0.000176  -0.000247   0.000061   0.000072  0.0000118  0.0000289    0.000045    0.000029
2002   4  11  52375   0.000564   0.549943  -0.1955390   0.0009331   0.000243  -0.000276   0.000063   0.000065  0.0000177  0.0000293    0.000045    0.000031
2002   4  12  52376   0.003655   0.550585  -0.1965067   0.0010066   0.000191  -0.000226   0.000070   0.000064  0.0000151  0.0000307    0.000047    0.000035
2002   4  13  52377   0.006719   0.551422  -0.1974499   0.0009356   0.000169  -0.000171   0.000066   0.000066  0.0000174  0.0000365    0.000047    0.000035
2002   4  14  52378   0.009827   0.552082  -0.1983220   0.0007763   0.000183  -0.000126   0.000055   0.000082  0.0000195  0.0000306    0.000045    0.000032
2002   4  15  52379   0.012873   0.552771  -0.1990463   0.0006319   0.000205  -0.000088   0.000051   0.000080  0.0000070  0.0000241    0.000034    0.000022
2002   4  16  52380   0.015636   0.553396  -0.1995685   0.0004540   0.000225  -0.000068   0.000050   0.000063  0.0000080  0.0000215    0.000034    0.000022
2002   4  17  52381   0.018759   0.553887  -0.1999123   0.0002966   0.000228  -0.000076   0.000056   0.000062  0.0000119  0.0000193    0.000035    0.000022
2002   4  18  52382   0.022116   0.554387  -0.2001885   0.0002249   0.000214  -0.000106   0.000064   0.000064  0.0000201  0.0000221    0.000041    0.000032
2002   4  19  52383   0.025482   0.554795  -0.2004542   0.0002015   0.000185  -0.000146   0.000050   0.000070  0.0000139  0.0000306    0.000043    0.000037
2002   4  20  52384   0.028892   0.555086  -0.2006801   0.0002080   0.000130  -0.000181   0.000045   0.000070  0.0000165  0.0000373    0.000043    0.000037
2002   4  21  52385   0.031964   0.555212  -0.2009839   0.0003233   0.000073  -0.000207   0.000053   0.000066  0.0000196  0.0000410    0.000041    0.000033
2002   4  22  52386   0.034775   0.555184  -0.2014859   0.0005935   0.000035  -0.000222   0.000073   0.000077  0.0000063  0.0000285    0.000033    0.000021
2002   4  23  52387   0.037800   0.555057  -0.2022590   0.0009203   0.000030  -0.000225   0.000061   0.000068  0.0000073  0.0000251    0.000033    0.000021
2002   4  24  52388   0.041153   0.554838  -0.2033070   0.0011809   0.000086  -0.000223   0.000058   0.000069  0.0000110  0.0000266    0.000033    0.000021
2002   4  25  52389   0.044796   0.554696  -0.2045691   0.0013529   0.000162  -0.000212   0.000069   0.000071  0.0000178  0.0000324    0.000043    0.000035
2002   4  26  52390   0.048612   0.554532  -0.2059888   0.0014325   0.000224  -0.000192   0.000067   0.000059  0.0000116  0.0000355    0.000046    0.000044
2002   4  27  52391   0.052411   0.554078  -0.2073640   0.0013301   0.000223  -0.000158   0.000068   0.000058  0.0000138  0.0000335    0.000046    0.000044
2002   4  28  52392   0.056171   0.553501  -0.2085581   0.0010498   0.000169  -0.000122   0.000081   0.000059  0.0000185  0.0000370    0.000046    0.000043
2002   4  29  52393   0.059867   0.553074  -0.2094505   0.0007086   0.000086  -0.000099   0.000080   0.000069  0.0000092  0.0000326    0.000045    0.000038
2002   4  30  52394   0.063429   0.552823  -0.2100054   0.0004476   0.000001  -0.000093   0.000068   0.000070  0.0000105  0.0000358    0.000045    0.000038
2002   5   1  52395   0.066736   0.552703  -0.2103107   0.0002935  -0.000053  -0.000126   0.000064   0.000060  0.0000158  0.0000486    0.000045    0.000038
2002   5   2  52396   0.069939   0.552442  -0.2105635   0.0002013  -0.000063  -0.000167   0.000064   0.000059  0.0000245  0.0000488    0.000058    0.000049
2002   5   3  52397   0.073299   0.552210  -0.2107549   0.0002062  -0.000028  -0.000195   0.000071   0.000059  0.0000145  0.0000516    0.000062    0.000052
2002   5   4  52398   0.076831   0.552072  -0.2109948   0.0003007   0.000084  -0.000143   0.000074   0.000071  0.0000175  0.0000395    0.000062    0.000052
2002   5   5  52399   0.080609   0.551957  -0.2113638   0.0004499   0.000212  -0.000065   0.000079   0.000074  0.0000233  0.0000276    0.000059    0.000054
2002   5   6  52400   0.084595   0.551860  -0.2119042   0.0006416   0.000292  -0.000020   0.000089   0.000066  0.0000093  0.0000247    0.000047    0.000076
2002   5   7  52401   0.088408   0.551516  -0.2126100   0.0007993   0.000284  -0.000045   0.000070   0.000065  0.0000093  0.0000247    0.000044    0.000057
2002   5   8  52402   0.091422   0.550963  -0.2134463   0.0009007   0.000156  -0.000172   0.000054   0.000058  0.0000090  0.0000240    0.000036    0.000031
2002   5   9  52403   0.094235   0.550160  -0.2143609   0.0009619   0.000029  -0.000229   0.000041   0.000054  0.0000075  0.0000284    0.000029    0.000020
2002   5  10  52404   0.097675   0.549422  -0.2153255   0.0009919  -0.000009  -0.000208   0.000045   0.000058  0.0000107  0.0000327    0.000035    0.000024
2002   5  11  52405   0.101050   0.549069  -0.2163010   0.0009490   0.000025  -0.000132   0.000066   0.000079  0.0000241  0.0000309    0.000053    0.000040
2002   5  12  52406   0.103892   0.548605  -0.2172283   0.0008554   0.000090  -0.000042   0.000071   0.000137  0.0000356  0.0000320    0.000059    0.000045
2002   5  13  52407   0.106745   0.547833  -0.2180477   0.0007811   0.000157   0.000008   0.000069   0.000125  0.0000117  0.0000310    0.000051    0.000031
2002   5  14  52408   0.109623   0.546949  -0.2187345   0.0006701   0.000189  -0.000026   0.000060   0.000082  0.0000131  0.0000307    0.000056    0.000034
2002   5  15  52409   0.112026   0.545805  -0.2193172   0.0005556   0.000149  -0.000186   0.000056   0.000087  0.0000184  0.0000314    0.000080    0.000045
2002   5  16  52410   0.114114   0.544283  -0.2198625   0.0004874   0.000134  -0.000277   0.000060   0.000133  0.0000191  0.0000309    0.000077    0.000048
2002   5  17  52411   0.116424   0.542660  -0.2203537   0.0004761   0.000173  -0.000208   0.000060   0.000118  0.0000198  0.0000318    0.000062    0.000047
2002   5  18  52412   0.119054   0.541457  -0.2208515   0.0005753   0.000181  -0.000116   0.000061   0.000107  0.0000262  0.0000377    0.000058    0.000049
2002   5  19  52413   0.121919   0.540720  -0.2215088   0.0007509   0.000130  -0.000079   0.000070   0.000083  0.0000327  0.0000428    0.000053    0.000042
2002   5  20  52414   0.125153   0.540210  -0.2224311   0.0009733   0.000052  -0.000082   0.000072   0.000068  0.0000120  0.0000428    0.000038    0.000025
2002   5  21  52415   0.128365   0.539725  -0.2236207   0.0012378  -0.000027  -0.000117   0.000060   0.000063  0.0000136  0.0000386    0.000038    0.000025
2002   5  22  52416   0.131095   0.539054  -0.2249890   0.0014041  -0.000054  -0.000155   0.000062   0.000063  0.0000191  0.0000327    0.000038    0.000025
2002   5  23  52417   0.133564   0.538178  -0.2264058   0.0014182  -0.000049  -0.000194   0.000074   0.000066  0.0000274  0.0000244    0.000062    0.000043
2002   5  24  52418   0.135925   0.537185  -0.2277973   0.0013083  -0.000023  -0.000221   0.000072   0.000066  0.0000209  0.0000200    0.000076    0.000056
2002   5  25  52419   0.138165   0.536201  -0.2290052   0.0010840   0.000008  -0.000203   0.000071   0.000068  0.0000244  0.0000227    0.000076    0.000056
2002   5  26  52420   0.140450   0.535155  -0.2298942   0.0007876   0.000035  -0.000156   0.000076   0.000083  0.0000343  0.0000306    0.000076    0.000056
2002   5  27  52421   0.143119   0.534011  -0.2304580   0.0004721   0.000052  -0.000101   0.000086   0.000082  0.0000817  0.0000293    0.000055    0.000036
2002   5  28  52422   0.146157   0.532894  -0.2307871   0.0002094   0.000058  -0.000059   0.000090   0.000069  0.0000214  0.0000266    0.000054    0.000036
2002   5  29  52423   0.149062   0.531683  -0.2309725   0.0000734   0.000054  -0.000045   0.000072   0.000066  0.0000125  0.0000264    0.000054    0.000036
2002   5  30  52424   0.151830   0.530310  -0.2310318   0.0000443   0.000037  -0.000084   0.000063   0.000068  0.0000160  0.0000273    0.000058    0.000038
2002   5  31  52425   0.154610   0.528810  -0.2310656   0.0000593   0.000033  -0.000135   0.000057   0.000086  0.0000228  0.0000263    0.000075    0.000047
2002   6   1  52426   0.157234   0.527243  -0.2311086   0.0000856   0.000082  -0.000142   0.000053   0.000115  0.0000287  0.0000272    0.000077    0.000048
2002   6   2  52427   0.159717   0.525524  -0.2312003   0.0001399   0.000159  -0.000116   0.000062   0.000087  0.0000302  0.0000349    0.000070    0.000042
2002   6   3  52428   0.162339   0.523686  -0.2313715   0.0002043   0.000217  -0.000093   0.000071   0.000070  0.0000082  0.0000290    0.000049    0.000028
2002   6   4  52429   0.165187   0.521909  -0.2316028   0.0002354   0.000223  -0.000094   0.000065   0.000067  0.0000092  0.0000238    0.000053    0.000030
2002   6   5  52430   0.168226   0.520278  -0.2318253   0.0001967   0.000151  -0.000145   0.000066   0.000067  0.0000152  0.0000261    0.000079    0.000045
2002   6   6  52431   0.171333   0.518723  -0.2319284   0.0001064   0.000045  -0.000216   0.000074   0.000067  0.0000337  0.0000284    0.000129    0.000072
2002   6   7  52432   0.174438   0.517018  -0.2319524  -0.0000053  -0.000055  -0.000283   0.000076   0.000066  0.0000280  0.0000269    0.000087    0.000048
2002   6   8  52433   0.177554   0.515288  -0.2318717  -0.0001531  -0.000085  -0.000284   0.000075   0.000078  0.0000320  0.0000264    0.000085    0.000047
2002   6   9  52434   0.180620   0.513692  -0.2316588  -0.0002967  -0.000049  -0.000237   0.000061   0.000107  0.0000334  0.0000256    0.000069    0.000045
2002   6  10  52435   0.183485   0.512044  -0.2312796  -0.0004423   0.000019  -0.000187   0.000050   0.000082  0.0000105  0.0000231    0.000039    0.000039
2002   6  11  52436   0.186016   0.510153  -0.2307285  -0.0005851   0.000090  -0.000165   0.000039   0.000066  0.0000119  0.0000217    0.000039    0.000039
2002   6  12  52437   0.188333   0.508053  -0.2300602  -0.0006748   0.000125  -0.000245   0.000041   0.000079  0.0000157  0.0000218    0.000043    0.000043
2002   6  13  52438   0.190689   0.505944  -0.2293940  -0.0007024   0.000123  -0.000323   0.000058   0.000081  0.0000154  0.0000217    0.000066    0.000063
2002   6  14  52439   0.193128   0.504133  -0.2287019  -0.0006302   0.000080  -0.000323   0.000062   0.000066  0.0000173  0.0000247    0.000074    0.000061
2002   6  15  52440   0.195818   0.502438  -0.2282186  -0.0004396   0.000068  -0.000285   0.000060   0.000067  0.0000241  0.0000383    0.000080    0.000059
2002   6  16  52441   0.199024   0.500393  -0.2279675  -0.0001837   0.000100  -0.000243   0.000062   0.000068  0.0000306  0.0000381    0.000079    0.000052
2002   6  17  52442   0.202211   0.498058  -0.2279357   0.0000674   0.000142  -0.000214   0.000067   0.000068  0.0000106  0.0000296    0.000066    0.000034
2002   6  18  52443   0.204849   0.495635  -0.2280833   0.0002287   0.000167  -0.000220   0.000065   0.000065  0.0000121  0.0000347    0.000073    0.000037
2002   6  19  52444   0.207416   0.493123  -0.2283516   0.0003092   0.000146  -0.000285   0.000064   0.000065  0.0000184  0.0000428    0.000111    0.000058
2002   6  20  52445   0.210159   0.490822  -0.2286600   0.0003155   0.000088  -0.000293   0.000066   0.000066  0.0000447  0.0000280    0.000148    0.000100
2002   6  21  52446   0.212556   0.488927  -0.2289810   0.0002578   0.000015  -0.000206   0.000070   0.000066  0.0000386  0.0000242    0.000095    0.000067
2002   6  22  52447   0.214562   0.486933  -0.2292471   0.0001611   0.000051  -0.000128   0.000083   0.000079  0.0000468  0.0000273    0.000081    0.000057
2002   6  23  52448   0.216504   0.484580  -0.2293457   0.0000179   0.000188  -0.000105   0.000084   0.000084  0.0000473  0.0000304    0.000075    0.000055
2002   6  24  52449   0.218179   0.482084  -0.2292751  -0.0001222   0.000303  -0.000123   0.000070   0.000086  0.0000104  0.0000285    0.000058    0.000053
2002   6  25  52450   0.219480   0.479431  -0.2291158  -0.0001760   0.000293  -0.000162   0.000060   0.000098  0.0000108  0.0000260    0.000058    0.000051
2002   6  26  52451   0.220803   0.476532  -0.2289618  -0.0001425   0.000033  -0.000190   0.000058   0.000073  0.0000143  0.0000273    0.000057    0.000045
2002   6  27  52452   0.222466   0.473471  -0.2288291  -0.0000781  -0.000002  -0.000314   0.000062   0.000064  0.0000187  0.0000271    0.000055    0.000043
2002   6  28  52453   0.224342   0.470376  -0.2287758  -0.0000058   0.000198  -0.000495   0.000065   0.000066  0.0000139  0.0000256    0.000053    0.000046
2002   6  29  52454   0.225924   0.467474  -0.2288652   0.0000798   0.000242  -0.000514   0.000069   0.000082  0.0000168  0.0000300    0.000053    0.000047
2002   6  30  52455   0.227103   0.464736  -0.2290048   0.0001829   0.000150  -0.000403   0.000075   0.000086  0.0000234  0.0000314    0.000050    0.000039
2002   7   1  52456   0.228040   0.461896  -0.2292175   0.0002890   0.000052  -0.000267   0.000078   0.000069  0.0000145  0.0000300    0.000038    0.000022
2002   7   2  52457   0.228692   0.458851  -0.2295632   0.0004114   0.000011  -0.000178   0.000088   0.000064  0.0000113  0.0000393    0.000041    0.000024
2002   7   3  52458   0.229353   0.455833  -0.2300071   0.0004631   0.000096  -0.000218   0.000080   0.000063  0.0000148  0.0000508    0.000053    0.000034
2002   7   4  52459   0.229917   0.452935  -0.2304291   0.0004179   0.000197  -0.000234   0.000070   0.000066  0.0000343  0.0000394    0.000070    0.000054
2002   7   5  52460   0.230307   0.449941  -0.2308283   0.0003313   0.000262  -0.000188   0.000068   0.000067  0.0000630  0.0000315    0.000075    0.000065
2002   7   6  52461   0.230748   0.446611  -0.2310229   0.0001913   0.000282  -0.000122   0.000058   0.000065  0.0000628  0.0000367    0.000074    0.000064
2002   7   7  52462   0.231479   0.443061  -0.2310978   0.0000413   0.000250  -0.000067   0.000060   0.000061  0.0000410  0.0000388    0.000059    0.000042
2002   7   8  52463   0.232294   0.439773  -0.2310599  -0.0000902   0.000174  -0.000057   0.000058   0.000059  0.0000098  0.0000276    0.000060    0.000043
2002   7   9  52464   0.232978   0.436601  -0.2309129  -0.0001963   0.000072  -0.000112   0.000048   0.000057  0.0000103  0.0000272    0.000064    0.000046
2002   7  10  52465   0.233964   0.433493  -0.2306676  -0.0002655  -0.000046  -0.000269   0.000046   0.000057  0.0000137  0.0000322    0.000080    0.000068
2002   7  11  52466   0.235321   0.430607  -0.2303919  -0.0002486  -0.000058  -0.000341   0.000044   0.000056  0.0000175  0.0000299    0.000070    0.000077
2002   7  12  52467   0.236734   0.427702  -0.2301743  -0.0001166   0.000094  -0.000250   0.000043   0.000055  0.0000169  0.0000278    0.000055    0.000053
2002   7  13  52468   0.237991   0.424700  -0.2301996   0.0001016   0.000230  -0.000157   0.000047   0.000058  0.0000202  0.0000316    0.000051    0.000046
2002   7  14  52469   0.239069   0.421615  -0.2304545   0.0003490   0.000260  -0.000143   0.000049   0.000058  0.0000259  0.0000341    0.000050    0.000043
2002   7  15  52470   0.240118   0.418551  -0.2309011   0.0005405   0.000222  -0.000175   0.000045   0.000055  0.0000136  0.0000296    0.000052    0.000035
2002   7  16  52471   0.241012   0.415720  -0.2314712   0.0005919   0.000147  -0.000229   0.000042   0.000053  0.0000155  0.0000261    0.000052    0.000035
2002   7  17  52472   0.241781   0.413008  -0.2320564   0.0005249   0.000095  -0.000235   0.000041   0.000062  0.0000229  0.0000252    0.000061    0.000040
2002   7  18  52473   0.242813   0.410546  -0.2324913   0.0003901   0.000059  -0.000256   0.000043   0.000086  0.0000304  0.0000255    0.000150    0.000084
2002   7  19  52474   0.243796   0.408337  -0.2328028   0.0001578   0.000047  -0.000329   0.000051   0.000071  0.0000184  0.0000245    0.000104    0.000065
2002   7  20  52475   0.244264   0.405839  -0.2328317  -0.0001451   0.000029  -0.000348   0.000059   0.000060  0.0000216  0.0000266    0.000086    0.000056
2002   7  21  52476   0.244679   0.402928  -0.2325522  -0.0004125  -0.000004  -0.000290   0.000052   0.000059  0.0000260  0.0000370    0.000072    0.000049
2002   7  22  52477   0.245438   0.399941  -0.2320386  -0.0005615  -0.000038  -0.000214   0.000045   0.000058  0.0000091  0.0000376    0.000043    0.000032
2002   7  23  52478   0.246168   0.397147  -0.2313977  -0.0006573  -0.000059  -0.000163   0.000043   0.000061  0.0000103  0.0000304    0.000043    0.000032
2002   7  24  52479   0.246615   0.394330  -0.2307101  -0.0007265  -0.000096  -0.000273   0.000041   0.000060  0.0000120  0.0000289    0.000035    0.000027
2002   7  25  52480   0.246852   0.391361  -0.2299891  -0.0006678  -0.000055  -0.000347   0.000037   0.000054  0.0000086  0.0000284    0.000028    0.000022
2002   7  26  52481   0.246817   0.388189  -0.2294031  -0.0005377   0.000126  -0.000250   0.000039   0.000054  0.0000122  0.0000344    0.000039    0.000031
2002   7  27  52482   0.246801   0.384633  -0.2289692  -0.0003984   0.000291  -0.000147   0.000050   0.000061  0.0000250  0.0000387    0.000070    0.000057
2002   7  28  52483   0.247098   0.380852  -0.2286654  -0.0002428   0.000358  -0.000125   0.000053   0.000062  0.0000386  0.0000311    0.000095    0.000073
2002   7  29  52484   0.247617   0.377128  -0.2284588  -0.0001602   0.000332  -0.000163   0.000048   0.000060  0.0000169  0.0000250    0.000088    0.000049
2002   7  30  52485   0.248442   0.373531  -0.2282970  -0.0001781   0.000229  -0.000249   0.000045   0.000058  0.0000193  0.0000247    0.000088    0.000049
2002   7  31  52486   0.249742   0.370118  -0.2281191  -0.0002232   0.000075  -0.000355   0.000045   0.000058  0.0000287  0.0000294    0.000087    0.000049
2002   8   1  52487   0.251151   0.367053  -0.2278527  -0.0002829  -0.000071  -0.000451   0.000045   0.000057  0.0000342  0.0000307    0.000072    0.000076
2002   8   2  52488   0.252124   0.364394  -0.2275127  -0.0003643  -0.000160  -0.000511   0.000045   0.000057  0.0000200  0.0000323    0.000070    0.000090
2002   8   3  52489   0.252910   0.361822  -0.2271026  -0.0004600  -0.000050  -0.000445   0.000049   0.000062  0.0000233  0.0000348    0.000070    0.000090
2002   8   4  52490   0.253922   0.359202  -0.2265668  -0.0006000   0.000147  -0.000321   0.000057   0.000075  0.0000280  0.0000301    0.000069    0.000076
2002   8   5  52491   0.254904   0.356543  -0.2259015  -0.0007033   0.000294  -0.000220   0.000050   0.000093  0.0000102  0.0000256    0.000063    0.000045
2002   8   6  52492   0.255693   0.353581  -0.2251609  -0.0007243   0.000301  -0.000193   0.000043   0.000071  0.0000102  0.0000258    0.000062    0.000043
2002   8   7  52493   0.256674   0.350452  -0.2244463  -0.0006440   0.000064  -0.000297   0.000041   0.000058  0.0000117  0.0000268    0.000058    0.000039
2002   8   8  52494   0.257874   0.347622  -0.2238541  -0.0004609   0.000011  -0.000316   0.000041   0.000058  0.0000167  0.0000262    0.000061    0.000040
2002   8   9  52495   0.258977   0.345043  -0.2235086  -0.0002120   0.000155  -0.000231   0.000042   0.000059  0.0000246  0.0000258    0.000099    0.000056
2002   8  10  52496   0.259873   0.342535  -0.2234895   0.0000858   0.000176  -0.000141   0.000045   0.000059  0.0000285  0.0000277    0.000105    0.000058
2002   8  11  52497   0.260355   0.339987  -0.2237641   0.0003682   0.000077  -0.000076   0.000054   0.000059  0.0000297  0.0000280    0.000092    0.000054
2002   8  12  52498   0.260424   0.337114  -0.2242403   0.0005508  -0.000046  -0.000051   0.000044   0.000060  0.0000109  0.0000251    0.000058    0.000039
2002   8  13  52499   0.260558   0.334016  -0.2247969   0.0005795  -0.000152  -0.000079   0.000036   0.000059  0.0000124  0.0000226    0.000058    0.000039
2002   8  14  52500   0.260808   0.331115  -0.2253169   0.0004713  -0.000147  -0.000229   0.000042   0.000059  0.0000180  0.0000214    0.000068    0.000044
2002   8  15  52501   0.260714   0.328436  -0.2257075   0.0002540  -0.000119  -0.000340   0.000044   0.000058  0.0000298  0.0000219    0.000124    0.000069
2002   8  16  52502   0.260482   0.325845  -0.2258570   0.0000191  -0.000127  -0.000291   0.000038   0.000055  0.0000226  0.0000233    0.000076    0.000053
2002   8  17  52503   0.260203   0.323219  -0.2257892  -0.0001682  -0.000108  -0.000222   0.000035   0.000056  0.0000260  0.0000286    0.000063    0.000046
2002   8  18  52504   0.259690   0.320490  -0.2255453  -0.0003003  -0.000048  -0.000200   0.000036   0.000055  0.0000303  0.0000278    0.000060    0.000043
2002   8  19  52505   0.259080   0.317751  -0.2251814  -0.0003794   0.000018  -0.000206   0.000042   0.000053  0.0000114  0.0000255    0.000054    0.000034
2002   8  20  52506   0.258413   0.314907  -0.2247762  -0.0003726   0.000064  -0.000228   0.000039   0.000051  0.0000130  0.0000212    0.000054    0.000034
2002   8  21  52507   0.257763   0.311943  -0.2244306  -0.0002574   0.000035  -0.000232   0.000040   0.000055  0.0000202  0.0000184    0.000054    0.000035
2002   8  22  52508   0.257152   0.308869  -0.2242744  -0.0000855  -0.000023  -0.000238   0.000053   0.000058  0.0000293  0.0000232    0.000066    0.000051
2002   8  23  52509   0.256649   0.305608  -0.2242796   0.0000683  -0.000078  -0.000246   0.000041   0.000058  0.0000167  0.0000231    0.000070    0.000058
2002   8  24  52510   0.256181   0.302330  -0.2243422   0.0001768  -0.000073  -0.000250   0.000041   0.000059  0.0000177  0.0000204    0.000070    0.000058
2002   8  25  52511   0.255459   0.298966  -0.2245390   0.0002362  -0.000031  -0.000251   0.000039   0.000054  0.0000238  0.0000200    0.000065    0.000055
2002   8  26  52512   0.254791   0.295438  -0.2248341   0.0002961   0.000014  -0.000247   0.000033   0.000048  0.0000112  0.0000185    0.000047    0.000042
2002   8  27  52513   0.254482   0.291938  -0.2251616   0.0003354   0.000037  -0.000237   0.000038   0.000046  0.0000129  0.0000174    0.000047    0.000042
2002   8  28  52514   0.254514   0.288685  -0.2254681   0.0002804   0.000002  -0.000231   0.000048   0.000047  0.0000202  0.0000173    0.000055    0.000050
2002   8  29  52515   0.254460   0.285716  -0.2257499   0.0001663  -0.000050  -0.000208   0.000040   0.000048  0.0000311  0.0000215    0.000154    0.000117
2002   8  30  52516   0.254021   0.282621  -0.2258237   0.0000330  -0.000089  -0.000161   0.000034   0.000049  0.0000213  0.0000223    0.000101    0.000071
2002   8  31  52517   0.253469   0.279470  -0.2257851  -0.0000786  -0.000085  -0.000099   0.000036   0.000051  0.0000236  0.0000194    0.000083    0.000058
2002   9   1  52518   0.252717   0.276308  -0.2256589  -0.0001596  -0.000044  -0.000046   0.000036   0.000048  0.0000337  0.0000195    0.000092    0.000065
2002   9   2  52519   0.251517   0.273067  -0.2254514  -0.0002303   0.000008  -0.000031   0.000038   0.000039  0.0000446  0.0000230    0.000198    0.000170
2002   9   3  52520   0.250063   0.269920  -0.2251964  -0.0002487   0.000041  -0.000075   0.000045   0.000039  0.0000187  0.0000214    0.000086    0.000068
2002   9   4  52521   0.249000   0.266850  -0.2249788  -0.0001176   0.000032  -0.000193   0.000034   0.000043  0.0000108  0.0000158    0.000049    0.000038
2002   9   5  52522   0.248283   0.263833  -0.2249677   0.0001037  -0.000041  -0.000284   0.000028   0.000044  0.0000140  0.0000144    0.000064    0.000048
2002   9   6  52523   0.247426   0.260879  -0.2251628   0.0003688  -0.000140  -0.000325   0.000027   0.000043  0.0000168  0.0000152    0.000076    0.000049
2002   9   7  52524   0.246184   0.258256  -0.2256817   0.0006814  -0.000193  -0.000310   0.000030   0.000046  0.0000191  0.0000190    0.000068    0.000042
2002   9   8  52525   0.244560   0.255924  -0.2265319   0.0009310  -0.000185  -0.000256   0.000039   0.000046  0.0000403  0.0000225    0.000189    0.000122
2002   9   9  52526   0.242703   0.253442  -0.2275638   0.0010243  -0.000147  -0.000196   0.000034   0.000043  0.0000365  0.0000191    0.000088    0.000062
2002   9  10  52527   0.240912   0.250771  -0.2285809   0.0009421  -0.000107  -0.000160   0.000028   0.000042  0.0000221  0.0000168    0.000043    0.000030
2002   9  11  52528   0.239226   0.248251  -0.2294401   0.0007104  -0.000106  -0.000186   0.000027   0.000043  0.0000260  0.0000175    0.000046    0.000032
2002   9  12  52529   0.237453   0.245733  -0.2299738   0.0004461  -0.000098  -0.000241   0.000026   0.000045  0.0000247  0.0000217    0.000102    0.000064
2002   9  13  52530   0.235733   0.242986  -0.2303039   0.0002424  -0.000005  -0.000274   0.000027   0.000045  0.0000203  0.0000211    0.000075    0.000055
2002   9  14  52531   0.234152   0.239935  -0.2304211   0.0000746   0.000063  -0.000264   0.000031   0.000050  0.0000233  0.0000206    0.000064    0.000049
2002   9  15  52532   0.232825   0.237018  -0.2304349  -0.0000279   0.000065  -0.000217   0.000033   0.000051  0.0000279  0.0000222    0.000060    0.000046
2002   9  16  52533   0.231641   0.234768  -0.2304017  -0.0000334   0.000026  -0.000163   0.000034   0.000051  0.0000083  0.0000197    0.000053    0.000036
2002   9  17  52534   0.230074   0.232889  -0.2303719   0.0000085  -0.000029  -0.000132   0.000030   0.000051  0.0000086  0.0000213    0.000050    0.000032
2002   9  18  52535   0.227915   0.231119  -0.2303903   0.0000899  -0.000073  -0.000161   0.000027   0.000045  0.0000113  0.0000199    0.000044    0.000025
2002   9  19  52536   0.225282   0.229391  -0.2305354   0.0001965  -0.000078  -0.000167   0.000033   0.000047  0.0000195  0.0000203    0.000042    0.000024
2002   9  20  52537   0.222314   0.227459  -0.2307605   0.0002866  -0.000049  -0.000143   0.000034   0.000061  0.0000238  0.0000207    0.000045    0.000031
2002   9  21  52538   0.219433   0.225208  -0.2310752   0.0003449   0.000006  -0.000153   0.000034   0.000066  0.0000255  0.0000208    0.000046    0.000032
2002   9  22  52539   0.216752   0.222939  -0.2314788   0.0004072   0.000059  -0.000182   0.000036   0.000053  0.0000267  0.0000253    0.000044    0.000030
2002   9  23  52540   0.214308   0.220597  -0.2319339   0.0004538   0.000085  -0.000204   0.000032   0.000048  0.0000079  0.0000198    0.000035    0.000023
2002   9  24  52541   0.212222   0.218094  -0.2323830   0.0003980   0.000067  -0.000201   0.000031   0.000051  0.0000089  0.0000193    0.000035    0.000023
2002   9  25  52542   0.210446   0.215668  -0.2327580   0.0002868  -0.000079  -0.000125   0.000030   0.000052  0.0000096  0.0000207    0.000030    0.000020
2002   9  26  52543   0.208703   0.213314  -0.2330002   0.0001570  -0.000160  -0.000070   0.000025   0.000044  0.0000063  0.0000198    0.000025    0.000017
2002   9  27  52544   0.206762   0.211063  -0.2331024   0.0000475  -0.000034  -0.000105   0.000026   0.000046  0.0000090  0.0000207    0.000035    0.000023
2002   9  28  52545   0.204716   0.208713  -0.2331843  -0.0000433   0.000088  -0.000139   0.000037   0.000062  0.0000191  0.0000271    0.000054    0.000038
2002   9  29  52546   0.202667   0.206111  -0.2331082  -0.0001368   0.000117  -0.000136   0.000044   0.000062  0.0000294  0.0000357    0.000057    0.000042
2002   9  30  52547   0.200566   0.203383  -0.2329199  -0.0001664   0.000089  -0.000111   0.000037   0.000053  0.0000110  0.0000366    0.000039    0.000027
2002  10   1  52548   0.198470   0.200739  -0.2327785  -0.0000745   0.000029  -0.000075   0.000034   0.000055  0.0000129  0.0000335    0.000039    0.000027
2002  10   2  52549   0.196529   0.198312  -0.2328119   0.0000993   0.000015  -0.000068   0.000034   0.000055  0.0000197  0.0000312    0.000039    0.000027
2002  10   3  52550   0.194623   0.195880  -0.2329852   0.0003386   0.000014  -0.000067   0.000036   0.000058  0.0000249  0.0000285    0.000045    0.000033
2002  10   4  52551   0.192460   0.193665  -0.2334520   0.0006299   0.000009  -0.000062   0.000036   0.000061  0.0000175  0.0000233    0.000046    0.000036
2002  10   5  52552   0.189872   0.191632  -0.2342641   0.0009231  -0.000002  -0.000023   0.000040   0.000060  0.0000210  0.0000256    0.000046    0.000036
2002  10   6  52553   0.187275   0.189542  -0.2353187   0.0011220  -0.000021   0.000022   0.000047   0.000059  0.0000239  0.0000363    0.000043    0.000033
2002  10   7  52554   0.184933   0.187407  -0.2364614   0.0011387  -0.000050   0.000043   0.000043   0.000064  0.0000085  0.0000326    0.000033    0.000026
2002  10   8  52555   0.182448   0.185204  -0.2375307   0.0010041  -0.000086   0.000025   0.000037   0.000060  0.0000091  0.0000263    0.000035    0.000028
2002  10   9  52556   0.180020   0.182962  -0.2384016   0.0007578  -0.000131  -0.000047   0.000035   0.000052  0.0000136  0.0000246    0.000048    0.000040
2002  10  10  52557   0.177887   0.180918  -0.2390068   0.0004729  -0.000132  -0.000089   0.000036   0.000052  0.0000242  0.0000234    0.000073    0.000055
2002  10  11  52558   0.175506   0.179087  -0.2393662   0.0002399  -0.000082  -0.000072   0.000038   0.000054  0.0000259  0.0000243    0.000074    0.000050
2002  10  12  52559   0.173093   0.177139  -0.2395403   0.0001150  -0.000025  -0.000035   0.000046   0.000055  0.0000308  0.0000241    0.000068    0.000048
2002  10  13  52560   0.170937   0.175294  -0.2396624   0.0001252   0.000012  -0.000004   0.000059   0.000057  0.0000325  0.0000246    0.000062    0.000044
2002  10  14  52561   0.168515   0.173616  -0.2398288   0.0002231   0.000018   0.000013   0.000047   0.000056  0.0000086  0.0000224    0.000044    0.000032
2002  10  15  52562   0.165851   0.171911  -0.2400932   0.0003360  -0.000011   0.000006   0.000037   0.000053  0.0000091  0.0000204    0.000045    0.000034
2002  10  16  52563   0.163431   0.170357  -0.2404849   0.0004563  -0.000081  -0.000025   0.000035   0.000052  0.0000117  0.0000222    0.000046    0.000037
2002  10  17  52564   0.161137   0.169075  -0.2410142   0.0006072  -0.000081  -0.000093   0.000034   0.000050  0.0000102  0.0000240    0.000036    0.000027
2002  10  18  52565   0.158337   0.168001  -0.2416963   0.0007208  -0.000067  -0.000146   0.000035   0.000047  0.0000077  0.0000255    0.000033    0.000022
2002  10  19  52566   0.154532   0.166906  -0.2424289   0.0007528  -0.000035  -0.000160   0.000041   0.000045  0.0000066  0.0000289    0.000030    0.000020
2002  10  20  52567   0.150345   0.165590  -0.2431881   0.0007547  -0.000025  -0.000132   0.000039   0.000044  0.0000064  0.0000289    0.000027    0.000019
2002  10  21  52568   0.146580   0.164167  -0.2439431   0.0007432  -0.000068  -0.000065   0.000033   0.000043  0.0000066  0.0000244    0.000026    0.000018
2002  10  22  52569   0.143185   0.162858  -0.2446750   0.0007155  -0.000099  -0.000038   0.000032   0.000045  0.0000080  0.0000227    0.000030    0.000021
2002  10  23  52570   0.139971   0.161567  -0.2453450   0.0006320  -0.000111  -0.000063   0.000033   0.000047  0.0000075  0.0000212    0.000032    0.000023
2002  10  24  52571   0.136648   0.160188  -0.2459086   0.0004837  -0.000139  -0.000087   0.000034   0.000053  0.0000071  0.0000209    0.000033    0.000022
2002  10  25  52572   0.133065   0.158624  -0.2463346   0.0003527  -0.000125  -0.000122   0.000036   0.000058  0.0000077  0.0000227    0.000033    0.000029
2002  10  26  52573   0.129447   0.156959  -0.2466275   0.0002593  -0.000074  -0.000163   0.000037   0.000054  0.0000079  0.0000213    0.000037    0.000038
2002  10  27  52574   0.125843   0.155466  -0.2468459   0.0002044  -0.000024  -0.000152   0.000033   0.000049  0.0000080  0.0000170    0.000042    0.000035
2002  10  28  52575   0.122295   0.154149  -0.2470281   0.0001965  -0.000015  -0.000119   0.000030   0.000047  0.0000081  0.0000169    0.000041    0.000033
2002  10  29  52576   0.118914   0.153070  -0.2472018   0.0002475  -0.000026  -0.000100   0.000029   0.000043  0.0000071  0.0000227    0.000033    0.000025
2002  10  30  52577   0.115393   0.152333  -0.2475158   0.0004470  -0.000062  -0.000111   0.000028   0.000041  0.0000073  0.0000213    0.000033    0.000023
2002  10  31  52578   0.111548   0.151685  -0.2480805   0.0007408  -0.000112  -0.000089   0.000029   0.000042  0.0000083  0.0000176    0.000031    0.000023
2002  11   1  52579   0.107532   0.150922  -0.2489224   0.0010065  -0.000065  -0.000048   0.000030   0.000043  0.0000086  0.0000174    0.000037    0.000029
2002  11   2  52580   0.103536   0.150170  -0.2500211   0.0012101  -0.000023   0.000037   0.000033   0.000046  0.0000086  0.0000185    0.000049    0.000045
2002  11   3  52581   0.099829   0.149553  -0.2512725   0.0012782  -0.000043   0.000141   0.000040   0.000046  0.0000086  0.0000184    0.000052    0.000050
2002  11   4  52582   0.096342   0.149097  -0.2525111   0.0011670  -0.000082   0.000192   0.000042   0.000038  0.0000085  0.0000185    0.000049    0.000038
2002  11   5  52583   0.092689   0.148439  -0.2535843   0.0009475  -0.000109   0.000137   0.000026   0.000034  0.0000091  0.0000130    0.000051    0.000039
2002  11   6  52584   0.088760   0.147709  -0.2544046   0.0006999  -0.000096  -0.000086   0.000026   0.000039  0.0000113  0.0000109    0.000059    0.000042
2002  11   7  52585   0.084721   0.147071  -0.2549794   0.0004620  -0.000039  -0.000177   0.000039   0.000051  0.0000119  0.0000148    0.000063    0.000049
2002  11   8  52586   0.080632   0.146283  -0.2553317   0.0002677  -0.000044  -0.000067   0.000041   0.000043  0.0000128  0.0000275    0.000056    0.000044
2002  11   9  52587   0.076605   0.145612  -0.2555302   0.0001380  -0.000078   0.000071   0.000037   0.000042  0.0000158  0.0000387    0.000052    0.000039
2002  11  10  52588   0.072807   0.145087  -0.2556510   0.0000797  -0.000105   0.000138   0.000031   0.000053  0.0000188  0.0000308    0.000053    0.000039
2002  11  11  52589   0.069222   0.144689  -0.2557574   0.0001176  -0.000134   0.000140   0.000026   0.000057  0.0000168  0.0000169    0.000064    0.000047
2002  11  12  52590   0.065861   0.144374  -0.2559220   0.0002429  -0.000162   0.000074   0.000029   0.000047  0.0000162  0.0000132    0.000068    0.000050
2002  11  13  52591   0.062947   0.144058  -0.2562484   0.0004149  -0.000186  -0.000050   0.000029   0.000041  0.0000198  0.0000127    0.000089    0.000066
2002  11  14  52592   0.059960   0.143933  -0.2567566   0.0005271  -0.000226  -0.000119   0.000024   0.000046  0.0000244  0.0000130    0.000103    0.000077
2002  11  15  52593   0.056462   0.143866  -0.2573489   0.0005779  -0.000238  -0.000119   0.000023   0.000047  0.0000162  0.0000137    0.000091    0.000066
2002  11  16  52594   0.053035   0.143862  -0.2579779   0.0006174  -0.000208  -0.000109   0.000027   0.000044  0.0000169  0.0000162    0.000085    0.000061
2002  11  17  52595   0.049693   0.143831  -0.2586360   0.0006166  -0.000154  -0.000108   0.000029   0.000044  0.0000195  0.0000189    0.000064    0.000049
2002  11  18  52596   0.046239   0.143358  -0.2592534   0.0005458  -0.000103  -0.000101   0.000026   0.000044  0.0000124  0.0000165    0.000035    0.000028
2002  11  19  52597   0.042666   0.142797  -0.2597628   0.0004190  -0.000080  -0.000081   0.000029   0.000045  0.0000101  0.0000151    0.000038    0.000029
2002  11  20  52598   0.038978   0.142276  -0.2601393   0.0002986  -0.000120  -0.000041   0.000027   0.000044  0.0000116  0.0000146    0.000050    0.000036
2002  11  21  52599   0.035569   0.141843  -0.2603821   0.0001965  -0.000076  -0.000017   0.000028   0.000042  0.0000144  0.0000141    0.000074    0.000047
2002  11  22  52600   0.032474   0.141761  -0.2605681   0.0001475   0.000032  -0.000011   0.000033   0.000042  0.0000118  0.0000150    0.000060    0.000038
2002  11  23  52601   0.029447   0.141913  -0.2607409   0.0001392   0.000089  -0.000032   0.000036   0.000045  0.0000134  0.0000184    0.000051    0.000033
2002  11  24  52602   0.026244   0.142159  -0.2608997   0.0001843   0.000063  -0.000073   0.000034   0.000043  0.0000177  0.0000231    0.000046    0.000029
2002  11  25  52603   0.023082   0.142325  -0.2611334   0.0003354  -0.000006  -0.000108   0.000025   0.000039  0.0000174  0.0000176    0.000033    0.000020
2002  11  26  52604   0.020374   0.142352  -0.2615582   0.0005549  -0.000082  -0.000117   0.000023   0.000039  0.0000153  0.0000147    0.000034    0.000021
2002  11  27  52605   0.017695   0.142221  -0.2622088   0.0008028  -0.000120  -0.000082   0.000030   0.000040  0.0000135  0.0000180    0.000041    0.000029
2002  11  28  52606   0.014533   0.141929  -0.2631342   0.0010575  -0.000148  -0.000039   0.000049   0.000040  0.0000187  0.0000169    0.000050    0.000044
2002  11  29  52607   0.011078   0.141774  -0.2642427   0.0012813  -0.000173  -0.000004   0.000032   0.000039  0.0000311  0.0000144    0.000052    0.000050
2002  11  30  52608   0.007556   0.141616  -0.2655570   0.0014168  -0.000191   0.000016   0.000027   0.000040  0.0000401  0.0000186    0.000052    0.000051
2002  12   1  52609   0.004150   0.141387  -0.2669848   0.0014090  -0.000199   0.000021   0.000033   0.000038  0.0000199  0.0000215    0.000041    0.000056
2002  12   2  52610   0.000936   0.141430  -0.2683735   0.0012513  -0.000198   0.000009   0.000041   0.000034  0.0000139  0.0000129    0.000041    0.000057
2002  12   3  52611  -0.002158   0.141763  -0.2695553   0.0010160  -0.000188  -0.000012   0.000024   0.000033  0.0000111  0.0000128    0.000045    0.000061
2002  12   4  52612  -0.005219   0.142459  -0.2704455   0.0007307  -0.000172  -0.000039   0.000019   0.000035  0.0000116  0.0000149    0.000061    0.000069
2002  12   5  52613  -0.008575   0.143445  -0.2710567   0.0004569  -0.000124  -0.000047   0.000019   0.000038  0.0000105  0.0000154    0.000054    0.000044
2002  12   6  52614  -0.012440   0.144518  -0.2714162   0.0003259  -0.000048  -0.000025   0.000024   0.000037  0.0000141  0.0000149    0.000061    0.000044
2002  12   7  52615  -0.016765   0.145783  -0.2717471   0.0003539   0.000017  -0.000010   0.000031   0.000038  0.0000228  0.0000140    0.000088    0.000052
2002  12   8  52616  -0.020958   0.146962  -0.2721207   0.0004562   0.000045  -0.000017   0.000025   0.000040  0.0000294  0.0000163    0.000072    0.000051
2002  12   9  52617  -0.024269   0.148001  -0.2726268   0.0005933   0.000034  -0.000034   0.000027   0.000041  0.0000182  0.0000190    0.000036    0.000037
2002  12  10  52618  -0.027173   0.149328  -0.2733296   0.0007715  -0.000013  -0.000053   0.000028   0.000041  0.0000133  0.0000173    0.000039    0.000040
2002  12  11  52619  -0.030105   0.150893  -0.2741888   0.0009258  -0.000093  -0.000059   0.000029   0.000038  0.0000125  0.0000135    0.000049    0.000046
2002  12  12  52620  -0.033052   0.152555  -0.2751850   0.0010066  -0.000136  -0.000051   0.000029   0.000039  0.0000093  0.0000131    0.000035    0.000030
2002  12  13  52621  -0.036400   0.154009  -0.2762020   0.0010472  -0.000118  -0.000031   0.000030   0.000050  0.0000124  0.0000166    0.000037    0.000031
2002  12  14  52622  -0.040152   0.155190  -0.2772647   0.0010517  -0.000095  -0.000024   0.000035   0.000094  0.0000209  0.0000297    0.000047    0.000037
2002  12  15  52623  -0.044167   0.156174  -0.2782647   0.0009676  -0.000092  -0.000031   0.000028   0.000121  0.0000264  0.0000268    0.000052    0.000036
2002  12  16  52624  -0.048149   0.157017  -0.2791354   0.0008090  -0.000091  -0.000030   0.000024   0.000124  0.0000079  0.0000242    0.000073    0.000027
2002  12  17  52625  -0.051664   0.157824  -0.2798579   0.0006519  -0.000084  -0.000008   0.000028   0.000123  0.0000082  0.0000210    0.000069    0.000027
2002  12  18  52626  -0.054589   0.158819  -0.2804341   0.0005086  -0.000057   0.000057   0.000043   0.000116  0.0000110  0.0000177    0.000060    0.000029
2002  12  19  52627  -0.056974   0.160224  -0.2808156   0.0003168  -0.000062   0.000051   0.000044   0.000097  0.0000174  0.0000176    0.000056    0.000034
2002  12  20  52628  -0.059103   0.162133  -0.2810263   0.0001897  -0.000105  -0.000039   0.000031   0.000061  0.0000204  0.0000161    0.000055    0.000050
2002  12  21  52629  -0.061556   0.164341  -0.2812145   0.0001766  -0.000149  -0.000119   0.000031   0.000050  0.0000247  0.0000162    0.000055    0.000052
2002  12  22  52630  -0.064309   0.166631  -0.2813856   0.0002132  -0.000184  -0.000165   0.000046   0.000059  0.0000353  0.0000168    0.000055    0.000052
2002  12  23  52631  -0.066822   0.168847  -0.2816264   0.0003329  -0.000208  -0.000181   0.000043   0.000052  0.0000703  0.0000153    0.000055    0.000052
2002  12  24  52632  -0.069168   0.171065  -0.2820622   0.0005581  -0.000217  -0.000162   0.000029   0.000041  0.0000712  0.0000152    0.000055    0.000052
2002  12  25  52633  -0.071713   0.173375  -0.2827853   0.0008503  -0.000209  -0.000113   0.000023   0.000043  0.0000666  0.0000163    0.000055    0.000052
2002  12  26  52634  -0.074274   0.175358  -0.2837650   0.0010822  -0.000185  -0.000042   0.000022   0.000042  0.0000513  0.0000193    0.000063    0.000045
2002  12  27  52635  -0.076555   0.177050  -0.2849037   0.0011852  -0.000149   0.000034   0.000028   0.000040  0.0000524  0.0000168    0.000063    0.000045
2002  12  28  52636  -0.078797   0.179064  -0.2860810   0.0011721  -0.000109   0.000100   0.000049   0.000044  0.0000546  0.0000164    0.000063    0.000045
2002  12  29  52637  -0.081201   0.181357  -0.2871922   0.0010528  -0.000071   0.000146   0.000065   0.000052  0.0000502  0.0000204    0.000063    0.000045
2002  12  30  52638  -0.083507   0.183486  -0.2881508   0.0008365  -0.000043   0.000164   0.000052   0.000050  0.0000215  0.0000181    0.000063    0.000045
2002  12  31  52639  -0.085765   0.185719  -0.2889011   0.0006086  -0.000029   0.000154   0.000033   0.000049  0.0000236  0.0000174    0.000063    0.000045
