

                   INTERNATIONAL EARTH ROTATION SERVICE
                        EARTH ROTATION PARAMETERS
                          EOP (IERS) C04

  
             FORMAT(3(I4),I7,2(F11.6),2(F12.7),2(F12.6),2(F11.6),2(F12.7),2F12.6)
**********************************************************************************
  
      Date      MJD      x          y        UT1-UTC       LOD         dX        dY        x Err     y Err   UT1-UTC Err  Lod Err     dY Err       dY Err  
                         "          "           s           s          "         "           "          "          s         s            "           "
     (0h UTC)

1980   1   1  44239   0.141700   0.256100   0.6450414   0.0022150   0.000000   0.000000   0.002000   0.002000  0.0004000  0.0001500    0.003000    0.002000
1980   1   2  44240   0.141300   0.254500   0.6428473   0.0021710   0.000000   0.000000   0.002000   0.002000  0.0004000  0.0001500    0.003000    0.002000
1980   1   3  44241   0.140800   0.252800   0.6406841   0.0021740   0.000000   0.000000   0.002000   0.002000  0.0004000  0.0001500    0.003000    0.002000
1980   1   4  44242   0.140201   0.251201   0.6384880   0.0022130   0.000000   0.000000   0.002000   0.002000  0.0004000  0.0001500    0.003000    0.002000
1980   1   5  44243   0.139501   0.249501   0.6362489   0.0022770   0.000000   0.000000   0.002000   0.002000  0.0004000  0.0001500    0.003000    0.002000
1980   1   6  44244   0.138701   0.247801   0.6339388   0.0023540   0.000000   0.000000   0.002000   0.002000  0.0004000  0.0001500    0.003000    0.002000
1980   1   7  44245   0.137701   0.246101   0.6315316   0.0024410   0.000000   0.000000   0.002000   0.002000  0.0004000  0.0001500    0.003000    0.002000
1980   1   8  44246   0.136702   0.244402   0.6290515   0.0025170   0.000000   0.000000   0.002000   0.002000  0.0004000  0.0001500    0.003000    0.002000
1980   1   9  44247   0.135602   0.242602   0.6265034   0.0025740   0.000000   0.000000   0.002000   0.002000  0.0004000  0.0001500    0.003000    0.002000
1980   1  10  44248   0.134502   0.240802   0.6239112   0.0026060   0.000000   0.000000   0.002000   0.002000  0.0004000  0.0001500    0.003000    0.002000
1980   1  11  44249   0.133302   0.239002   0.6213091   0.0026040   0.000000   0.000000   0.002000   0.002000  0.0004000  0.0001500    0.003000    0.002000
1980   1  12  44250   0.132003   0.237103   0.6187000   0.0025910   0.000000   0.000000   0.002000   0.002000  0.0004000  0.0001500    0.003000    0.002000
1980   1  13  44251   0.130703   0.235103   0.6161208   0.0025650   0.000000   0.000000   0.002000   0.002000  0.0004000  0.0001500    0.003000    0.002000
1980   1  14  44252   0.129303   0.233103   0.6135817   0.0025230   0.000000   0.000000   0.002000   0.002000  0.0004000  0.0001500    0.003000    0.002000
1980   1  15  44253   0.127904   0.231104   0.6110716   0.0025010   0.000000   0.000000   0.002000   0.002000  0.0004000  0.0001500    0.003000    0.002000
1980   1  16  44254   0.126404   0.229104   0.6085694   0.0024990   0.000000   0.000000   0.002000   0.002000  0.0004000  0.0001500    0.003000    0.002000
1980   1  17  44255   0.124904   0.227104   0.6060563   0.0025390   0.000000   0.000000   0.002000   0.002000  0.0004000  0.0001500    0.003000    0.002000
1980   1  18  44256   0.123404   0.225004   0.6034802   0.0026200   0.000000   0.000000   0.002000   0.002000  0.0004000  0.0001500    0.003000    0.002000
1980   1  19  44257   0.121805   0.222905   0.6007981   0.0027570   0.000000   0.000000   0.002000   0.002000  0.0004000  0.0001500    0.003000    0.002000
1980   1  20  44258   0.120205   0.220905   0.5979729   0.0028950   0.000000   0.000000   0.002000   0.002000  0.0004000  0.0001500    0.003000    0.002000
1980   1  21  44259   0.118605   0.218905   0.5950198   0.0030010   0.000000   0.000000   0.002000   0.002000  0.0004000  0.0001500    0.003000    0.002000
1980   1  22  44260   0.116906   0.217006   0.5919927   0.0030390   0.000000   0.000000   0.002000   0.002000  0.0004000  0.0001500    0.003000    0.002000
1980   1  23  44261   0.115206   0.215106   0.5889685   0.0030050   0.000000   0.000000   0.002000   0.002000  0.0004000  0.0001500    0.003000    0.002000
1980   1  24  44262   0.113506   0.213306   0.5860064   0.0028880   0.000000   0.000000   0.002000   0.002000  0.0004000  0.0001500    0.003000    0.002000
1980   1  25  44263   0.111806   0.211606   0.5831983   0.0027220   0.000000   0.000000   0.002000   0.002000  0.0004000  0.0001500    0.003000    0.002000
1980   1  26  44264   0.110007   0.210007   0.5805671   0.0025290   0.000000   0.000000   0.002000   0.002000  0.0004000  0.0001500    0.003000    0.002000
1980   1  27  44265   0.108307   0.208607   0.5781250   0.0023590   0.000000   0.000000   0.002000   0.002000  0.0004000  0.0001500    0.003000    0.002000
1980   1  28  44266   0.106507   0.207307   0.5758479   0.0022140   0.000000   0.000000   0.002000   0.002000  0.0004000  0.0001500    0.003000    0.002000
1980   1  29  44267   0.104707   0.206107   0.5736818   0.0021170   0.000000   0.000000   0.002000   0.002000  0.0004000  0.0001500    0.003000    0.002000
1980   1  30  44268   0.102908   0.205008   0.5715946   0.0020700   0.000000   0.000000   0.002000   0.002000  0.0004000  0.0001500    0.003000    0.002000
1980   1  31  44269   0.101208   0.203908   0.5695265   0.0020640   0.000000   0.000000   0.002000   0.002000  0.0004000  0.0001500    0.003000    0.002000
1980   2   1  44270   0.099408   0.202808   0.5674584   0.0020850   0.000000   0.000000   0.002000   0.002000  0.0004000  0.0001500    0.003000    0.002000
1980   2   2  44271   0.097709   0.201809   0.5653602   0.0021110   0.000000   0.000000   0.002000   0.002000  0.0004000  0.0001500    0.003000    0.002000
1980   2   3  44272   0.096009   0.200909   0.5631961   0.0021700   0.000000   0.000000   0.002000   0.002000  0.0004000  0.0001500    0.003000    0.002000
1980   2   4  44273   0.094309   0.200109   0.5609840   0.0022390   0.000000   0.000000   0.002000   0.002000  0.0004000  0.0001500    0.003000    0.002000
1980   2   5  44274   0.092609   0.199309   0.5587229   0.0022910   0.000000   0.000000   0.002000   0.002000  0.0004000  0.0001500    0.003000    0.002000
1980   2   6  44275   0.090910   0.198510   0.5564517   0.0022870   0.000000   0.000000   0.002000   0.002000  0.0004000  0.0001500    0.003000    0.002000
1980   2   7  44276   0.089210   0.197710   0.5541976   0.0022270   0.000000   0.000000   0.002000   0.002000  0.0004000  0.0001500    0.003000    0.002000
1980   2   8  44277   0.087610   0.196910   0.5519955   0.0021640   0.000000   0.000000   0.002000   0.002000  0.0004000  0.0001500    0.003000    0.002000
1980   2   9  44278   0.086010   0.196010   0.5498833   0.0020860   0.000000   0.000000   0.002000   0.002000  0.0004000  0.0001500    0.003000    0.002000
1980   2  10  44279   0.084411   0.195211   0.5478242   0.0020350   0.000000   0.000000   0.002000   0.002000  0.0004000  0.0001500    0.003000    0.002000
1980   2  11  44280   0.082911   0.194311   0.5458231   0.0020010   0.000000   0.000000   0.002000   0.002000  0.0004000  0.0001500    0.003000    0.002000
1980   2  12  44281   0.081511   0.193411   0.5438250   0.0020110   0.000000   0.000000   0.002000   0.002000  0.0004000  0.0001500    0.003000    0.002000
1980   2  13  44282   0.080012   0.192512   0.5417948   0.0020860   0.000000   0.000000   0.002000   0.002000  0.0004000  0.0001500    0.003000    0.002000
1980   2  14  44283   0.078612   0.191612   0.5396317   0.0022410   0.000000   0.000000   0.002000   0.002000  0.0004000  0.0001500    0.003000    0.002000
1980   2  15  44284   0.077312   0.190612   0.5372916   0.0024470   0.000000   0.000000   0.002000   0.002000  0.0004000  0.0001500    0.003000    0.002000
1980   2  16  44285   0.075812   0.189712   0.5347254   0.0026990   0.000000   0.000000   0.002000   0.002000  0.0004000  0.0001500    0.003000    0.002000
1980   2  17  44286   0.074513   0.188813   0.5319073   0.0029320   0.000000   0.000000   0.002000   0.002000  0.0004000  0.0001500    0.003000    0.002000
1980   2  18  44287   0.073113   0.188013   0.5288722   0.0031040   0.000000   0.000000   0.002000   0.002000  0.0004000  0.0001500    0.003000    0.002000
1980   2  19  44288   0.071813   0.187113   0.5257211   0.0031810   0.000000   0.000000   0.002000   0.002000  0.0004000  0.0001500    0.003000    0.002000
1980   2  20  44289   0.070513   0.186313   0.5225509   0.0031510   0.000000   0.000000   0.002000   0.002000  0.0004000  0.0001500    0.003000    0.002000
1980   2  21  44290   0.069214   0.185614   0.5194428   0.0030570   0.000000   0.000000   0.002000   0.002000  0.0004000  0.0001500    0.003000    0.002000
1980   2  22  44291   0.067914   0.184814   0.5164487   0.0029110   0.000000   0.000000   0.002000   0.002000  0.0004000  0.0001500    0.003000    0.002000
1980   2  23  44292   0.066714   0.184014   0.5136095   0.0027410   0.000000   0.000000   0.002000   0.002000  0.0004000  0.0001500    0.003000    0.002000
1980   2  24  44293   0.065515   0.183315   0.5109424   0.0025890   0.000000   0.000000   0.002000   0.002000  0.0004000  0.0001500    0.003000    0.002000
1980   2  25  44294   0.064315   0.182615   0.5084233   0.0024580   0.000000   0.000000   0.002000   0.002000  0.0004000  0.0001500    0.003000    0.002000
1980   2  26  44295   0.063215   0.182015   0.5060082   0.0023710   0.000000   0.000000   0.002000   0.002000  0.0004000  0.0001500    0.003000    0.002000
1980   2  27  44296   0.062015   0.181415   0.5036660   0.0023220   0.000000   0.000000   0.002000   0.002000  0.0004000  0.0001500    0.003000    0.002000
1980   2  28  44297   0.060916   0.180916   0.5013529   0.0023070   0.000000   0.000000   0.002000   0.002000  0.0004000  0.0001500    0.003000    0.002000
1980   2  29  44298   0.059816   0.180416   0.4990458   0.0023120   0.000000   0.000000   0.002000   0.002000  0.0004000  0.0001500    0.003000    0.002000
1980   3   1  44299   0.058816   0.180016   0.4967296   0.0023220   0.000000   0.000000   0.002000   0.002000  0.0004000  0.0001500    0.003000    0.002000
1980   3   2  44300   0.057716   0.179716   0.4943945   0.0023350   0.000000   0.000000   0.002000   0.002000  0.0004000  0.0001500    0.003000    0.002000
1980   3   3  44301   0.056717   0.179417   0.4920534   0.0023420   0.000000   0.000000   0.002000   0.002000  0.0004000  0.0001500    0.003000    0.002000
1980   3   4  44302   0.055617   0.179217   0.4897273   0.0023250   0.000000   0.000000   0.002000   0.002000  0.0004000  0.0001500    0.003000    0.002000
1980   3   5  44303   0.054517   0.179017   0.4874211   0.0022800   0.000000   0.000000   0.002000   0.002000  0.0004000  0.0001500    0.003000    0.002000
1980   3   6  44304   0.053518   0.178918   0.4851660   0.0022370   0.000000   0.000000   0.002000   0.002000  0.0004000  0.0001500    0.003000    0.002000
1980   3   7  44305   0.052418   0.178818   0.4829639   0.0021850   0.000000   0.000000   0.002000   0.002000  0.0004000  0.0001500    0.003000    0.002000
1980   3   8  44306   0.051218   0.178818   0.4807998   0.0021340   0.000000   0.000000   0.002000   0.002000  0.0004000  0.0001500    0.003000    0.002000
1980   3   9  44307   0.050018   0.178818   0.4786916   0.0020900   0.000000   0.000000   0.002000   0.002000  0.0004000  0.0001500    0.003000    0.002000
1980   3  10  44308   0.048719   0.178819   0.4766125   0.0020770   0.000000   0.000000   0.002000   0.002000  0.0004000  0.0001500    0.003000    0.002000
1980   3  11  44309   0.047419   0.178919   0.4745264   0.0021010   0.000000   0.000000   0.002000   0.002000  0.0004000  0.0001500    0.003000    0.002000
1980   3  12  44310   0.046019   0.179019   0.4723893   0.0021810   0.000000   0.000000   0.002000   0.002000  0.0004000  0.0001500    0.003000    0.002000
1980   3  13  44311   0.044519   0.179119   0.4701431   0.0023340   0.000000   0.000000   0.002000   0.002000  0.0004000  0.0001500    0.003000    0.002000
1980   3  14  44312   0.043020   0.179220   0.4677030   0.0025440   0.000000   0.000000   0.002000   0.002000  0.0004000  0.0001500    0.003000    0.002000
1980   3  15  44313   0.041320   0.179320   0.4650469   0.0027760   0.000000   0.000000   0.002000   0.002000  0.0004000  0.0001500    0.003000    0.002000
1980   3  16  44314   0.039620   0.179520   0.4621707   0.0029790   0.000000   0.000000   0.002000   0.002000  0.0004000  0.0001500    0.003000    0.002000
1980   3  17  44315   0.037821   0.179821   0.4591076   0.0031200   0.000000   0.000000   0.002000   0.002000  0.0004000  0.0001500    0.003000    0.002000
1980   3  18  44316   0.036021   0.180121   0.4559655   0.0031430   0.000000   0.000000   0.002000   0.002000  0.0004000  0.0001500    0.003000    0.002000
1980   3  19  44317   0.034221   0.180421   0.4528554   0.0030620   0.000000   0.000000   0.002000   0.002000  0.0004000  0.0001500    0.003000    0.002000
1980   3  20  44318   0.032321   0.180721   0.4498732   0.0029050   0.000000   0.000000   0.002000   0.002000  0.0004000  0.0001500    0.003000    0.002000
1980   3  21  44319   0.030422   0.181122   0.4470511   0.0027420   0.000000   0.000000   0.002000   0.002000  0.0004000  0.0001500    0.003000    0.002000
1980   3  22  44320   0.028522   0.181622   0.4443910   0.0025960   0.000000   0.000000   0.002000   0.002000  0.0004000  0.0001500    0.003000    0.002000
1980   3  23  44321   0.026722   0.182022   0.4418309   0.0025120   0.000000   0.000000   0.002000   0.002000  0.0004000  0.0001500    0.003000    0.002000
1980   3  24  44322   0.024822   0.182522   0.4393467   0.0024780   0.000000   0.000000   0.002000   0.002000  0.0004000  0.0001500    0.003000    0.002000
1980   3  25  44323   0.023023   0.183023   0.4368586   0.0024970   0.000000   0.000000   0.002000   0.002000  0.0004000  0.0001500    0.003000    0.002000
1980   3  26  44324   0.021323   0.183523   0.4343385   0.0025580   0.000000   0.000000   0.002000   0.002000  0.0004000  0.0001500    0.003000    0.002000
1980   3  27  44325   0.019523   0.184123   0.4317434   0.0026360   0.000000   0.000000   0.002000   0.002000  0.0004000  0.0001500    0.003000    0.002000
1980   3  28  44326   0.017924   0.184624   0.4290712   0.0027150   0.000000   0.000000   0.002000   0.002000  0.0004000  0.0001500    0.003000    0.002000
1980   3  29  44327   0.016224   0.185224   0.4263231   0.0027810   0.000000   0.000000   0.002000   0.002000  0.0004000  0.0001500    0.003000    0.002000
1980   3  30  44328   0.014624   0.185824   0.4235130   0.0028340   0.000000   0.000000   0.002000   0.002000  0.0004000  0.0001500    0.003000    0.002000
1980   3  31  44329   0.013024   0.186524   0.4206639   0.0028540   0.000000   0.000000   0.002000   0.002000  0.0004000  0.0001500    0.003000    0.002000
1980   4   1  44330   0.011425   0.187125   0.4178067   0.0028460   0.000000   0.000000   0.002000   0.002000  0.0004000  0.0001500    0.003000    0.002000
1980   4   2  44331   0.009825   0.187825   0.4149706   0.0028100   0.000000   0.000000   0.002000   0.002000  0.0004000  0.0001500    0.003000    0.002000
1980   4   3  44332   0.008225   0.188425   0.4121945   0.0027370   0.000000   0.000000   0.002000   0.002000  0.0004000  0.0001500    0.003000    0.002000
1980   4   4  44333   0.006625   0.189125   0.4095004   0.0026400   0.000000   0.000000   0.002000   0.002000  0.0004000  0.0001500    0.003000    0.002000
1980   4   5  44334   0.005026   0.189926   0.4069052   0.0025320   0.000000   0.000000   0.002000   0.002000  0.0004000  0.0001500    0.003000    0.002000
1980   4   6  44335   0.003426   0.190626   0.4044211   0.0024410   0.000000   0.000000   0.002000   0.002000  0.0004000  0.0001500    0.003000    0.002000
1980   4   7  44336   0.001726   0.191326   0.4020120   0.0023840   0.000000   0.000000   0.002000   0.002000  0.0004000  0.0001500    0.003000    0.002000
1980   4   8  44337   0.000027   0.192127   0.3996249   0.0023860   0.000000   0.000000   0.002000   0.002000  0.0004000  0.0001500    0.003000    0.002000
1980   4   9  44338  -0.001673   0.192827   0.3972197   0.0024460   0.000000   0.000000   0.002000   0.002000  0.0004000  0.0001500    0.003000    0.002000
1980   4  10  44339  -0.003373   0.193627   0.3947126   0.0025660   0.000000   0.000000   0.002000   0.002000  0.0004000  0.0001500    0.003000    0.002000
1980   4  11  44340  -0.005173   0.194427   0.3920625   0.0027390   0.000000   0.000000   0.002000   0.002000  0.0004000  0.0001500    0.003000    0.002000
1980   4  12  44341  -0.006972   0.195228   0.3892234   0.0029260   0.000000   0.000000   0.002000   0.002000  0.0004000  0.0001500    0.003000    0.002000
1980   4  13  44342  -0.008872   0.196128   0.3862142   0.0030770   0.000000   0.000000   0.002000   0.002000  0.0004000  0.0001500    0.003000    0.002000
1980   4  14  44343  -0.010672   0.196928   0.3831091   0.0031370   0.000000   0.000000   0.002000   0.002000  0.0004000  0.0001500    0.003000    0.002000
1980   4  15  44344  -0.012471   0.197729   0.3799870   0.0030970   0.000000   0.000000   0.002000   0.002000  0.0004000  0.0001500    0.003000    0.002000
1980   4  16  44345  -0.014371   0.198629   0.3769469   0.0029810   0.000000   0.000000   0.002000   0.002000  0.0004000  0.0001500    0.003000    0.002000
1980   4  17  44346  -0.016271   0.199529   0.3740427   0.0028050   0.000000   0.000000   0.002000   0.002000  0.0004000  0.0001500    0.003000    0.002000
1980   4  18  44347  -0.018071   0.200329   0.3713256   0.0026300   0.000000   0.000000   0.002000   0.002000  0.0004000  0.0001500    0.003000    0.002000
1980   4  19  44348  -0.019970   0.201230   0.3687575   0.0024960   0.000000   0.000000   0.002000   0.002000  0.0004000  0.0001500    0.003000    0.002000
1980   4  20  44349  -0.021770   0.202130   0.3663044   0.0024220   0.000000   0.000000   0.002000   0.002000  0.0004000  0.0001500    0.003000    0.002000
1980   4  21  44350  -0.023570   0.203130   0.3638942   0.0024070   0.000000   0.000000   0.002000   0.002000  0.0004000  0.0001500    0.003000    0.002000
1980   4  22  44351  -0.025270   0.204030   0.3614641   0.0024510   0.000000   0.000000   0.002000   0.002000  0.0004000  0.0001500    0.003000    0.002000
1980   4  23  44352  -0.027069   0.205031   0.3589800   0.0025180   0.000000   0.000000   0.002000   0.002000  0.0004000  0.0001500    0.003000    0.002000
1980   4  24  44353  -0.028669   0.206031   0.3564309   0.0025820   0.000000   0.000000   0.002000   0.002000  0.0004000  0.0001500    0.003000    0.002000
1980   4  25  44354  -0.030269   0.207031   0.3538157   0.0026490   0.000000   0.000000   0.002000   0.002000  0.0004000  0.0001500    0.003000    0.002000
1980   4  26  44355  -0.031868   0.208032   0.3511376   0.0026950   0.000000   0.000000   0.002000   0.002000  0.0004000  0.0001500    0.003000    0.002000
1980   4  27  44356  -0.033268   0.209132   0.3484235   0.0027210   0.000000   0.000000   0.002000   0.002000  0.0004000  0.0001500    0.003000    0.002000
1980   4  28  44357  -0.034668   0.210232   0.3457044   0.0027010   0.000000   0.000000   0.002000   0.002000  0.0004000  0.0001500    0.003000    0.002000
1980   4  29  44358  -0.035968   0.211332   0.3430293   0.0026320   0.000000   0.000000   0.002000   0.002000  0.0004000  0.0001500    0.003000    0.002000
1980   4  30  44359  -0.037167   0.212433   0.3404381   0.0025570   0.000000   0.000000   0.002000   0.002000  0.0004000  0.0001500    0.003000    0.002000
1980   5   1  44360  -0.038367   0.213633   0.3379320   0.0024610   0.000000   0.000000   0.002000   0.002000  0.0004000  0.0001500    0.003000    0.002000
1980   5   2  44361  -0.039367   0.214833   0.3355279   0.0023570   0.000000   0.000000   0.002000   0.002000  0.0004000  0.0001500    0.003000    0.002000
1980   5   3  44362  -0.040467   0.215933   0.3332068   0.0022810   0.000000   0.000000   0.002000   0.002000  0.0004000  0.0001500    0.003000    0.002000
1980   5   4  44363  -0.041366   0.217134   0.3309556   0.0022350   0.000000   0.000000   0.002000   0.002000  0.0004000  0.0001500    0.003000    0.002000
1980   5   5  44364  -0.042266   0.218234   0.3287305   0.0022230   0.000000   0.000000   0.002000   0.002000  0.0004000  0.0001500    0.003000    0.002000
1980   5   6  44365  -0.043066   0.219334   0.3264904   0.0022760   0.000000   0.000000   0.002000   0.002000  0.0004000  0.0001500    0.003000    0.002000
1980   5   7  44366  -0.043865   0.220535   0.3241703   0.0023740   0.000000   0.000000   0.002000   0.002000  0.0004000  0.0001500    0.003000    0.002000
1980   5   8  44367  -0.044565   0.221635   0.3217271   0.0025160   0.000000   0.000000   0.002000   0.002000  0.0004000  0.0001500    0.003000    0.002000
1980   5   9  44368  -0.045265   0.222735   0.3191210   0.0026980   0.000000   0.000000   0.002000   0.002000  0.0004000  0.0001500    0.003000    0.002000
1980   5  10  44369  -0.046065   0.223835   0.3163369   0.0028530   0.000000   0.000000   0.002000   0.002000  0.0004000  0.0001500    0.003000    0.002000
1980   5  11  44370  -0.046764   0.225036   0.3134248   0.0029580   0.000000   0.000000   0.002000   0.002000  0.0004000  0.0001500    0.003000    0.002000
1980   5  12  44371  -0.047464   0.226036   0.3104507   0.0029720   0.000000   0.000000   0.002000   0.002000  0.0004000  0.0001500    0.003000    0.002000
1980   5  13  44372  -0.048164   0.227136   0.3075135   0.0028870   0.000000   0.000000   0.002000   0.002000  0.0004000  0.0001500    0.003000    0.002000
1980   5  14  44373  -0.048764   0.228236   0.3047014   0.0027290   0.000000   0.000000   0.002000   0.002000  0.0004000  0.0001500    0.003000    0.002000
1980   5  15  44374  -0.049363   0.229337   0.3020653   0.0025520   0.000000   0.000000   0.002000   0.002000  0.0004000  0.0001500    0.003000    0.002000
1980   5  16  44375  -0.049863   0.230437   0.2995992   0.0023940   0.000000   0.000000   0.002000   0.002000  0.0004000  0.0001500    0.003000    0.002000
1980   5  17  44376  -0.050363   0.231437   0.2972680   0.0022770   0.000000   0.000000   0.002000   0.002000  0.0004000  0.0001500    0.003000    0.002000
1980   5  18  44377  -0.050862   0.232538   0.2950249   0.0022110   0.000000   0.000000   0.002000   0.002000  0.0004000  0.0001500    0.003000    0.002000
1980   5  19  44378  -0.051262   0.233538   0.2928178   0.0022100   0.000000   0.000000   0.002000   0.002000  0.0004000  0.0001500    0.003000    0.002000
1980   5  20  44379  -0.051562   0.234638   0.2905937   0.0022360   0.000000   0.000000   0.002000   0.002000  0.0004000  0.0001500    0.003000    0.002000
1980   5  21  44380  -0.051962   0.235638   0.2883276   0.0022950   0.000000   0.000000   0.002000   0.002000  0.0004000  0.0001500    0.003000    0.002000
1980   5  22  44381  -0.052261   0.236639   0.2860004   0.0023600   0.000000   0.000000   0.002000   0.002000  0.0004000  0.0001500    0.003000    0.002000
1980   5  23  44382  -0.052561   0.237639   0.2836203   0.0023990   0.000000   0.000000   0.002000   0.002000  0.0004000  0.0001500    0.003000    0.002000
1980   5  24  44383  -0.052861   0.238639   0.2812102   0.0024000   0.000000   0.000000   0.002000   0.002000  0.0004000  0.0001500    0.003000    0.002000
1980   5  25  44384  -0.053061   0.239639   0.2788181   0.0023760   0.000000   0.000000   0.002000   0.002000  0.0004000  0.0001500    0.003000    0.002000
1980   5  26  44385  -0.053260   0.240640   0.2764659   0.0023150   0.000000   0.000000   0.002000   0.002000  0.0004000  0.0001500    0.003000    0.002000
1980   5  27  44386  -0.053460   0.241640   0.2741968   0.0022280   0.000000   0.000000   0.002000   0.002000  0.0004000  0.0001500    0.003000    0.002000
1980   5  28  44387  -0.053660   0.242640   0.2720267   0.0021190   0.000000   0.000000   0.002000   0.002000  0.0004000  0.0001500    0.003000    0.002000
1980   5  29  44388  -0.053859   0.243741   0.2699636   0.0020080   0.000000   0.000000   0.002000   0.002000  0.0004000  0.0001500    0.003000    0.002000
1980   5  30  44389  -0.054059   0.244741   0.2680115   0.0018970   0.000000   0.000000   0.002000   0.002000  0.0004000  0.0001500    0.003000    0.002000
1980   5  31  44390  -0.054259   0.245741   0.2661613   0.0018080   0.000000   0.000000   0.002000   0.002000  0.0004000  0.0001500    0.003000    0.002000
1980   6   1  44391  -0.054459   0.246741   0.2643932   0.0017580   0.000000   0.000000   0.002000   0.002000  0.0004000  0.0001500    0.003000    0.002000
1980   6   2  44392  -0.054558   0.247742   0.2626371   0.0017620   0.000000   0.000000   0.002000   0.002000  0.0004000  0.0001500    0.003000    0.002000
1980   6   3  44393  -0.054758   0.248842   0.2608490   0.0018210   0.000000   0.000000   0.002000   0.002000  0.0004000  0.0001500    0.003000    0.002000
1980   6   4  44394  -0.054858   0.249842   0.2589699   0.0019320   0.000000   0.000000   0.002000   0.002000  0.0004000  0.0001500    0.003000    0.002000
1980   6   5  44395  -0.054958   0.250842   0.2569677   0.0020720   0.000000   0.000000   0.002000   0.002000  0.0004000  0.0001500    0.003000    0.002000
1980   6   6  44396  -0.055157   0.251843   0.2548296   0.0022020   0.000000   0.000000   0.002000   0.002000  0.0004000  0.0001500    0.003000    0.002000
1980   6   7  44397  -0.055257   0.252743   0.2525695   0.0022990   0.000000   0.000000   0.002000   0.002000  0.0004000  0.0001500    0.003000    0.002000
1980   6   8  44398  -0.055357   0.253743   0.2502544   0.0023370   0.000000   0.000000   0.002000   0.002000  0.0004000  0.0001500    0.003000    0.002000
1980   6   9  44399  -0.055456   0.254744   0.2479223   0.0023230   0.000000   0.000000   0.002000   0.002000  0.0004000  0.0001500    0.003000    0.002000
1980   6  10  44400  -0.055556   0.255644   0.2456431   0.0022250   0.000000   0.000000   0.002000   0.002000  0.0004000  0.0001500    0.003000    0.002000
1980   6  11  44401  -0.055656   0.256644   0.2434860   0.0020730   0.000000   0.000000   0.002000   0.002000  0.0004000  0.0001500    0.003000    0.002000
1980   6  12  44402  -0.055856   0.257644   0.2414869   0.0019300   0.000000   0.000000   0.002000   0.002000  0.0004000  0.0001500    0.003000    0.002000
1980   6  13  44403  -0.055955   0.258545   0.2396238   0.0018110   0.000000   0.000000   0.002000   0.002000  0.0004000  0.0001500    0.003000    0.002000
1980   6  14  44404  -0.055955   0.259545   0.2378437   0.0017490   0.000000   0.000000   0.002000   0.002000  0.0004000  0.0001500    0.003000    0.002000
1980   6  15  44405  -0.056055   0.260545   0.2360965   0.0017540   0.000000   0.000000   0.002000   0.002000  0.0004000  0.0001500    0.003000    0.002000
1980   6  16  44406  -0.056155   0.261645   0.2343224   0.0017930   0.000000   0.000000   0.002000   0.002000  0.0004000  0.0001500    0.003000    0.002000
1980   6  17  44407  -0.056254   0.262646   0.2325023   0.0018480   0.000000   0.000000   0.002000   0.002000  0.0004000  0.0001500    0.003000    0.002000
1980   6  18  44408  -0.056254   0.263746   0.2306232   0.0019130   0.000000   0.000000   0.002000   0.002000  0.0004000  0.0001500    0.003000    0.002000
1980   6  19  44409  -0.056354   0.264846   0.2286781   0.0019650   0.000000   0.000000   0.002000   0.002000  0.0004000  0.0001500    0.003000    0.002000
1980   6  20  44410  -0.056353   0.266047   0.2266979   0.0020010   0.000000   0.000000   0.002000   0.002000  0.0004000  0.0001500    0.003000    0.002000
1980   6  21  44411  -0.056253   0.267147   0.2246928   0.0020040   0.000000   0.000000   0.002000   0.002000  0.0004000  0.0001500    0.003000    0.002000
1980   6  22  44412  -0.056253   0.268347   0.2226997   0.0019790   0.000000   0.000000   0.002000   0.002000  0.0004000  0.0001500    0.003000    0.002000
1980   6  23  44413  -0.056153   0.269547   0.2207436   0.0019280   0.000000   0.000000   0.002000   0.002000  0.0004000  0.0001500    0.003000    0.002000
1980   6  24  44414  -0.055952   0.270848   0.2188595   0.0018570   0.000000   0.000000   0.002000   0.002000  0.0004000  0.0001500    0.003000    0.002000
1980   6  25  44415  -0.055752   0.272048   0.2170443   0.0017620   0.000000   0.000000   0.002000   0.002000  0.0004000  0.0001500    0.003000    0.002000
1980   6  26  44416  -0.055552   0.273348   0.2153262   0.0016640   0.000000   0.000000   0.002000   0.002000  0.0004000  0.0001500    0.003000    0.002000
1980   6  27  44417  -0.055252   0.274648   0.2137101   0.0015800   0.000000   0.000000   0.002000   0.002000  0.0004000  0.0001500    0.003000    0.002000
1980   6  28  44418  -0.054951   0.275949   0.2121650   0.0015180   0.000000   0.000000   0.002000   0.002000  0.0004000  0.0001500    0.003000    0.002000
1980   6  29  44419  -0.054551   0.277349   0.2106569   0.0015070   0.000000   0.000000   0.002000   0.002000  0.0004000  0.0001500    0.003000    0.002000
1980   6  30  44420  -0.054051   0.278649   0.2091317   0.0015540   0.000000   0.000000   0.002000   0.002000  0.0004000  0.0001500    0.003000    0.002000
1980   7   1  44421  -0.053550   0.280050   0.2075326   0.0016500   0.000000   0.000000   0.002000   0.002000  0.0004000  0.0001500    0.003000    0.002000
1980   7   2  44422  -0.053050   0.281350   0.2058245   0.0017780   0.000000   0.000000   0.002000   0.002000  0.0004000  0.0001500    0.003000    0.002000
1980   7   3  44423  -0.052450   0.282750   0.2039804   0.0018950   0.000000   0.000000   0.002000   0.002000  0.0004000  0.0001500    0.003000    0.002000
1980   7   4  44424  -0.051750   0.284050   0.2020393   0.0019760   0.000000   0.000000   0.002000   0.002000  0.0004000  0.0001500    0.003000    0.002000
1980   7   5  44425  -0.051049   0.285351   0.2000492   0.0020010   0.000000   0.000000   0.002000   0.002000  0.0004000  0.0001500    0.003000    0.002000
1980   7   6  44426  -0.050349   0.286551   0.1980640   0.0019510   0.000000   0.000000   0.002000   0.002000  0.0004000  0.0001500    0.003000    0.002000
1980   7   7  44427  -0.049549   0.287851   0.1961599   0.0018460   0.000000   0.000000   0.002000   0.002000  0.0004000  0.0001500    0.003000    0.002000
1980   7   8  44428  -0.048748   0.289052   0.1943838   0.0017090   0.000000   0.000000   0.002000   0.002000  0.0004000  0.0001500    0.003000    0.002000
1980   7   9  44429  -0.047948   0.290252   0.1927437   0.0015730   0.000000   0.000000   0.002000   0.002000  0.0004000  0.0001500    0.003000    0.002000
1980   7  10  44430  -0.047048   0.291452   0.1912296   0.0014500   0.000000   0.000000   0.002000   0.002000  0.0004000  0.0001500    0.003000    0.002000
1980   7  11  44431  -0.046248   0.292552   0.1898264   0.0013770   0.000000   0.000000   0.002000   0.002000  0.0004000  0.0001500    0.003000    0.002000
1980   7  12  44432  -0.045447   0.293653   0.1884583   0.0013600   0.000000   0.000000   0.002000   0.002000  0.0004000  0.0001500    0.003000    0.002000
1980   7  13  44433  -0.044647   0.294653   0.1870792   0.0013920   0.000000   0.000000   0.002000   0.002000  0.0004000  0.0001500    0.003000    0.002000
1980   7  14  44434  -0.043847   0.295753   0.1856631   0.0014550   0.000000   0.000000   0.002000   0.002000  0.0004000  0.0001500    0.003000    0.002000
1980   7  15  44435  -0.043147   0.296853   0.1841650   0.0015320   0.000000   0.000000   0.002000   0.002000  0.0004000  0.0001500    0.003000    0.002000
1980   7  16  44436  -0.042546   0.297854   0.1825999   0.0016070   0.000000   0.000000   0.002000   0.002000  0.0004000  0.0001500    0.003000    0.002000
1980   7  17  44437  -0.041946   0.298954   0.1809647   0.0016690   0.000000   0.000000   0.002000   0.002000  0.0004000  0.0001500    0.003000    0.002000
1980   7  18  44438  -0.041546   0.299954   0.1792796   0.0017090   0.000000   0.000000   0.002000   0.002000  0.0004000  0.0001500    0.003000    0.002000
1980   7  19  44439  -0.041045   0.300955   0.1775665   0.0017110   0.000000   0.000000   0.002000   0.002000  0.0004000  0.0001500    0.003000    0.002000
1980   7  20  44440  -0.040645   0.302055   0.1758584   0.0016950   0.000000   0.000000   0.002000   0.002000  0.0004000  0.0001500    0.003000    0.002000
1980   7  21  44441  -0.040245   0.302955   0.1741753   0.0016570   0.000000   0.000000   0.002000   0.002000  0.0004000  0.0001500    0.003000    0.002000
1980   7  22  44442  -0.039945   0.303955   0.1725482   0.0015960   0.000000   0.000000   0.002000   0.002000  0.0004000  0.0001500    0.003000    0.002000
1980   7  23  44443  -0.039644   0.304856   0.1709830   0.0015420   0.000000   0.000000   0.002000   0.002000  0.0004000  0.0001500    0.003000    0.002000
1980   7  24  44444  -0.039444   0.305756   0.1694679   0.0014880   0.000000   0.000000   0.002000   0.002000  0.0004000  0.0001500    0.003000    0.002000
1980   7  25  44445  -0.039144   0.306656   0.1679888   0.0014680   0.000000   0.000000   0.002000   0.002000  0.0004000  0.0001500    0.003000    0.002000
1980   7  26  44446  -0.038944   0.307456   0.1665267   0.0014830   0.000000   0.000000   0.002000   0.002000  0.0004000  0.0001500    0.003000    0.002000
1980   7  27  44447  -0.038643   0.308257   0.1650136   0.0015460   0.000000   0.000000   0.002000   0.002000  0.0004000  0.0001500    0.003000    0.002000
1980   7  28  44448  -0.038443   0.308957   0.1634065   0.0016690   0.000000   0.000000   0.002000   0.002000  0.0004000  0.0001500    0.003000    0.002000
1980   7  29  44449  -0.038243   0.309657   0.1616533   0.0018190   0.000000   0.000000   0.002000   0.002000  0.0004000  0.0001500    0.003000    0.002000
1980   7  30  44450  -0.038042   0.310258   0.1597562   0.0019680   0.000000   0.000000   0.002000   0.002000  0.0004000  0.0001500    0.003000    0.002000
1980   7  31  44451  -0.037842   0.310958   0.1577421   0.0020620   0.000000   0.000000   0.002000   0.002000  0.0004000  0.0001500    0.003000    0.002000
1980   8   1  44452  -0.037642   0.311558   0.1556700   0.0020680   0.000000   0.000000   0.002000   0.002000  0.0004000  0.0001500    0.003000    0.002000
1980   8   2  44453  -0.037442   0.312058   0.1536259   0.0019970   0.000000   0.000000   0.002000   0.002000  0.0004000  0.0001500    0.003000    0.002000
1980   8   3  44454  -0.037241   0.312659   0.1516898   0.0018630   0.000000   0.000000   0.002000   0.002000  0.0004000  0.0001500    0.003000    0.002000
1980   8   4  44455  -0.037041   0.313159   0.1499126   0.0016860   0.000000   0.000000   0.002000   0.002000  0.0004000  0.0001500    0.003000    0.002000
1980   8   5  44456  -0.036841   0.313759   0.1483125   0.0015190   0.000000   0.000000   0.002000   0.002000  0.0004000  0.0001500    0.003000    0.002000
1980   8   6  44457  -0.036641   0.314259   0.1468674   0.0013760   0.000000   0.000000   0.002000   0.002000  0.0004000  0.0001500    0.003000    0.002000
1980   8   7  44458  -0.036440   0.314860   0.1455553   0.0012890   0.000000   0.000000   0.002000   0.002000  0.0004000  0.0001500    0.003000    0.002000
1980   8   8  44459  -0.036240   0.315460   0.1442792   0.0012690   0.000000   0.000000   0.002000   0.002000  0.0004000  0.0001500    0.003000    0.002000
1980   8   9  44460  -0.036040   0.316060   0.1430091   0.0012910   0.000000   0.000000   0.002000   0.002000  0.0004000  0.0001500    0.003000    0.002000
1980   8  10  44461  -0.035739   0.316661   0.1416760   0.0013610   0.000000   0.000000   0.002000   0.002000  0.0004000  0.0001500    0.003000    0.002000
1980   8  11  44462  -0.035539   0.317361   0.1402698   0.0014500   0.000000   0.000000   0.002000   0.002000  0.0004000  0.0001500    0.003000    0.002000
1980   8  12  44463  -0.035239   0.318061   0.1387757   0.0015490   0.000000   0.000000   0.002000   0.002000  0.0004000  0.0001500    0.003000    0.002000
1980   8  13  44464  -0.034939   0.318761   0.1371856   0.0016370   0.000000   0.000000   0.002000   0.002000  0.0004000  0.0001500    0.003000    0.002000
1980   8  14  44465  -0.034638   0.319462   0.1355185   0.0017030   0.000000   0.000000   0.002000   0.002000  0.0004000  0.0001500    0.003000    0.002000
1980   8  15  44466  -0.034238   0.320262   0.1337874   0.0017520   0.000000   0.000000   0.002000   0.002000  0.0004000  0.0001500    0.003000    0.002000
1980   8  16  44467  -0.033838   0.321162   0.1320323   0.0017620   0.000000   0.000000   0.002000   0.002000  0.0004000  0.0001500    0.003000    0.002000
1980   8  17  44468  -0.033438   0.321962   0.1302701   0.0017470   0.000000   0.000000   0.002000   0.002000  0.0004000  0.0001500    0.003000    0.002000
1980   8  18  44469  -0.033137   0.322863   0.1285440   0.0017150   0.000000   0.000000   0.002000   0.002000  0.0004000  0.0001500    0.003000    0.002000
1980   8  19  44470  -0.032737   0.323663   0.1268409   0.0016890   0.000000   0.000000   0.002000   0.002000  0.0004000  0.0001500    0.003000    0.002000
1980   8  20  44471  -0.032437   0.324563   0.1251718   0.0016620   0.000000   0.000000   0.002000   0.002000  0.0004000  0.0001500    0.003000    0.002000
1980   8  21  44472  -0.032236   0.325364   0.1235007   0.0016660   0.000000   0.000000   0.002000   0.002000  0.0004000  0.0001500    0.003000    0.002000
1980   8  22  44473  -0.032136   0.326164   0.1218276   0.0016970   0.000000   0.000000   0.002000   0.002000  0.0004000  0.0001500    0.003000    0.002000
1980   8  23  44474  -0.031936   0.326964   0.1200975   0.0017710   0.000000   0.000000   0.002000   0.002000  0.0004000  0.0001500    0.003000    0.002000
1980   8  24  44475  -0.031836   0.327764   0.1182533   0.0019090   0.000000   0.000000   0.002000   0.002000  0.0004000  0.0001500    0.003000    0.002000
1980   8  25  44476  -0.031835   0.328465   0.1162522   0.0021020   0.000000   0.000000   0.002000   0.002000  0.0004000  0.0001500    0.003000    0.002000
1980   8  26  44477  -0.031735   0.329165   0.1140391   0.0023090   0.000000   0.000000   0.002000   0.002000  0.0004000  0.0001500    0.003000    0.002000
1980   8  27  44478  -0.031835   0.329765   0.1116410   0.0024800   0.000000   0.000000   0.002000   0.002000  0.0004000  0.0001500    0.003000    0.002000
1980   8  28  44479  -0.031935   0.330265   0.1091049   0.0025760   0.000000   0.000000   0.002000   0.002000  0.0004000  0.0001500    0.003000    0.002000
1980   8  29  44480  -0.032034   0.330866   0.1065238   0.0025690   0.000000   0.000000   0.002000   0.002000  0.0004000  0.0001500    0.003000    0.002000
1980   8  30  44481  -0.032134   0.331366   0.1040107   0.0024530   0.000000   0.000000   0.002000   0.002000  0.0004000  0.0001500    0.003000    0.002000
1980   8  31  44482  -0.032334   0.331766   0.1016295   0.0022910   0.000000   0.000000   0.002000   0.002000  0.0004000  0.0001500    0.003000    0.002000
1980   9   1  44483  -0.032433   0.332267   0.0994354   0.0021080   0.000000   0.000000   0.002000   0.002000  0.0004000  0.0001500    0.003000    0.002000
1980   9   2  44484  -0.032533   0.332667   0.0974073   0.0019460   0.000000   0.000000   0.002000   0.002000  0.0004000  0.0001500    0.003000    0.002000
1980   9   3  44485  -0.032533   0.333067   0.0955172   0.0018440   0.000000   0.000000   0.002000   0.002000  0.0004000  0.0001500    0.003000    0.002000
1980   9   4  44486  -0.032633   0.333467   0.0937001   0.0018020   0.000000   0.000000   0.002000   0.002000  0.0004000  0.0001500    0.003000    0.002000
1980   9   5  44487  -0.032632   0.333868   0.0918830   0.0018290   0.000000   0.000000   0.002000   0.002000  0.0004000  0.0001500    0.003000    0.002000
1980   9   6  44488  -0.032632   0.334368   0.0900159   0.0019100   0.000000   0.000000   0.002000   0.002000  0.0004000  0.0001500    0.003000    0.002000
1980   9   7  44489  -0.032532   0.334768   0.0880538   0.0020170   0.000000   0.000000   0.002000   0.002000  0.0004000  0.0001500    0.003000    0.002000
1980   9   8  44490  -0.032332   0.335168   0.0859906   0.0021200   0.000000   0.000000   0.002000   0.002000  0.0004000  0.0001500    0.003000    0.002000
1980   9   9  44491  -0.032131   0.335569   0.0838155   0.0022140   0.000000   0.000000   0.002000   0.002000  0.0004000  0.0001500    0.003000    0.002000
1980   9  10  44492  -0.031931   0.336069   0.0815584   0.0022970   0.000000   0.000000   0.002000   0.002000  0.0004000  0.0001500    0.003000    0.002000
1980   9  11  44493  -0.031731   0.336469   0.0792403   0.0023440   0.000000   0.000000   0.002000   0.002000  0.0004000  0.0001500    0.003000    0.002000
1980   9  12  44494  -0.031430   0.336870   0.0768822   0.0023700   0.000000   0.000000   0.002000   0.002000  0.0004000  0.0001500    0.003000    0.002000
1980   9  13  44495  -0.031130   0.337270   0.0745191   0.0023590   0.000000   0.000000   0.002000   0.002000  0.0004000  0.0001500    0.003000    0.002000
1980   9  14  44496  -0.030830   0.337770   0.0721720   0.0023150   0.000000   0.000000   0.002000   0.002000  0.0004000  0.0001500    0.003000    0.002000
1980   9  15  44497  -0.030530   0.338170   0.0698829   0.0022630   0.000000   0.000000   0.002000   0.002000  0.0004000  0.0001500    0.003000    0.002000
1980   9  16  44498  -0.030229   0.338571   0.0676547   0.0022050   0.000000   0.000000   0.002000   0.002000  0.0004000  0.0001500    0.003000    0.002000
1980   9  17  44499  -0.029829   0.339071   0.0654636   0.0021680   0.000000   0.000000   0.002000   0.002000  0.0004000  0.0001500    0.003000    0.002000
1980   9  18  44500  -0.029529   0.339471   0.0633165   0.0021440   0.000000   0.000000   0.002000   0.002000  0.0004000  0.0001500    0.003000    0.002000
1980   9  19  44501  -0.029129   0.339871   0.0611604   0.0021680   0.000000   0.000000   0.002000   0.002000  0.0004000  0.0001500    0.003000    0.002000
1980   9  20  44502  -0.028728   0.340372   0.0589613   0.0022400   0.000000   0.000000   0.002000   0.002000  0.0004000  0.0001500    0.003000    0.002000
1980   9  21  44503  -0.028428   0.340772   0.0566482   0.0023750   0.000000   0.000000   0.002000   0.002000  0.0004000  0.0001500    0.003000    0.002000
1980   9  22  44504  -0.028028   0.341172   0.0541871   0.0025560   0.000000   0.000000   0.002000   0.002000  0.0004000  0.0001500    0.003000    0.002000
1980   9  23  44505  -0.027627   0.341573   0.0515240   0.0027540   0.000000   0.000000   0.002000   0.002000  0.0004000  0.0001500    0.003000    0.002000
1980   9  24  44506  -0.027227   0.342073   0.0486928   0.0029050   0.000000   0.000000   0.002000   0.002000  0.0004000  0.0001500    0.003000    0.002000
1980   9  25  44507  -0.026827   0.342473   0.0457547   0.0029710   0.000000   0.000000   0.002000   0.002000  0.0004000  0.0001500    0.003000    0.002000
1980   9  26  44508  -0.026327   0.342973   0.0428006   0.0029190   0.000000   0.000000   0.002000   0.002000  0.0004000  0.0001500    0.003000    0.002000
1980   9  27  44509  -0.025926   0.343474   0.0399405   0.0027780   0.000000   0.000000   0.002000   0.002000  0.0004000  0.0001500    0.003000    0.002000
1980   9  28  44510  -0.025426   0.343974   0.0372624   0.0025820   0.000000   0.000000   0.002000   0.002000  0.0004000  0.0001500    0.003000    0.002000
1980   9  29  44511  -0.024926   0.344474   0.0347853   0.0023880   0.000000   0.000000   0.002000   0.002000  0.0004000  0.0001500    0.003000    0.002000
1980   9  30  44512  -0.024525   0.345075   0.0324722   0.0022380   0.000000   0.000000   0.002000   0.002000  0.0004000  0.0001500    0.003000    0.002000
1980  10   1  44513  -0.024025   0.345675   0.0302861   0.0021440   0.000000   0.000000   0.002000   0.002000  0.0004000  0.0001500    0.003000    0.002000
1980  10   2  44514  -0.023625   0.346275   0.0281620   0.0021250   0.000000   0.000000   0.002000   0.002000  0.0004000  0.0001500    0.003000    0.002000
1980  10   3  44515  -0.023225   0.346875   0.0260268   0.0021500   0.000000   0.000000   0.002000   0.002000  0.0004000  0.0001500    0.003000    0.002000
1980  10   4  44516  -0.022724   0.347576   0.0238407   0.0022080   0.000000   0.000000   0.002000   0.002000  0.0004000  0.0001500    0.003000    0.002000
1980  10   5  44517  -0.022324   0.348176   0.0215976   0.0022890   0.000000   0.000000   0.002000   0.002000  0.0004000  0.0001500    0.003000    0.002000
1980  10   6  44518  -0.021824   0.348876   0.0192635   0.0023670   0.000000   0.000000   0.002000   0.002000  0.0004000  0.0001500    0.003000    0.002000
1980  10   7  44519  -0.021324   0.349676   0.0168594   0.0024380   0.000000   0.000000   0.002000   0.002000  0.0004000  0.0001500    0.003000    0.002000
1980  10   8  44520  -0.020823   0.350377   0.0143953   0.0024820   0.000000   0.000000   0.002000   0.002000  0.0004000  0.0001500    0.003000    0.002000
1980  10   9  44521  -0.020223   0.351177   0.0119042   0.0024960   0.000000   0.000000   0.002000   0.002000  0.0004000  0.0001500    0.003000    0.002000
1980  10  10  44522  -0.019623   0.351977   0.0094141   0.0024810   0.000000   0.000000   0.002000   0.002000  0.0004000  0.0001500    0.003000    0.002000
1980  10  11  44523  -0.019022   0.352678   0.0069510   0.0024400   0.000000   0.000000   0.002000   0.002000  0.0004000  0.0001500    0.003000    0.002000
1980  10  12  44524  -0.018422   0.353478   0.0045499   0.0023830   0.000000   0.000000   0.002000   0.002000  0.0004000  0.0001500    0.003000    0.002000
1980  10  13  44525  -0.017722   0.354278   0.0021967   0.0023240   0.000000   0.000000   0.002000   0.002000  0.0004000  0.0001500    0.003000    0.002000
1980  10  14  44526  -0.017122   0.355078  -0.0001054   0.0022810   0.000000   0.000000   0.002000   0.002000  0.0004000  0.0001500    0.003000    0.002000
1980  10  15  44527  -0.016421   0.355879  -0.0023645   0.0022480   0.000000   0.000000   0.002000   0.002000  0.0004000  0.0001500    0.003000    0.002000
1980  10  16  44528  -0.015721   0.356579  -0.0046236   0.0022680   0.000000   0.000000   0.002000   0.002000  0.0004000  0.0001500    0.003000    0.002000
1980  10  17  44529  -0.015021   0.357379  -0.0069107   0.0023330   0.000000   0.000000   0.002000   0.002000  0.0004000  0.0001500    0.003000    0.002000
1980  10  18  44530  -0.014421   0.358079  -0.0093008   0.0024560   0.000000   0.000000   0.002000   0.002000  0.0004000  0.0001500    0.003000    0.002000
1980  10  19  44531  -0.013720   0.358680  -0.0118519   0.0026440   0.000000   0.000000   0.002000   0.002000  0.0004000  0.0001500    0.003000    0.002000
1980  10  20  44532  -0.013020   0.359280  -0.0145990   0.0028640   0.000000   0.000000   0.002000   0.002000  0.0004000  0.0001500    0.003000    0.002000
1980  10  21  44533  -0.012420   0.359880  -0.0175661   0.0030720   0.000000   0.000000   0.002000   0.002000  0.0004000  0.0001500    0.003000    0.002000
1980  10  22  44534  -0.011719   0.360481  -0.0207212   0.0032170   0.000000   0.000000   0.002000   0.002000  0.0004000  0.0001500    0.003000    0.002000
1980  10  23  44535  -0.011019   0.360981  -0.0239754   0.0032570   0.000000   0.000000   0.002000   0.002000  0.0004000  0.0001500    0.003000    0.002000
1980  10  24  44536  -0.010319   0.361481  -0.0271985   0.0031810   0.000000   0.000000   0.002000   0.002000  0.0004000  0.0001500    0.003000    0.002000
1980  10  25  44537  -0.009619   0.361981  -0.0302976   0.0030070   0.000000   0.000000   0.002000   0.002000  0.0004000  0.0001500    0.003000    0.002000
1980  10  26  44538  -0.008918   0.362382  -0.0331997   0.0027960   0.000000   0.000000   0.002000   0.002000  0.0004000  0.0001500    0.003000    0.002000
1980  10  27  44539  -0.008218   0.362782  -0.0358988   0.0026070   0.000000   0.000000   0.002000   0.002000  0.0004000  0.0001500    0.003000    0.002000
1980  10  28  44540  -0.007518   0.363182  -0.0384339   0.0024660   0.000000   0.000000   0.002000   0.002000  0.0004000  0.0001500    0.003000    0.002000
1980  10  29  44541  -0.006818   0.363582  -0.0408540   0.0023960   0.000000   0.000000   0.002000   0.002000  0.0004000  0.0001500    0.003000    0.002000
1980  10  30  44542  -0.006017   0.363983  -0.0432471   0.0023880   0.000000   0.000000   0.002000   0.002000  0.0004000  0.0001500    0.003000    0.002000
1980  10  31  44543  -0.005317   0.364383  -0.0456562   0.0024230   0.000000   0.000000   0.002000   0.002000  0.0004000  0.0001500    0.003000    0.002000
1980  11   1  44544  -0.004617   0.364683  -0.0481093   0.0024770   0.000000   0.000000   0.002000   0.002000  0.0004000  0.0001500    0.003000    0.002000
1980  11   2  44545  -0.003916   0.365084  -0.0506104   0.0025240   0.000000   0.000000   0.002000   0.002000  0.0004000  0.0001500    0.003000    0.002000
1980  11   3  44546  -0.003216   0.365384  -0.0531525   0.0025680   0.000000   0.000000   0.002000   0.002000  0.0004000  0.0001500    0.003000    0.002000
1980  11   4  44547  -0.002416   0.365684  -0.0557397   0.0025790   0.000000   0.000000   0.002000   0.002000  0.0004000  0.0001500    0.003000    0.002000
1980  11   5  44548  -0.001716   0.366084  -0.0583118   0.0025610   0.000000   0.000000   0.002000   0.002000  0.0004000  0.0001500    0.003000    0.002000
1980  11   6  44549  -0.000915   0.366385  -0.0608529   0.0025130   0.000000   0.000000   0.002000   0.002000  0.0004000  0.0001500    0.003000    0.002000
1980  11   7  44550  -0.000115   0.366785  -0.0633290   0.0024380   0.000000   0.000000   0.002000   0.002000  0.0004000  0.0001500    0.003000    0.002000
1980  11   8  44551   0.000685   0.367185  -0.0657111   0.0023430   0.000000   0.000000   0.002000   0.002000  0.0004000  0.0001500    0.003000    0.002000
1980  11   9  44552   0.001585   0.367585  -0.0680042   0.0022400   0.000000   0.000000   0.002000   0.002000  0.0004000  0.0001500    0.003000    0.002000
1980  11  10  44553   0.002486   0.367986  -0.0701933   0.0021540   0.000000   0.000000   0.002000   0.002000  0.0004000  0.0001500    0.003000    0.002000
1980  11  11  44554   0.003486   0.368386  -0.0723084   0.0020820   0.000000   0.000000   0.002000   0.002000  0.0004000  0.0001500    0.003000    0.002000
1980  11  12  44555   0.004386   0.368786  -0.0743815   0.0020600   0.000000   0.000000   0.002000   0.002000  0.0004000  0.0001500    0.003000    0.002000
1980  11  13  44556   0.005487   0.369187  -0.0764576   0.0020900   0.000000   0.000000   0.002000   0.002000  0.0004000  0.0001500    0.003000    0.002000
1980  11  14  44557   0.006587   0.369587  -0.0785807   0.0021840   0.000000   0.000000   0.002000   0.002000  0.0004000  0.0001500    0.003000    0.002000
1980  11  15  44558   0.007787   0.369987  -0.0808328   0.0023300   0.000000   0.000000   0.002000   0.002000  0.0004000  0.0001500    0.003000    0.002000
1980  11  16  44559   0.008987   0.370387  -0.0832609   0.0025230   0.000000   0.000000   0.002000   0.002000  0.0004000  0.0001500    0.003000    0.002000
1980  11  17  44560   0.010288   0.370688  -0.0858910   0.0027350   0.000000   0.000000   0.002000   0.002000  0.0004000  0.0001500    0.003000    0.002000
1980  11  18  44561   0.011588   0.371088  -0.0887222   0.0029260   0.000000   0.000000   0.002000   0.002000  0.0004000  0.0001500    0.003000    0.002000
1980  11  19  44562   0.012888   0.371488  -0.0917103   0.0030450   0.000000   0.000000   0.002000   0.002000  0.0004000  0.0001500    0.003000    0.002000
1980  11  20  44563   0.014288   0.371788  -0.0947874   0.0030620   0.000000   0.000000   0.002000   0.002000  0.0004000  0.0001500    0.003000    0.002000
1980  11  21  44564   0.015789   0.372089  -0.0978095   0.0029790   0.000000   0.000000   0.002000   0.002000  0.0004000  0.0001500    0.003000    0.002000
1980  11  22  44565   0.017289   0.372389  -0.1007126   0.0028210   0.000000   0.000000   0.002000   0.002000  0.0004000  0.0001500    0.003000    0.002000
1980  11  23  44566   0.018789   0.372589  -0.1034467   0.0026500   0.000000   0.000000   0.002000   0.002000  0.0004000  0.0001500    0.003000    0.002000
1980  11  24  44567   0.020290   0.372890  -0.1060158   0.0024870   0.000000   0.000000   0.002000   0.002000  0.0004000  0.0001500    0.003000    0.002000
1980  11  25  44568   0.021990   0.373090  -0.1084429   0.0023800   0.000000   0.000000   0.002000   0.002000  0.0004000  0.0001500    0.003000    0.002000
1980  11  26  44569   0.023590   0.373290  -0.1107880   0.0023410   0.000000   0.000000   0.002000   0.002000  0.0004000  0.0001500    0.003000    0.002000
1980  11  27  44570   0.025290   0.373390  -0.1131301   0.0023420   0.000000   0.000000   0.002000   0.002000  0.0004000  0.0001500    0.003000    0.002000
1980  11  28  44571   0.026891   0.373591  -0.1154812   0.0023700   0.000000   0.000000   0.002000   0.002000  0.0004000  0.0001500    0.003000    0.002000
1980  11  29  44572   0.028491   0.373691  -0.1178743   0.0024050   0.000000   0.000000   0.002000   0.002000  0.0004000  0.0001500    0.003000    0.002000
1980  11  30  44573   0.030191   0.373791  -0.1202874   0.0024200   0.000000   0.000000   0.002000   0.002000  0.0004000  0.0001500    0.003000    0.002000
1980  12   1  44574   0.031691   0.373891  -0.1227065   0.0024250   0.000000   0.000000   0.002000   0.002000  0.0004000  0.0001500    0.003000    0.002000
1980  12   2  44575   0.033292   0.373992  -0.1251286   0.0024020   0.000000   0.000000   0.002000   0.002000  0.0004000  0.0001500    0.003000    0.002000
1980  12   3  44576   0.034792   0.374092  -0.1275107   0.0023700   0.000000   0.000000   0.002000   0.002000  0.0004000  0.0001500    0.003000    0.002000
1980  12   4  44577   0.036292   0.374192  -0.1298498   0.0023110   0.000000   0.000000   0.002000   0.002000  0.0004000  0.0001500    0.003000    0.002000
1980  12   5  44578   0.037693   0.374193  -0.1321379   0.0022520   0.000000   0.000000   0.002000   0.002000  0.0004000  0.0001500    0.003000    0.002000
1980  12   6  44579   0.038993   0.374293  -0.1343501   0.0021800   0.000000   0.000000   0.002000   0.002000  0.0004000  0.0001500    0.003000    0.002000
1980  12   7  44580   0.040293   0.374193  -0.1364992   0.0021200   0.000000   0.000000   0.002000   0.002000  0.0004000  0.0001500    0.003000    0.002000
1980  12   8  44581   0.041493   0.374193  -0.1385873   0.0020770   0.000000   0.000000   0.002000   0.002000  0.0004000  0.0001500    0.003000    0.002000
1980  12   9  44582   0.042794   0.374094  -0.1406564   0.0020690   0.000000   0.000000   0.002000   0.002000  0.0004000  0.0001500    0.003000    0.002000
1980  12  10  44583   0.043994   0.373994  -0.1427405   0.0021080   0.000000   0.000000   0.002000   0.002000  0.0004000  0.0001500    0.003000    0.002000
1980  12  11  44584   0.045194   0.373794  -0.1448916   0.0022030   0.000000   0.000000   0.002000   0.002000  0.0004000  0.0001500    0.003000    0.002000
1980  12  12  44585   0.046394   0.373494  -0.1471637   0.0023480   0.000000   0.000000   0.002000   0.002000  0.0004000  0.0001500    0.003000    0.002000
1980  12  13  44586   0.047595   0.373095  -0.1495988   0.0025170   0.000000   0.000000   0.002000   0.002000  0.0004000  0.0001500    0.003000    0.002000
1980  12  14  44587   0.048895   0.372795  -0.1522099   0.0027060   0.000000   0.000000   0.002000   0.002000  0.0004000  0.0001500    0.003000    0.002000
1980  12  15  44588   0.050095   0.372295  -0.1549940   0.0028560   0.000000   0.000000   0.002000   0.002000  0.0004000  0.0001500    0.003000    0.002000
1980  12  16  44589   0.051396   0.371796  -0.1579061   0.0029440   0.000000   0.000000   0.002000   0.002000  0.0004000  0.0001500    0.003000    0.002000
1980  12  17  44590   0.052696   0.371196  -0.1608672   0.0029550   0.000000   0.000000   0.002000   0.002000  0.0004000  0.0001500    0.003000    0.002000
1980  12  18  44591   0.054096   0.370596  -0.1637773   0.0028610   0.000000   0.000000   0.002000   0.002000  0.0004000  0.0001500    0.003000    0.002000
1980  12  19  44592   0.055496   0.369896  -0.1665554   0.0026950   0.000000   0.000000   0.002000   0.002000  0.0004000  0.0001500    0.003000    0.002000
1980  12  20  44593   0.056997   0.369197  -0.1691585   0.0024870   0.000000   0.000000   0.002000   0.002000  0.0004000  0.0001500    0.003000    0.002000
1980  12  21  44594   0.058397   0.368397  -0.1715446   0.0023030   0.000000   0.000000   0.002000   0.002000  0.0004000  0.0001500    0.003000    0.002000
1980  12  22  44595   0.059897   0.367497  -0.1737807   0.0021800   0.000000   0.000000   0.002000   0.002000  0.0004000  0.0001500    0.003000    0.002000
1980  12  23  44596   0.061398   0.366698  -0.1759178   0.0021250   0.000000   0.000000   0.002000   0.002000  0.0004000  0.0001500    0.003000    0.002000
1980  12  24  44597   0.062798   0.365798  -0.1780399   0.0021270   0.000000   0.000000   0.002000   0.002000  0.0004000  0.0001500    0.003000    0.002000
1980  12  25  44598   0.064298   0.364798  -0.1801930   0.0021740   0.000000   0.000000   0.002000   0.002000  0.0004000  0.0001500    0.003000    0.002000
1980  12  26  44599   0.065698   0.363798  -0.1823911   0.0022430   0.000000   0.000000   0.002000   0.002000  0.0004000  0.0001500    0.003000    0.002000
1980  12  27  44600   0.067099   0.362899  -0.1846662   0.0023030   0.000000   0.000000   0.002000   0.002000  0.0004000  0.0001500    0.003000    0.002000
1980  12  28  44601   0.068399   0.361899  -0.1869903   0.0023430   0.000000   0.000000   0.002000   0.002000  0.0004000  0.0001500    0.003000    0.002000
1980  12  29  44602   0.069599   0.360999  -0.1893524   0.0023750   0.000000   0.000000   0.002000   0.002000  0.0004000  0.0001500    0.003000    0.002000
1980  12  30  44603   0.070699   0.360099  -0.1917225   0.0023780   0.000000   0.000000   0.002000   0.002000  0.0004000  0.0001500    0.003000    0.002000
1980  12  31  44604   0.071700   0.359200  -0.1941006   0.0023630   0.000000   0.000000   0.002000   0.002000  0.0004000  0.0001500    0.003000    0.002000
