

                   INTERNATIONAL EARTH ROTATION SERVICE
                        EARTH ROTATION PARAMETERS
                          EOP (IERS) C04

  
             FORMAT(3(I4),I7,2(F11.6),2(F12.7),2(F12.6),2(F11.6),2(F12.7),2F12.6)
**********************************************************************************
  
      Date      MJD      x          y        UT1-UTC       LOD         dX        dY        x Err     y Err   UT1-UTC Err  Lod Err     dY Err       dY Err  
                         "          "           s           s          "         "           "          "          s         s            "           "
     (0h UTC)

1995   1   1  49718  -0.153056   0.418808   0.3986872   0.0026556   0.000086  -0.000408   0.000131   0.000118  0.0000257  0.0000123    0.000035    0.000026
1995   1   2  49719  -0.150792   0.421564   0.3960030   0.0027648   0.000090  -0.000388   0.000256   0.000329  0.0000494  0.0000273    0.000057    0.000039
1995   1   3  49720  -0.148564   0.424303   0.3931834   0.0029106   0.000041  -0.000327   0.000215   0.000448  0.0000148  0.0000571    0.000069    0.000045
1995   1   4  49721  -0.146596   0.426735   0.3901963   0.0030019  -0.000044  -0.000241   0.000148   0.000280  0.0000170  0.0000613    0.000069    0.000045
1995   1   5  49722  -0.144574   0.429376   0.3871251   0.0030095  -0.000068  -0.000139   0.000189   0.000348  0.0000258  0.0000570    0.000069    0.000045
1995   1   6  49723  -0.143079   0.431264   0.3841430   0.0029638  -0.000063  -0.000049   0.000382   0.000656  0.0000702  0.0000409    0.000069    0.000045
1995   1   7  49724  -0.141568   0.433376   0.3812547   0.0028760  -0.000052   0.000006   0.000295   0.000713  0.0002413  0.0000204    0.000071    0.000047
1995   1   8  49725  -0.140111   0.435355   0.3784797   0.0027333  -0.000036   0.000017   0.000163   0.000438  0.0000556  0.0000153    0.000090    0.000082
1995   1   9  49726  -0.138727   0.437510   0.3758470   0.0025449  -0.000019  -0.000015   0.000133   0.000312  0.0000408  0.0000142    0.000089    0.000080
1995   1  10  49727  -0.137245   0.439124   0.3733844   0.0023571  -0.000004  -0.000076   0.000120   0.000216  0.0000285  0.0000129    0.000079    0.000064
1995   1  11  49728  -0.135526   0.441756   0.3710857   0.0022375   0.000002  -0.000155   0.000097   0.000153  0.0000198  0.0000122    0.000061    0.000043
1995   1  12  49729  -0.133846   0.444700   0.3688912   0.0021557   0.000052  -0.000175   0.000105   0.000197  0.0000275  0.0000128    0.000055    0.000038
1995   1  13  49730  -0.132328   0.447208   0.3667542   0.0020793   0.000142  -0.000126   0.000135   0.000396  0.0000846  0.0000139    0.000055    0.000037
1995   1  14  49731  -0.130841   0.449609   0.3647023   0.0020651   0.000236  -0.000041   0.000140   0.000454  0.0002801  0.0000144    0.000054    0.000037
1995   1  15  49732  -0.129745   0.452147   0.3626100   0.0021148   0.000299   0.000040   0.000151   0.000522  0.0003796  0.0000144    0.000064    0.000037
1995   1  16  49733  -0.129145   0.454607   0.3604459   0.0021754   0.000301   0.000080   0.000175   0.000504  0.0001674  0.0000142    0.000064    0.000037
1995   1  17  49734  -0.128581   0.457014   0.3582290   0.0022613   0.000228   0.000047   0.000183   0.000365  0.0000414  0.0000150    0.000064    0.000037
1995   1  18  49735  -0.128110   0.459121   0.3559288   0.0023915   0.000080  -0.000070   0.000123   0.000218  0.0000230  0.0000198    0.000069    0.000040
1995   1  19  49736  -0.127382   0.461024   0.3534086   0.0025327  -0.000135  -0.000273   0.000119   0.000230  0.0000269  0.0000199    0.000100    0.000057
1995   1  20  49737  -0.126289   0.462746   0.3508429   0.0026806  -0.000289  -0.000440   0.000153   0.000367  0.0000359  0.0000154    0.000217    0.000110
1995   1  21  49738  -0.125077   0.464321   0.3480677   0.0028010  -0.000327  -0.000512   0.000173   0.000449  0.0000949  0.0000150    0.000357    0.000153
1995   1  22  49739  -0.123916   0.465951   0.3452644   0.0028537  -0.000279  -0.000493   0.000226   0.000485  0.0000587  0.0000156    0.000031    0.000024
1995   1  23  49740  -0.122653   0.467855   0.3424309   0.0028596  -0.000187  -0.000404   0.000118   0.000206  0.0000098  0.0000163    0.000029    0.000023
1995   1  24  49741  -0.120925   0.470147   0.3396069   0.0028117  -0.000098  -0.000279   0.000060   0.000108  0.0000067  0.0000205    0.000031    0.000024
1995   1  25  49742  -0.119393   0.472546   0.3368277   0.0027298  -0.000068  -0.000157   0.000072   0.000113  0.0000084  0.0000194    0.000040    0.000030
1995   1  26  49743  -0.117672   0.475626   0.3341074   0.0026708  -0.000073  -0.000135   0.000140   0.000206  0.0000128  0.0000150    0.000061    0.000043
1995   1  27  49744  -0.116895   0.477606   0.3314425   0.0026429  -0.000101  -0.000206   0.000160   0.000259  0.0000332  0.0000142    0.000130    0.000079
1995   1  28  49745  -0.116145   0.479794   0.3288011   0.0026522  -0.000118  -0.000252   0.000149   0.000285  0.0000560  0.0000141    0.000147    0.000086
1995   1  29  49746  -0.115697   0.481774   0.3261112   0.0027141  -0.000125  -0.000278   0.000172   0.000408  0.0000718  0.0000144    0.000173    0.000102
1995   1  30  49747  -0.115403   0.483525   0.3233527   0.0027950  -0.000120  -0.000276   0.000201   0.000457  0.0000233  0.0000147    0.000299    0.000179
1995   1  31  49748  -0.115349   0.485068   0.3205247   0.0028713  -0.000106  -0.000242   0.000182   0.000360  0.0000214  0.0000147    0.000165    0.000091
1995   2   1  49749  -0.115603   0.486541   0.3176486   0.0029132  -0.000082  -0.000174   0.000148   0.000230  0.0000185  0.0000147    0.000095    0.000051
1995   2   2  49750  -0.115821   0.488058   0.3147651   0.0028981  -0.000101  -0.000139   0.000129   0.000216  0.0000189  0.0000147    0.000090    0.000050
1995   2   3  49751  -0.115858   0.489526   0.3119051   0.0028368  -0.000172  -0.000120   0.000091   0.000152  0.0000112  0.0000144    0.000053    0.000031
1995   2   4  49752  -0.115269   0.490835   0.3090912   0.0027595  -0.000229  -0.000109   0.000099   0.000156  0.0000113  0.0000144    0.000042    0.000025
1995   2   5  49753  -0.113978   0.492199   0.3063502   0.0026804  -0.000217  -0.000109   0.000163   0.000185  0.0000300  0.0000141    0.000040    0.000024
1995   2   6  49754  -0.112198   0.493629   0.3037129   0.0025876  -0.000171  -0.000121   0.000158   0.000151  0.0000868  0.0000141    0.000061    0.000037
1995   2   7  49755  -0.109691   0.495296   0.3011849   0.0024741  -0.000120  -0.000143   0.000097   0.000136  0.0000218  0.0000143    0.000071    0.000043
1995   2   8  49756  -0.106488   0.497366   0.2987682   0.0023382  -0.000093  -0.000166   0.000071   0.000113  0.0000105  0.0000142    0.000071    0.000043
1995   2   9  49757  -0.102816   0.499943   0.2965010   0.0022147  -0.000197  -0.000198   0.000072   0.000114  0.0000132  0.0000150    0.000071    0.000043
1995   2  10  49758  -0.099709   0.502620   0.2942932   0.0021589  -0.000358  -0.000223   0.000085   0.000135  0.0000518  0.0000168    0.000071    0.000043
1995   2  11  49759  -0.097657   0.504896   0.2920766   0.0021696  -0.000505  -0.000228   0.000094   0.000142  0.0001860  0.0000182    0.000074    0.000046
1995   2  12  49760  -0.096215   0.506562   0.2898949   0.0022024  -0.000591  -0.000214   0.000112   0.000180  0.0000775  0.0000191    0.000143    0.000107
1995   2  13  49761  -0.095150   0.508053   0.2876968   0.0022726  -0.000580  -0.000179   0.000162   0.000384  0.0000195  0.0000239    0.000138    0.000100
1995   2  14  49762  -0.094242   0.509494   0.2853971   0.0024086  -0.000456  -0.000134   0.000128   0.000303  0.0000180  0.0000239    0.000111    0.000070
1995   2  15  49763  -0.093076   0.510702   0.2829214   0.0025771  -0.000210  -0.000070   0.000086   0.000167  0.0000159  0.0000196    0.000076    0.000044
1995   2  16  49764  -0.091388   0.512037   0.2802702   0.0027200  -0.000040  -0.000112   0.000086   0.000159  0.0000198  0.0000203    0.000079    0.000049
1995   2  17  49765  -0.089416   0.513452   0.2774686   0.0028142   0.000078  -0.000171   0.000107   0.000230  0.0000290  0.0000220    0.000091    0.000065
1995   2  18  49766  -0.087478   0.514942   0.2745823   0.0028596   0.000169  -0.000182   0.000125   0.000390  0.0000326  0.0000223    0.000094    0.000071
1995   2  19  49767  -0.085546   0.516668   0.2717074   0.0028318   0.000197  -0.000165   0.000137   0.000323  0.0000317  0.0000213    0.000094    0.000069
1995   2  20  49768  -0.083750   0.518299   0.2689291   0.0027460   0.000154  -0.000134   0.000122   0.000286  0.0000159  0.0000205    0.000074    0.000041
1995   2  21  49769  -0.082182   0.519472   0.2662918   0.0026480   0.000046  -0.000103   0.000119   0.000254  0.0000159  0.0000204    0.000074    0.000041
1995   2  22  49770  -0.080776   0.520437   0.2637856   0.0025344  -0.000109  -0.000086   0.000095   0.000192  0.0000160  0.0000205    0.000074    0.000041
1995   2  23  49771  -0.079274   0.521530   0.2613511   0.0024543  -0.000293  -0.000113   0.000087   0.000201  0.0000188  0.0000210    0.000091    0.000050
1995   2  24  49772  -0.077206   0.522855   0.2589007   0.0024498  -0.000454  -0.000140   0.000099   0.000246  0.0000338  0.0000221    0.000308    0.000135
1995   2  25  49773  -0.074484   0.524527   0.2563649   0.0025169  -0.000523  -0.000107   0.000102   0.000255  0.0000370  0.0000291    0.000624    0.000183
1995   2  26  49774  -0.070977   0.527078   0.2537236   0.0026414  -0.000511  -0.000042   0.000125   0.000260  0.0000632  0.0000464    0.000640    0.000185
1995   2  27  49775  -0.067244   0.529323   0.2509958   0.0027605  -0.000436   0.000026   0.000187   0.000245  0.0002617  0.0000298    0.000111    0.000070
1995   2  28  49776  -0.063750   0.530696   0.2482000   0.0028459  -0.000325   0.000067   0.000214   0.000244  0.0001130  0.0000302    0.000109    0.000069
1995   3   1  49777  -0.060105   0.532237   0.2453288   0.0029473  -0.000211   0.000064   0.000180   0.000305  0.0000563  0.0000527    0.000109    0.000070
1995   3   2  49778  -0.056622   0.533754   0.2423632   0.0030470  -0.000143  -0.000014   0.000175   0.000277  0.0000528  0.0000365    0.000117    0.000072
1995   3   3  49779  -0.053358   0.535108   0.2393028   0.0030601  -0.000096  -0.000110   0.000165   0.000198  0.0000629  0.0000328    0.000133    0.000078
1995   3   4  49780  -0.050096   0.536412   0.2362143   0.0030215   0.000000  -0.000178   0.000152   0.000212  0.0000958  0.0000260    0.000134    0.000078
1995   3   5  49781  -0.046929   0.537675   0.2332061   0.0029611   0.000082  -0.000198   0.000110   0.000212  0.0000778  0.0000200    0.000096    0.000060
1995   3   6  49782  -0.043598   0.539016   0.2303006   0.0028629   0.000109  -0.000163   0.000101   0.000166  0.0000126  0.0000189    0.000071    0.000046
1995   3   7  49783  -0.040170   0.540071   0.2275036   0.0027295   0.000058  -0.000078   0.000086   0.000131  0.0000118  0.0000184    0.000069    0.000043
1995   3   8  49784  -0.037127   0.541308   0.2248267   0.0026233  -0.000096   0.000044   0.000067   0.000116  0.0000131  0.0000184    0.000063    0.000037
1995   3   9  49785  -0.034590   0.542755   0.2222242   0.0026171  -0.000204   0.000103   0.000073   0.000131  0.0000160  0.0000189    0.000060    0.000034
1995   3  10  49786  -0.032214   0.543973   0.2195592   0.0026662  -0.000228   0.000076   0.000085   0.000158  0.0000563  0.0000192    0.000060    0.000034
1995   3  11  49787  -0.029897   0.545002   0.2168452   0.0027396  -0.000187  -0.000002   0.000088   0.000174  0.0001549  0.0000195    0.000059    0.000034
1995   3  12  49788  -0.027761   0.545483   0.2140767   0.0028236  -0.000109  -0.000089   0.000095   0.000196  0.0001312  0.0000201    0.000056    0.000033
1995   3  13  49789  -0.026043   0.545640   0.2112291   0.0029162  -0.000029  -0.000143   0.000094   0.000131  0.0000241  0.0000206    0.000056    0.000034
1995   3  14  49790  -0.024680   0.545801   0.2082861   0.0030149   0.000018  -0.000127   0.000080   0.000094  0.0000217  0.0000203    0.000058    0.000035
1995   3  15  49791  -0.022658   0.545896   0.2052437   0.0031062  -0.000006  -0.000016   0.000076   0.000105  0.0000233  0.0000195    0.000064    0.000042
1995   3  16  49792  -0.019956   0.546409   0.2020812   0.0031990  -0.000032   0.000107   0.000084   0.000175  0.0000285  0.0000189    0.000070    0.000050
1995   3  17  49793  -0.017016   0.547140   0.1988152   0.0032779  -0.000044   0.000206   0.000091   0.000262  0.0000991  0.0000192    0.000071    0.000051
1995   3  18  49794  -0.014048   0.547941   0.1955139   0.0033015  -0.000047   0.000267   0.000098   0.000266  0.0002227  0.0000239    0.000071    0.000051
1995   3  19  49795  -0.011152   0.548839   0.1922468   0.0032185  -0.000048   0.000283   0.000114   0.000256  0.0002405  0.0000239    0.000063    0.000042
1995   3  20  49796  -0.008820   0.549913   0.1891155   0.0030332  -0.000050   0.000255   0.000103   0.000257  0.0001136  0.0000191    0.000063    0.000041
1995   3  21  49797  -0.007093   0.550983   0.1861464   0.0028122  -0.000060   0.000196   0.000082   0.000181  0.0000326  0.0000186    0.000063    0.000041
1995   3  22  49798  -0.005210   0.551777   0.1834391   0.0026133  -0.000080   0.000122   0.000070   0.000095  0.0000169  0.0000183    0.000063    0.000041
1995   3  23  49799  -0.003339   0.552272   0.1809340   0.0025051  -0.000139   0.000074   0.000074   0.000096  0.0000178  0.0000178    0.000062    0.000042
1995   3  24  49800  -0.001145   0.552621   0.1784482   0.0025056  -0.000179   0.000028   0.000098   0.000141  0.0000253  0.0000178    0.000061    0.000045
1995   3  25  49801   0.002258   0.552924   0.1759369   0.0025668  -0.000132  -0.000054   0.000106   0.000160  0.0000206  0.0000183    0.000061    0.000045
1995   3  26  49802   0.006793   0.553344   0.1733347   0.0026671  -0.000022  -0.000148   0.000102   0.000169  0.0000205  0.0000191    0.000065    0.000048
1995   3  27  49803   0.011945   0.554262   0.1706083   0.0027691   0.000059  -0.000181   0.000103   0.000140  0.0000321  0.0000194    0.000174    0.000096
1995   3  28  49804   0.017200   0.555574   0.1677932   0.0028557   0.000056  -0.000116   0.000095   0.000129  0.0000345  0.0000190    0.000149    0.000075
1995   3  29  49805   0.021725   0.557070   0.1649286   0.0029008  -0.000085   0.000078   0.000087   0.000130  0.0000303  0.0000193    0.000106    0.000049
1995   3  30  49806   0.025524   0.558073   0.1620172   0.0028731  -0.000197   0.000211   0.000097   0.000172  0.0000340  0.0000213    0.000095    0.000043
1995   3  31  49807   0.028827   0.558464   0.1591293   0.0028153  -0.000234   0.000236   0.000116   0.000307  0.0000982  0.0000278    0.000093    0.000042
1995   4   1  49808   0.031811   0.558514   0.1563156   0.0027618  -0.000212   0.000183   0.000136   0.000281  0.0001447  0.0000265    0.000097    0.000046
1995   4   2  49809   0.034921   0.558289   0.1535928   0.0026923  -0.000151   0.000089   0.000124   0.000135  0.0001214  0.0000255    0.000130    0.000106
1995   4   3  49810   0.038245   0.558216   0.1509686   0.0026084  -0.000085  -0.000008   0.000101   0.000129  0.0000371  0.0000226    0.000128    0.000099
1995   4   4  49811   0.041527   0.558326   0.1483781   0.0025211  -0.000050  -0.000063   0.000088   0.000168  0.0000284  0.0000176    0.000110    0.000067
1995   4   5  49812   0.044583   0.558029   0.1459057   0.0024447  -0.000079  -0.000032   0.000080   0.000139  0.0000184  0.0000169    0.000080    0.000040
1995   4   6  49813   0.047854   0.557671   0.1435198   0.0024252  -0.000175  -0.000072   0.000084   0.000161  0.0000201  0.0000171    0.000072    0.000035
1995   4   7  49814   0.051335   0.557597   0.1410657   0.0024787  -0.000316  -0.000185   0.000092   0.000232  0.0000660  0.0000174    0.000071    0.000034
1995   4   8  49815   0.054530   0.557767   0.1385416   0.0025545  -0.000447  -0.000315   0.000096   0.000261  0.0001431  0.0000177    0.000074    0.000036
1995   4   9  49816   0.057103   0.557946   0.1359233   0.0026208  -0.000520  -0.000409   0.000112   0.000293  0.0001478  0.0000177    0.000127    0.000067
1995   4  10  49817   0.059633   0.558039   0.1332883   0.0027224  -0.000503  -0.000419   0.000132   0.000229  0.0000290  0.0000179    0.000124    0.000066
1995   4  11  49818   0.062714   0.557991   0.1305139   0.0028738  -0.000384  -0.000317   0.000118   0.000121  0.0000277  0.0000225    0.000104    0.000064
1995   4  12  49819   0.065827   0.557713   0.1275515   0.0030264  -0.000160  -0.000077   0.000108   0.000096  0.0000275  0.0000230    0.000066    0.000059
1995   4  13  49820   0.069002   0.557970   0.1244424   0.0031338   0.000005   0.000134   0.000110   0.000126  0.0000280  0.0000185    0.000053    0.000062
1995   4  14  49821   0.071513   0.556894   0.1212784   0.0031625   0.000022   0.000171   0.000117   0.000210  0.0000269  0.0000177    0.000078    0.000094
1995   4  15  49822   0.075064   0.556411   0.1181680   0.0031302  -0.000062   0.000149   0.000121   0.000257  0.0000279  0.0000175    0.000160    0.000138
1995   4  16  49823   0.078770   0.556208   0.1150744   0.0030418  -0.000183   0.000149   0.000153   0.000290  0.0000635  0.0000182    0.000183    0.000143
1995   4  17  49824   0.082380   0.556098   0.1120933   0.0029200  -0.000299   0.000131   0.000166   0.000223  0.0001101  0.0000235    0.000068    0.000056
1995   4  18  49825   0.085739   0.555977   0.1092288   0.0028008  -0.000359   0.000099   0.000136   0.000179  0.0000294  0.0000258    0.000063    0.000052
1995   4  19  49826   0.088778   0.556024   0.1064574   0.0026949  -0.000329   0.000053   0.000103   0.000119  0.0000134  0.0000205    0.000066    0.000054
1995   4  20  49827   0.091554   0.556151   0.1037890   0.0026526  -0.000178  -0.000014   0.000079   0.000095  0.0000112  0.0000187    0.000070    0.000053
1995   4  21  49828   0.094585   0.555758   0.1011295   0.0026670  -0.000086  -0.000043   0.000067   0.000085  0.0000098  0.0000172    0.000044    0.000033
1995   4  22  49829   0.097934   0.555175   0.0984293   0.0027164  -0.000089  -0.000032   0.000073   0.000088  0.0000094  0.0000166    0.000037    0.000026
1995   4  23  49830   0.101383   0.554523   0.0956754   0.0027970  -0.000149   0.000000   0.000088   0.000101  0.0000237  0.0000171    0.000039    0.000028
1995   4  24  49831   0.105172   0.553484   0.0928334   0.0028867  -0.000204   0.000041   0.000075   0.000099  0.0000295  0.0000177    0.000082    0.000057
1995   4  25  49832   0.109382   0.552497   0.0899359   0.0029379  -0.000198   0.000080   0.000069   0.000120  0.0000219  0.0000180    0.000080    0.000059
1995   4  26  49833   0.113639   0.551535   0.0870150   0.0029263  -0.000064   0.000099   0.000074   0.000166  0.0000200  0.0000180    0.000071    0.000068
1995   4  27  49834   0.117851   0.550245   0.0840990   0.0028590   0.000011   0.000154   0.000081   0.000205  0.0000260  0.0000177    0.000068    0.000073
1995   4  28  49835   0.121981   0.548839   0.0812805   0.0027475   0.000000   0.000241   0.000104   0.000282  0.0000937  0.0000174    0.000068    0.000073
1995   4  29  49836   0.125990   0.547485   0.0786095   0.0026073  -0.000063   0.000319   0.000113   0.000261  0.0001497  0.0000174    0.000070    0.000070
1995   4  30  49837   0.129712   0.545905   0.0760391   0.0024790  -0.000146   0.000354   0.000132   0.000193  0.0001393  0.0000171    0.000091    0.000057
1995   5   1  49838   0.133325   0.544312   0.0736405   0.0024027  -0.000211   0.000320   0.000168   0.000147  0.0000357  0.0000165    0.000091    0.000057
1995   5   2  49839   0.136907   0.543025   0.0713292   0.0023595  -0.000221   0.000203   0.000124   0.000126  0.0000206  0.0000162    0.000086    0.000056
1995   5   3  49840   0.140411   0.541705   0.0689962   0.0023487  -0.000145   0.000001   0.000101   0.000107  0.0000133  0.0000167    0.000074    0.000052
1995   5   4  49841   0.144004   0.540334   0.0666511   0.0023834  -0.000062  -0.000198   0.000101   0.000101  0.0000158  0.0000217    0.000070    0.000050
1995   5   5  49842   0.147520   0.538800   0.0642283   0.0024553   0.000005  -0.000352   0.000114   0.000132  0.0000535  0.0000373    0.000070    0.000050
1995   5   6  49843   0.151100   0.537049   0.0616703   0.0025351   0.000052  -0.000437   0.000123   0.000153  0.0002294  0.0000179    0.000070    0.000050
1995   5   7  49844   0.154928   0.535384   0.0590643   0.0025953   0.000071  -0.000443   0.000145   0.000168  0.0002261  0.0000067    0.000073    0.000052
1995   5   8  49845   0.159104   0.533957   0.0564717   0.0026632   0.000063  -0.000374   0.000194   0.000339  0.0001964  0.0000050    0.000074    0.000052
1995   5   9  49846   0.163344   0.532603   0.0537864   0.0027731   0.000030  -0.000250   0.000192   0.000385  0.0000492  0.0000051    0.000074    0.000052
1995   5  10  49847   0.167682   0.531141   0.0509226   0.0029048  -0.000020  -0.000104   0.000134   0.000243  0.0000239  0.0000054    0.000080    0.000056
1995   5  11  49848   0.171457   0.529568   0.0479281   0.0030073  -0.000071   0.000035   0.000144   0.000271  0.0000292  0.0000054    0.000114    0.000082
1995   5  12  49849   0.174628   0.527919   0.0448810   0.0030365  -0.000151   0.000134   0.000227   0.000528  0.0000592  0.0000057    0.000222    0.000179
1995   5  13  49850   0.177626   0.526290   0.0418811   0.0029766  -0.000252   0.000176   0.000250   0.000627  0.0001035  0.0000060    0.000321    0.000327
1995   5  14  49851   0.180663   0.524664   0.0389965   0.0028618  -0.000340   0.000173   0.000265   0.000626  0.0000892  0.0000063    0.000253    0.000216
1995   5  15  49852   0.183684   0.523006   0.0362117   0.0027393  -0.000381   0.000144   0.000346   0.000620  0.0000584  0.0000068    0.000064    0.000045
1995   5  16  49853   0.186488   0.521418   0.0334968   0.0026305  -0.000346   0.000114   0.000250   0.000357  0.0000130  0.0000072    0.000064    0.000045
1995   5  17  49854   0.189475   0.519908   0.0308379   0.0025593  -0.000226   0.000105   0.000148   0.000193  0.0000131  0.0000075    0.000064    0.000045
1995   5  18  49855   0.191761   0.518158   0.0282444   0.0025269   0.000044   0.000171   0.000175   0.000215  0.0000182  0.0000077    0.000064    0.000045
1995   5  19  49856   0.193492   0.516281   0.0257020   0.0025337   0.000363   0.000275   0.000377   0.000513  0.0000692  0.0000077    0.000064    0.000045
1995   5  20  49857   0.195244   0.514179   0.0231611   0.0025720   0.000632   0.000380   0.000422   0.000649  0.0001223  0.0000092    0.000064    0.000045
1995   5  21  49858   0.196933   0.511685   0.0205828   0.0025949   0.000782   0.000455   0.000367   0.000657  0.0000917  0.0000086    0.000087    0.000054
1995   5  22  49859   0.198777   0.509059   0.0180314   0.0025708   0.000770   0.000473   0.000284   0.000646  0.0001080  0.0000068    0.000088    0.000054
1995   5  23  49860   0.200829   0.506470   0.0155367   0.0024889   0.000583   0.000420   0.000236   0.000448  0.0000428  0.0000066    0.000088    0.000054
1995   5  24  49861   0.203391   0.504199   0.0131338   0.0023630   0.000252   0.000297   0.000163   0.000250  0.0000206  0.0000066    0.000092    0.000057
1995   5  25  49862   0.205622   0.501839   0.0108838   0.0022460  -0.000175   0.000119   0.000151   0.000205  0.0000203  0.0000068    0.000107    0.000068
1995   5  26  49863   0.207315   0.499404   0.0086783   0.0021545  -0.000511  -0.000048   0.000196   0.000272  0.0000282  0.0000067    0.000125    0.000081
1995   5  27  49864   0.209150   0.497045   0.0065458   0.0020619  -0.000660  -0.000159   0.000237   0.000405  0.0000657  0.0000082    0.000129    0.000084
1995   5  28  49865   0.211274   0.494529   0.0045618   0.0019783  -0.000638  -0.000203   0.000176   0.000218  0.0000580  0.0000124    0.000127    0.000081
1995   5  29  49866   0.213447   0.491841   0.0026401   0.0019234  -0.000488  -0.000176   0.000148   0.000160  0.0000395  0.0000074    0.000085    0.000045
1995   5  30  49867   0.215437   0.488993   0.0007420   0.0018873  -0.000284  -0.000098   0.000135   0.000143  0.0000096  0.0000059    0.000083    0.000045
1995   5  31  49868   0.217422   0.486151  -0.0011463   0.0018718  -0.000106   0.000006   0.000097   0.000112  0.0000092  0.0000060    0.000071    0.000044
1995   6   1  49869   0.219632   0.483294  -0.0030375   0.0018869  -0.000035   0.000107   0.000069   0.000089  0.0000085  0.0000060    0.000051    0.000041
1995   6   2  49870   0.222004   0.480362  -0.0049685   0.0019694  -0.000045   0.000150   0.000079   0.000110  0.0000109  0.0000060    0.000044    0.000039
1995   6   3  49871   0.224686   0.477181  -0.0070457   0.0021124  -0.000115   0.000119   0.000152   0.000163  0.0000386  0.0000060    0.000043    0.000039
1995   6   4  49872   0.228061   0.474057  -0.0092912   0.0022424  -0.000210   0.000043   0.000180   0.000138  0.0002208  0.0000057    0.000044    0.000039
1995   6   5  49873   0.231680   0.470897  -0.0115773   0.0023306  -0.000288  -0.000046   0.000141   0.000155  0.0001422  0.0000054    0.000078    0.000073
1995   6   6  49874   0.234853   0.467691  -0.0139383   0.0023842  -0.000314  -0.000107   0.000123   0.000140  0.0000451  0.0000054    0.000078    0.000071
1995   6   7  49875   0.237564   0.465031  -0.0163182   0.0024209  -0.000267  -0.000106   0.000100   0.000109  0.0000233  0.0000054    0.000077    0.000062
1995   6   8  49876   0.240409   0.462316  -0.0187352   0.0024552  -0.000140  -0.000031   0.000081   0.000100  0.0000186  0.0000054    0.000075    0.000048
1995   6   9  49877   0.243104   0.459347  -0.0212000   0.0024390  -0.000004   0.000115   0.000094   0.000125  0.0000252  0.0000054    0.000103    0.000059
1995   6  10  49878   0.245501   0.456226  -0.0235707   0.0023437   0.000101   0.000281   0.000130   0.000254  0.0000832  0.0000054    0.000240    0.000130
1995   6  11  49879   0.248043   0.453249  -0.0258232   0.0022117   0.000158   0.000397   0.000119   0.000387  0.0002717  0.0000054    0.000623    0.000271
1995   6  12  49880   0.250339   0.450584  -0.0279817   0.0020873   0.000157   0.000415   0.000117   0.000291  0.0001208  0.0000057    0.000077    0.000047
1995   6  13  49881   0.252161   0.447535  -0.0300349   0.0020077   0.000104   0.000311   0.000114   0.000146  0.0000371  0.0000060    0.000070    0.000043
1995   6  14  49882   0.254051   0.444219  -0.0320597   0.0020218   0.000019   0.000086   0.000101   0.000127  0.0000194  0.0000060    0.000076    0.000046
1995   6  15  49883   0.256200   0.440780  -0.0341649   0.0020981  -0.000079  -0.000244   0.000119   0.000171  0.0000170  0.0000060    0.000108    0.000063
1995   6  16  49884   0.258321   0.437375  -0.0363113   0.0021684  -0.000114  -0.000445   0.000179   0.000269  0.0000250  0.0000062    0.000203    0.000102
1995   6  17  49885   0.260504   0.434226  -0.0384869   0.0022140  -0.000067  -0.000431   0.000168   0.000371  0.0000886  0.0000062    0.000280    0.000123
1995   6  18  49886   0.262936   0.431100  -0.0407012   0.0022476   0.000009  -0.000288   0.000167   0.000432  0.0002665  0.0000060    0.000102    0.000077
1995   6  19  49887   0.265312   0.428033  -0.0429311   0.0022533   0.000066  -0.000105   0.000205   0.000347  0.0001627  0.0000056    0.000101    0.000076
1995   6  20  49888   0.267303   0.424777  -0.0451650   0.0021772   0.000058   0.000022   0.000249   0.000269  0.0001350  0.0000051    0.000104    0.000075
1995   6  21  49889   0.269105   0.420835  -0.0472832   0.0020555  -0.000056  -0.000015   0.000247   0.000331  0.0000998  0.0000051    0.000118    0.000073
1995   6  22  49890   0.270701   0.417324  -0.0492335   0.0019124  -0.000174   0.000004   0.000203   0.000382  0.0000957  0.0000051    0.000127    0.000072
1995   6  23  49891   0.271935   0.413811  -0.0510804   0.0017114  -0.000263   0.000096   0.000208   0.000447  0.0001000  0.0000051    0.000128    0.000072
1995   6  24  49892   0.272868   0.410235  -0.0526949   0.0014859  -0.000310   0.000218   0.000205   0.000481  0.0000941  0.0000052    0.000136    0.000076
1995   6  25  49893   0.273533   0.406793  -0.0540954   0.0013218  -0.000304   0.000335   0.000229   0.000387  0.0001278  0.0000062    0.001073    0.000400
1995   6  26  49894   0.274192   0.403580  -0.0553713   0.0012272  -0.000248   0.000407   0.000232   0.000379  0.0000982  0.0000061    0.000448    0.000237
1995   6  27  49895   0.274951   0.400051  -0.0565319   0.0011641  -0.000159   0.000401   0.000176   0.000401  0.0000317  0.0000046    0.000153    0.000091
1995   6  28  49896   0.276221   0.396198  -0.0576432   0.0011481  -0.000061   0.000294   0.000134   0.000243  0.0000154  0.0000045    0.000067    0.000044
1995   6  29  49897   0.277348   0.392306  -0.0588010   0.0011988   0.000039   0.000107   0.000094   0.000200  0.0000109  0.0000048    0.000043    0.000033
1995   6  30  49898   0.278473   0.388462  -0.0600603   0.0012844   0.000098  -0.000072   0.000106   0.000255  0.0000138  0.0000048    0.000037    0.000031
1995   7   1  49899   0.279814   0.384876  -0.0614016   0.0013839   0.000091  -0.000168   0.000183   0.000391  0.0000477  0.0000048    0.000037    0.000030
1995   7   2  49900   0.280924   0.381280  -0.0628350   0.0015183   0.000036  -0.000186   0.000218   0.000316  0.0002032  0.0000048    0.000037    0.000030
1995   7   3  49901   0.281812   0.377068  -0.0644779   0.0016730  -0.000045  -0.000135   0.000205   0.000250  0.0002412  0.0000048    0.000097    0.000054
1995   7   4  49902   0.282666   0.372537  -0.0662618   0.0017783  -0.000119  -0.000039   0.000188   0.000240  0.0001838  0.0000048    0.000119    0.000058
1995   7   5  49903   0.283641   0.368293  -0.0680555   0.0017859  -0.000157   0.000065   0.000171   0.000234  0.0001120  0.0000048    0.000119    0.000058
1995   7   6  49904   0.284669   0.364263  -0.0697643   0.0017386  -0.000145   0.000146   0.000138   0.000220  0.0000674  0.0000048    0.000119    0.000058
1995   7   7  49905   0.285458   0.360413  -0.0714495   0.0016738  -0.000008   0.000102   0.000137   0.000227  0.0000731  0.0000045    0.000119    0.000058
1995   7   8  49906   0.285967   0.356543  -0.0730982   0.0015918   0.000153   0.000012   0.000154   0.000217  0.0001778  0.0000045    0.000120    0.000058
1995   7   9  49907   0.286322   0.352432  -0.0746190   0.0015048   0.000262  -0.000064   0.000145   0.000157  0.0001986  0.0000045    0.000167    0.000101
1995   7  10  49908   0.286687   0.348284  -0.0760530   0.0014241   0.000280  -0.000099   0.000142   0.000166  0.0000670  0.0000045    0.000167    0.000103
1995   7  11  49909   0.286947   0.344450  -0.0774454   0.0013967   0.000189  -0.000075   0.000155   0.000225  0.0000395  0.0000048    0.000140    0.000084
1995   7  12  49910   0.287365   0.340830  -0.0788689   0.0014398  -0.000020   0.000043   0.000122   0.000138  0.0000223  0.0000048    0.000103    0.000061
1995   7  13  49911   0.287643   0.337237  -0.0804023   0.0015362  -0.000171  -0.000009   0.000112   0.000138  0.0000178  0.0000051    0.000119    0.000072
1995   7  14  49912   0.287431   0.333786  -0.0820199   0.0016508  -0.000235  -0.000105   0.000142   0.000236  0.0000250  0.0000054    0.000162    0.000105
1995   7  15  49913   0.287347   0.330341  -0.0836936   0.0017393  -0.000217  -0.000141   0.000186   0.000322  0.0000874  0.0000054    0.000155    0.000115
1995   7  16  49914   0.287540   0.326680  -0.0854888   0.0017672  -0.000137  -0.000126   0.000203   0.000332  0.0002065  0.0000054    0.000150    0.000114
1995   7  17  49915   0.287729   0.322683  -0.0872694   0.0017062  -0.000016  -0.000010   0.000220   0.000298  0.0000895  0.0000051    0.000132    0.000112
1995   7  18  49916   0.287806   0.318684  -0.0888812   0.0016025   0.000066   0.000066   0.000241   0.000261  0.0000455  0.0000051    0.000109    0.000091
1995   7  19  49917   0.287663   0.314980  -0.0904123   0.0014708   0.000034  -0.000020   0.000199   0.000250  0.0000338  0.0000051    0.000090    0.000061
1995   7  20  49918   0.287523   0.311246  -0.0917990   0.0013126   0.000004  -0.000053   0.000204   0.000284  0.0000479  0.0000051    0.000085    0.000055
1995   7  21  49919   0.287391   0.307325  -0.0930493   0.0011582   0.000000   0.000003   0.000246   0.000364  0.0001457  0.0000054    0.000084    0.000054
1995   7  22  49920   0.287063   0.303351  -0.0940979   0.0009967   0.000003   0.000087   0.000217   0.000347  0.0001799  0.0000056    0.000077    0.000047
1995   7  23  49921   0.286686   0.299446  -0.0950258   0.0008646   0.000006   0.000157   0.000237   0.000334  0.0000740  0.0000073    0.000058    0.000033
1995   7  24  49922   0.286380   0.295332  -0.0958829   0.0007980   0.000005   0.000173   0.000112   0.000195  0.0000210  0.0000111    0.000059    0.000034
1995   7  25  49923   0.285883   0.291412  -0.0966972   0.0007977  -0.000002   0.000104   0.000087   0.000159  0.0000144  0.0000065    0.000063    0.000036
1995   7  26  49924   0.285386   0.287748  -0.0975017   0.0008607  -0.000032  -0.000073   0.000129   0.000202  0.0000167  0.0000050    0.000090    0.000051
1995   7  27  49925   0.284662   0.283838  -0.0984345   0.0009392   0.000029  -0.000201   0.000196   0.000267  0.0000267  0.0000050    0.000123    0.000068
1995   7  28  49926   0.283499   0.280002  -0.0993808   0.0009881   0.000171  -0.000245   0.000227   0.000360  0.0000852  0.0000051    0.000130    0.000072
1995   7  29  49927   0.282600   0.276338  -0.1003146   0.0010510   0.000324  -0.000218   0.000215   0.000313  0.0001387  0.0000052    0.000136    0.000075
1995   7  30  49928   0.281468   0.272872  -0.1014648   0.0011680   0.000427  -0.000139   0.000152   0.000203  0.0000757  0.0000067    0.000360    0.000411
1995   7  31  49929   0.280259   0.268926  -0.1027213   0.0013064   0.000425  -0.000039   0.000123   0.000209  0.0000607  0.0000062    0.000302    0.000246
1995   8   1  49930   0.279355   0.264775  -0.1040804   0.0014172   0.000289   0.000042   0.000114   0.000238  0.0000439  0.0000049    0.000170    0.000104
1995   8   2  49931   0.278812   0.260812  -0.1055401   0.0014752   0.000008   0.000068   0.000101   0.000129  0.0000350  0.0000048    0.000096    0.000055
1995   8   3  49932   0.278261   0.256879  -0.1069806   0.0014700  -0.000253   0.000064   0.000109   0.000128  0.0000487  0.0000051    0.000081    0.000046
1995   8   4  49933   0.277496   0.252765  -0.1084017   0.0013980  -0.000419   0.000040   0.000151   0.000136  0.0001479  0.0000054    0.000079    0.000045
1995   8   5  49934   0.276601   0.248735  -0.1096791   0.0013202  -0.000472   0.000007   0.000145   0.000123  0.0001439  0.0000054    0.000087    0.000050
1995   8   6  49935   0.275852   0.245001  -0.1109789   0.0012863  -0.000411  -0.000019   0.000122   0.000161  0.0000738  0.0000051    0.000288    0.000811
1995   8   7  49936   0.275149   0.241270  -0.1123245   0.0013087  -0.000266  -0.000025   0.000123   0.000257  0.0000608  0.0000049    0.000269    0.000427
1995   8   8  49937   0.273982   0.237542  -0.1136972   0.0013734  -0.000081  -0.000004   0.000115   0.000218  0.0000338  0.0000052    0.000175    0.000148
1995   8   9  49938   0.272424   0.234015  -0.1151050   0.0014643   0.000116   0.000035   0.000097   0.000118  0.0000204  0.0000068    0.000106    0.000077
1995   8  10  49939   0.270621   0.230523  -0.1166244   0.0016070   0.000081   0.000150   0.000104   0.000118  0.0000294  0.0000068    0.000130    0.000095
1995   8  11  49940   0.269018   0.226854  -0.1183921   0.0017498  -0.000007   0.000243   0.000123   0.000211  0.0000774  0.0000052    0.000223    0.000173
1995   8  12  49941   0.267606   0.223305  -0.1202216   0.0018054  -0.000014   0.000253   0.000118   0.000237  0.0001880  0.0000048    0.000280    0.000230
1995   8  13  49942   0.266204   0.219953  -0.1219601   0.0017609   0.000015   0.000211   0.000118   0.000148  0.0001996  0.0000048    0.000251    0.000191
1995   8  14  49943   0.264828   0.216532  -0.1235993   0.0016702   0.000060   0.000146   0.000120   0.000107  0.0000146  0.0000048    0.000084    0.000053
1995   8  15  49944   0.262883   0.213241  -0.1252219   0.0015810   0.000096   0.000089   0.000119   0.000098  0.0000154  0.0000048    0.000084    0.000053
1995   8  16  49945   0.260200   0.210033  -0.1268392   0.0015009   0.000092   0.000068   0.000103   0.000096  0.0000178  0.0000048    0.000089    0.000056
1995   8  17  49946   0.257572   0.206667  -0.1283517   0.0014232   0.000014   0.000114   0.000103   0.000094  0.0000222  0.0000048    0.000113    0.000069
1995   8  18  49947   0.255345   0.203439  -0.1296769   0.0013609  -0.000041   0.000123   0.000119   0.000117  0.0000289  0.0000048    0.000150    0.000086
1995   8  19  49948   0.253334   0.200438  -0.1309959   0.0013237  -0.000038   0.000064   0.000128   0.000208  0.0000898  0.0000048    0.000163    0.000091
1995   8  20  49949   0.251188   0.197675  -0.1323266   0.0013163  -0.000003  -0.000019   0.000143   0.000174  0.0001421  0.0000048    0.000158    0.000086
1995   8  21  49950   0.249092   0.194951  -0.1336418   0.0013445   0.000042  -0.000089   0.000150   0.000175  0.0001070  0.0000045    0.000083    0.000040
1995   8  22  49951   0.247175   0.192143  -0.1349994   0.0013957   0.000071  -0.000105   0.000132   0.000212  0.0000259  0.0000045    0.000083    0.000041
1995   8  23  49952   0.245084   0.189245  -0.1364557   0.0014764   0.000064  -0.000043   0.000102   0.000123  0.0000113  0.0000048    0.000088    0.000043
1995   8  24  49953   0.242794   0.186523  -0.1379951   0.0015943  -0.000024   0.000130   0.000100   0.000104  0.0000087  0.0000048    0.000106    0.000056
1995   8  25  49954   0.240348   0.183699  -0.1396363   0.0017340   0.000013   0.000244   0.000103   0.000109  0.0000087  0.0000048    0.000112    0.000072
1995   8  26  49955   0.237978   0.180538  -0.1414354   0.0018743   0.000108   0.000256   0.000101   0.000113  0.0000095  0.0000048    0.000113    0.000086
1995   8  27  49956   0.235946   0.177551  -0.1433847   0.0019876   0.000157   0.000227   0.000100   0.000140  0.0000087  0.0000048    0.000098    0.000070
1995   8  28  49957   0.233921   0.174808  -0.1454468   0.0020775   0.000073   0.000194   0.000101   0.000121  0.0000075  0.0000045    0.000088    0.000062
1995   8  29  49958   0.231993   0.172190  -0.1475869   0.0021267  -0.000053   0.000146   0.000115   0.000099  0.0000080  0.0000042    0.000097    0.000068
1995   8  30  49959   0.229902   0.169609  -0.1496989   0.0021172  -0.000119   0.000063   0.000116   0.000095  0.0000104  0.0000042    0.000087    0.000054
1995   8  31  49960   0.227205   0.166949  -0.1517610   0.0020675  -0.000151  -0.000084   0.000136   0.000098  0.0000178  0.0000045    0.000114    0.000065
1995   9   1  49961   0.224454   0.164202  -0.1537472   0.0019985  -0.000166  -0.000252   0.000188   0.000105  0.0000573  0.0000049    0.000291    0.000146
1995   9   2  49962   0.221888   0.161567  -0.1556882   0.0019615  -0.000174  -0.000375   0.000202   0.000112  0.0001229  0.0000062    0.000792    0.000378
1995   9   3  49963   0.219358   0.159279  -0.1576505   0.0019754  -0.000186  -0.000413   0.000188   0.000121  0.0001256  0.0000061    0.001277    0.000717
1995   9   4  49964   0.217131   0.157212  -0.1596607   0.0020162  -0.000194  -0.000370   0.000155   0.000155  0.0000144  0.0000046    0.000091    0.000047
1995   9   5  49965   0.215009   0.155180  -0.1617192   0.0020763  -0.000190  -0.000257   0.000139   0.000207  0.0000132  0.0000043    0.000084    0.000044
1995   9   6  49966   0.212626   0.153037  -0.1638270   0.0021601  -0.000169  -0.000099   0.000110   0.000125  0.0000140  0.0000045    0.000086    0.000045
1995   9   7  49967   0.209955   0.150984  -0.1660070   0.0022385  -0.000124   0.000064   0.000105   0.000101  0.0000185  0.0000048    0.000097    0.000052
1995   9   8  49968   0.206952   0.148896  -0.1682894   0.0022969  -0.000059   0.000202   0.000134   0.000130  0.0000351  0.0000048    0.000109    0.000060
1995   9   9  49969   0.203791   0.146384  -0.1706598   0.0023378   0.000018   0.000291   0.000192   0.000258  0.0001352  0.0000048    0.000111    0.000062
1995   9  10  49970   0.200584   0.143715  -0.1730331   0.0023173   0.000086   0.000317   0.000298   0.000384  0.0004218  0.0000048    0.000112    0.000062
1995   9  11  49971   0.197301   0.141065  -0.1752917   0.0022089   0.000127   0.000278   0.000270   0.000483  0.0002398  0.0000048    0.000131    0.000049
1995   9  12  49972   0.194070   0.138319  -0.1774190   0.0020765   0.000128   0.000186   0.000206   0.000412  0.0000633  0.0000048    0.000131    0.000049
1995   9  13  49973   0.190996   0.135264  -0.1794378   0.0019632   0.000087   0.000065   0.000153   0.000289  0.0000307  0.0000048    0.000131    0.000049
1995   9  14  49974   0.188164   0.133107  -0.1813477   0.0018703  -0.000046  -0.000076   0.000160   0.000369  0.0000395  0.0000050    0.000131    0.000049
1995   9  15  49975   0.185552   0.130950  -0.1832084   0.0018292  -0.000195  -0.000194   0.000257   0.000561  0.0001510  0.0000051    0.000131    0.000049
1995   9  16  49976   0.182914   0.129239  -0.1850579   0.0018314  -0.000296  -0.000256   0.000288   0.000474  0.0003494  0.0000051    0.000094    0.000046
1995   9  17  49977   0.180048   0.127542  -0.1868892   0.0018407  -0.000318  -0.000250   0.000292   0.000328  0.0001322  0.0000051    0.000045    0.000034
1995   9  18  49978   0.176932   0.125673  -0.1887352   0.0018647  -0.000246  -0.000181   0.000193   0.000223  0.0000197  0.0000051    0.000045    0.000034
1995   9  19  49979   0.174003   0.123676  -0.1906207   0.0019237  -0.000087  -0.000064   0.000106   0.000153  0.0000154  0.0000054    0.000048    0.000036
1995   9  20  49980   0.171409   0.121702  -0.1925866   0.0020465   0.000164   0.000101   0.000106   0.000153  0.0000154  0.0000057    0.000071    0.000047
1995   9  21  49981   0.168314   0.119934  -0.1947003   0.0022243   0.000179   0.000093   0.000154   0.000198  0.0000174  0.0000060    0.000107    0.000063
1995   9  22  49982   0.165118   0.117998  -0.1969901   0.0023981  -0.000002  -0.000051   0.000150   0.000206  0.0000250  0.0000060    0.000097    0.000078
1995   9  23  49983   0.161694   0.116276  -0.1994369   0.0025269  -0.000016  -0.000047   0.000197   0.000258  0.0000261  0.0000062    0.000095    0.000079
1995   9  24  49984   0.158381   0.114978  -0.2020142   0.0026093   0.000024   0.000022   0.000170   0.000200  0.0000238  0.0000062    0.000096    0.000079
1995   9  25  49985   0.155576   0.113428  -0.2046779   0.0026630   0.000055   0.000106   0.000121   0.000152  0.0000207  0.0000060    0.000096    0.000078
1995   9  26  49986   0.152665   0.112239  -0.2073703   0.0026690   0.000028   0.000157   0.000112   0.000144  0.0000215  0.0000057    0.000094    0.000072
1995   9  27  49987   0.149791   0.110861  -0.2100267   0.0026048  -0.000114   0.000124   0.000097   0.000129  0.0000252  0.0000055    0.000089    0.000060
1995   9  28  49988   0.147038   0.109793  -0.2125593   0.0024893  -0.000200   0.000070   0.000099   0.000132  0.0000394  0.0000056    0.000087    0.000055
1995   9  29  49989   0.144469   0.108894  -0.2149807   0.0023765  -0.000196   0.000016   0.000119   0.000145  0.0001505  0.0000056    0.000086    0.000055
1995   9  30  49990   0.141625   0.108013  -0.2173187   0.0023060  -0.000133  -0.000013   0.000135   0.000154  0.0003074  0.0000054    0.000081    0.000053
1995  10   1  49991   0.138074   0.107003  -0.2195975   0.0022996  -0.000044  -0.000005   0.000153   0.000198  0.0001457  0.0000054    0.000051    0.000040
1995  10   2  49992   0.134259   0.105895  -0.2219361   0.0023695   0.000035   0.000043   0.000152   0.000257  0.0000224  0.0000054    0.000052    0.000040
1995  10   3  49993   0.130657   0.105046  -0.2243673   0.0024738   0.000067   0.000128   0.000103   0.000167  0.0000187  0.0000054    0.000053    0.000041
1995  10   4  49994   0.126461   0.104011  -0.2268784   0.0025677   0.000017   0.000263   0.000100   0.000149  0.0000164  0.0000056    0.000058    0.000042
1995  10   5  49995   0.122475   0.103227  -0.2294676   0.0026343  -0.000030   0.000166   0.000150   0.000214  0.0000141  0.0000073    0.000070    0.000048
1995  10   6  49996   0.118644   0.101932  -0.2320901   0.0026657  -0.000055  -0.000115   0.000160   0.000229  0.0000183  0.0000118    0.000105    0.000064
1995  10   7  49997   0.114624   0.100575  -0.2347372   0.0026629  -0.000043  -0.000188   0.000164   0.000236  0.0000306  0.0000073    0.000110    0.000066
1995  10   8  49998   0.110533   0.099358  -0.2374254   0.0026073  -0.000013  -0.000147   0.000191   0.000231  0.0000872  0.0000054    0.000121    0.000075
1995  10   9  49999   0.106488   0.097883  -0.2400595   0.0025132   0.000015  -0.000054   0.000175   0.000201  0.0000346  0.0000047    0.000152    0.000111
1995  10  10  50000   0.102351   0.096142  -0.2425317   0.0024013   0.000020   0.000030   0.000157   0.000182  0.0000308  0.0000042    0.000136    0.000097
1995  10  11  50001   0.098153   0.094415  -0.2448135   0.0022605  -0.000024   0.000027   0.000120   0.000157  0.0000284  0.0000039    0.000109    0.000076
1995  10  12  50002   0.094344   0.092645  -0.2470235   0.0021056  -0.000041   0.000040   0.000123   0.000157  0.0000235  0.0000039    0.000116    0.000085
1995  10  13  50003   0.090648   0.091312  -0.2490464   0.0019726  -0.000016   0.000063   0.000130   0.000141  0.0000190  0.0000042    0.000090    0.000063
1995  10  14  50004   0.087571   0.090442  -0.2509431   0.0019174   0.000010   0.000070   0.000130   0.000155  0.0000262  0.0000042    0.000076    0.000052
1995  10  15  50005   0.084608   0.089989  -0.2529072   0.0019142   0.000022   0.000056   0.000128   0.000169  0.0000760  0.0000042    0.000072    0.000049
1995  10  16  50006   0.081050   0.089568  -0.2548326   0.0019334   0.000023   0.000032   0.000125   0.000154  0.0000864  0.0000040    0.000050    0.000031
1995  10  17  50007   0.077169   0.088788  -0.2567901   0.0020171   0.000016   0.000006   0.000137   0.000173  0.0000273  0.0000048    0.000049    0.000030
1995  10  18  50008   0.073244   0.087807  -0.2588626   0.0021345   0.000005  -0.000013   0.000099   0.000136  0.0000155  0.0000052    0.000049    0.000030
1995  10  19  50009   0.069551   0.086809  -0.2610667   0.0022166   0.000006  -0.000006   0.000095   0.000124  0.0000216  0.0000040    0.000049    0.000030
1995  10  20  50010   0.066672   0.086034  -0.2632809   0.0022976   0.000013   0.000015   0.000121   0.000145  0.0000646  0.0000036    0.000049    0.000030
1995  10  21  50011   0.064484   0.085747  -0.2656127   0.0024054   0.000019   0.000040   0.000141   0.000152  0.0000790  0.0000036    0.000053    0.000033
1995  10  22  50012   0.062071   0.085657  -0.2680849   0.0024624   0.000021   0.000061   0.000158   0.000184  0.0000474  0.0000037    0.000106    0.000174
1995  10  23  50013   0.058863   0.085489  -0.2705439   0.0024563   0.000018   0.000072   0.000160   0.000247  0.0000326  0.0000049    0.000106    0.000167
1995  10  24  50014   0.055512   0.085299  -0.2729665   0.0024406   0.000007   0.000068   0.000154   0.000242  0.0000319  0.0000082    0.000101    0.000125
1995  10  25  50015   0.051244   0.084803  -0.2753854   0.0024170  -0.000010   0.000053   0.000116   0.000214  0.0000336  0.0000058    0.000088    0.000078
1995  10  26  50016   0.046949   0.084189  -0.2777782   0.0023548  -0.000030   0.000045   0.000115   0.000243  0.0000422  0.0000057    0.000083    0.000069
1995  10  27  50017   0.042563   0.083334  -0.2800771   0.0022749  -0.000047   0.000052   0.000143   0.000330  0.0000940  0.0000054    0.000083    0.000068
1995  10  28  50018   0.038567   0.082411  -0.2822775   0.0022490  -0.000057   0.000069   0.000136   0.000293  0.0000984  0.0000043    0.000083    0.000068
1995  10  29  50019   0.034966   0.082144  -0.2846071   0.0022957  -0.000054   0.000090   0.000138   0.000319  0.0000660  0.0000039    0.000056    0.000035
1995  10  30  50020   0.031591   0.082290  -0.2869752   0.0023945  -0.000036   0.000103   0.000161   0.000396  0.0000595  0.0000037    0.000056    0.000035
1995  10  31  50021   0.028258   0.082641  -0.2894273   0.0025371   0.000000   0.000101   0.000160   0.000292  0.0000204  0.0000040    0.000056    0.000035
1995  11   1  50022   0.024903   0.082777  -0.2920319   0.0026927   0.000052   0.000075   0.000106   0.000181  0.0000115  0.0000056    0.000056    0.000035
1995  11   2  50023   0.021827   0.083066  -0.2948205   0.0027763   0.000124  -0.000005   0.000113   0.000206  0.0000161  0.0000106    0.000056    0.000035
1995  11   3  50024   0.018674   0.083569  -0.2975755   0.0027463   0.000199  -0.000099   0.000208   0.000436  0.0000505  0.0000073    0.000056    0.000035
1995  11   4  50025   0.015172   0.083942  -0.3002680   0.0026523   0.000262  -0.000176   0.000223   0.000524  0.0002276  0.0000056    0.000056    0.000035
1995  11   5  50026   0.011296   0.084225  -0.3029198   0.0025472   0.000301  -0.000208   0.000150   0.000416  0.0003125  0.0000054    0.000069    0.000032
1995  11   6  50027   0.007186   0.084334  -0.3054237   0.0024444   0.000307  -0.000183   0.000116   0.000325  0.0001117  0.0000054    0.000070    0.000032
1995  11   7  50028   0.003435   0.084582  -0.3077725   0.0023410   0.000277  -0.000099   0.000102   0.000208  0.0000279  0.0000054    0.000070    0.000032
1995  11   8  50029  -0.000175   0.085096  -0.3100212   0.0022390   0.000218   0.000032   0.000080   0.000104  0.0000157  0.0000054    0.000070    0.000032
1995  11   9  50030  -0.004089   0.085396  -0.3122509   0.0021180   0.000132   0.000210   0.000087   0.000088  0.0000219  0.0000056    0.000077    0.000036
1995  11  10  50031  -0.007661   0.085405  -0.3142545   0.0020064   0.000054   0.000351   0.000121   0.000097  0.0000527  0.0000058    0.000248    0.000124
1995  11  11  50032  -0.011060   0.085630  -0.3162367   0.0019640   0.000010   0.000367   0.000150   0.000104  0.0000571  0.0000070    0.000418    0.000256
1995  11  12  50033  -0.014992   0.086390  -0.3181947   0.0019968   0.000009   0.000264   0.000124   0.000138  0.0000892  0.0000063    0.000271    0.000172
1995  11  13  50034  -0.018836   0.087028  -0.3202317   0.0020739   0.000044   0.000122   0.000087   0.000192  0.0000389  0.0000049    0.000138    0.000088
1995  11  14  50035  -0.022248   0.087465  -0.3223784   0.0022083   0.000102   0.000002   0.000075   0.000107  0.0000227  0.0000048    0.000111    0.000067
1995  11  15  50036  -0.025349   0.088118  -0.3246597   0.0024024   0.000170  -0.000031   0.000070   0.000083  0.0000170  0.0000048    0.000074    0.000043
1995  11  16  50037  -0.028932   0.089267  -0.3271688   0.0025737   0.000166   0.000013   0.000082   0.000085  0.0000200  0.0000048    0.000068    0.000039
1995  11  17  50038  -0.033188   0.090688  -0.3298059   0.0026810   0.000100   0.000107   0.000074   0.000086  0.0000208  0.0000049    0.000071    0.000041
1995  11  18  50039  -0.037744   0.092076  -0.3325560   0.0027698   0.000054   0.000147   0.000073   0.000111  0.0000287  0.0000062    0.000071    0.000041
1995  11  19  50040  -0.041972   0.093469  -0.3354054   0.0028466   0.000021   0.000148   0.000095   0.000246  0.0000496  0.0000062    0.000076    0.000046
1995  11  20  50041  -0.045857   0.094785  -0.3382803   0.0028729   0.000000   0.000116   0.000110   0.000209  0.0000374  0.0000049    0.000085    0.000061
1995  11  21  50042  -0.049812   0.096134  -0.3411296   0.0028373  -0.000008   0.000065   0.000129   0.000114  0.0000319  0.0000048    0.000080    0.000056
1995  11  22  50043  -0.053994   0.097079  -0.3439380   0.0027608  -0.000007   0.000019   0.000115   0.000108  0.0000263  0.0000051    0.000068    0.000046
1995  11  23  50044  -0.058396   0.097761  -0.3466788   0.0026813  -0.000009  -0.000065   0.000115   0.000120  0.0000325  0.0000054    0.000063    0.000043
1995  11  24  50045  -0.062267   0.098616  -0.3493485   0.0026529  -0.000015  -0.000175   0.000145   0.000127  0.0000714  0.0000055    0.000063    0.000043
1995  11  25  50046  -0.065321   0.100572  -0.3519740   0.0026765  -0.000019  -0.000284   0.000186   0.000180  0.0001418  0.0000069    0.000070    0.000047
1995  11  26  50047  -0.068642   0.102228  -0.3546144   0.0027048  -0.000018  -0.000363   0.000142   0.000209  0.0001136  0.0000070    0.000679    0.000853
1995  11  27  50048  -0.072328   0.103443  -0.3573102   0.0027293  -0.000006  -0.000388   0.000096   0.000159  0.0000492  0.0000058    0.000432    0.000353
1995  11  28  50049  -0.075961   0.105344  -0.3600674   0.0027707   0.000016  -0.000343   0.000104   0.000136  0.0000280  0.0000056    0.000162    0.000115
1995  11  29  50050  -0.079950   0.107054  -0.3628777   0.0028098   0.000052  -0.000226   0.000106   0.000120  0.0000153  0.0000055    0.000081    0.000056
1995  11  30  50051  -0.084474   0.108876  -0.3657097   0.0027857   0.000061  -0.000054   0.000102   0.000124  0.0000188  0.0000056    0.000070    0.000049
1995  12   1  50052  -0.089655   0.110577  -0.3684958   0.0027058   0.000040   0.000140   0.000122   0.000144  0.0000672  0.0000056    0.000069    0.000048
1995  12   2  50053  -0.094792   0.112039  -0.3711613   0.0026154   0.000000   0.000312   0.000131   0.000158  0.0001371  0.0000054    0.000069    0.000048
1995  12   3  50054  -0.099473   0.113732  -0.3736773   0.0025196  -0.000043   0.000423   0.000149   0.000196  0.0001632  0.0000055    0.000062    0.000043
1995  12   4  50055  -0.104017   0.115531  -0.3761050   0.0024105  -0.000075   0.000451   0.000144   0.000297  0.0000887  0.0000068    0.000062    0.000043
1995  12   5  50056  -0.108409   0.117439  -0.3784489   0.0022901  -0.000083   0.000388   0.000123   0.000204  0.0000169  0.0000062    0.000063    0.000043
1995  12   6  50057  -0.112683   0.119608  -0.3806845   0.0021758  -0.000059   0.000250   0.000101   0.000147  0.0000176  0.0000049    0.000068    0.000046
1995  12   7  50058  -0.116439   0.121712  -0.3827975   0.0020982   0.000009   0.000041   0.000102   0.000171  0.0000246  0.0000048    0.000100    0.000065
1995  12   8  50059  -0.119538   0.123779  -0.3848719   0.0020767   0.000028  -0.000064   0.000107   0.000191  0.0000238  0.0000051    0.000202    0.000076
1995  12   9  50060  -0.122524   0.125587  -0.3869922   0.0021171   0.000023  -0.000071   0.000106   0.000167  0.0000240  0.0000054    0.000220    0.000065
1995  12  10  50061  -0.125498   0.127352  -0.3891857   0.0021946   0.000038  -0.000048   0.000092   0.000197  0.0000557  0.0000054    0.000216    0.000063
1995  12  11  50062  -0.128536   0.129415  -0.3914333   0.0022787   0.000057  -0.000013   0.000074   0.000249  0.0000668  0.0000055    0.000052    0.000042
1995  12  12  50063  -0.132155   0.131633  -0.3937358   0.0023750   0.000075   0.000001   0.000068   0.000179  0.0000154  0.0000068    0.000048    0.000040
1995  12  13  50064  -0.135924   0.133986  -0.3961406   0.0024888   0.000085  -0.000030   0.000060   0.000094  0.0000076  0.0000062    0.000051    0.000042
1995  12  14  50065  -0.138643   0.136716  -0.3986909   0.0025855   0.000084  -0.000128   0.000069   0.000080  0.0000088  0.0000049    0.000068    0.000055
1995  12  15  50066  -0.140760   0.139661  -0.4013312   0.0026259   0.000061  -0.000188   0.000080   0.000112  0.0000153  0.0000048    0.000099    0.000075
1995  12  16  50067  -0.143099   0.142617  -0.4039825   0.0026279   0.000021  -0.000171   0.000075   0.000221  0.0000563  0.0000048    0.000112    0.000083
1995  12  17  50068  -0.145515   0.145808  -0.4066148   0.0026391  -0.000018  -0.000110   0.000088   0.000309  0.0001563  0.0000048    0.000102    0.000084
1995  12  18  50069  -0.147674   0.149044  -0.4092467   0.0026488  -0.000040  -0.000040   0.000127   0.000292  0.0000486  0.0000048    0.000102    0.000084
1995  12  19  50070  -0.149892   0.152067  -0.4118727   0.0026249  -0.000033   0.000005   0.000121   0.000174  0.0000359  0.0000048    0.000103    0.000081
1995  12  20  50071  -0.152444   0.154917  -0.4144651   0.0025592   0.000013  -0.000019   0.000088   0.000155  0.0000292  0.0000048    0.000108    0.000073
1995  12  21  50072  -0.154978   0.157590  -0.4169854   0.0024484   0.000069  -0.000062   0.000084   0.000206  0.0000371  0.0000051    0.000110    0.000070
1995  12  22  50073  -0.157103   0.160388  -0.4194340   0.0023842   0.000121  -0.000110   0.000095   0.000308  0.0000961  0.0000054    0.000111    0.000069
1995  12  23  50074  -0.158882   0.163597  -0.4218636   0.0024630   0.000159  -0.000154   0.000113   0.000393  0.0001680  0.0000055    0.000111    0.000069
1995  12  24  50075  -0.160338   0.167241  -0.4243611   0.0026240   0.000174  -0.000179   0.000160   0.000525  0.0002018  0.0000072    0.000071    0.000043
1995  12  25  50076  -0.161993   0.170972  -0.4269931   0.0027619   0.000160  -0.000173   0.000361   0.000595  0.0000173  0.0000127    0.000070    0.000042
1995  12  26  50077  -0.164128   0.174537  -0.4297610   0.0028167   0.000121  -0.000134   0.000177   0.000250  0.0000125  0.0000115    0.000070    0.000042
1995  12  27  50078  -0.166472   0.177979  -0.4325861   0.0027710   0.000063  -0.000065   0.000073   0.000109  0.0000129  0.0000058    0.000070    0.000042
1995  12  28  50079  -0.168723   0.181057  -0.4353475   0.0026622   0.000001   0.000020   0.000059   0.000087  0.0000183  0.0000046    0.000070    0.000042
1995  12  29  50080  -0.170540   0.183825  -0.4379755   0.0025142  -0.000052   0.000110   0.000076   0.000113  0.0000689  0.0000049    0.000070    0.000042
1995  12  30  50081  -0.172303   0.186474  -0.4404177   0.0023349  -0.000086   0.000186   0.000139   0.000213  0.0002030  0.0000063    0.000070    0.000042
1995  12  31  50082  -0.174121   0.189159  -0.4426336   0.0021391  -0.000092   0.000237   0.000200   0.000329  0.0002149  0.0000068    0.000074    0.000045
