

                   INTERNATIONAL EARTH ROTATION SERVICE
                        EARTH ROTATION PARAMETERS
                          EOP (IERS) C04

  
             FORMAT(3(I4),I7,2(F11.6),2(F12.7),2(F12.6),2(F11.6),2(F12.7),2F12.6)
**********************************************************************************
  
      Date      MJD      x          y        UT1-UTC       LOD         dX        dY        x Err     y Err   UT1-UTC Err  Lod Err     dY Err       dY Err  
                         "          "           s           s          "         "           "          "          s         s            "           "
     (0h UTC)

1982   1   1  44970  -0.093100   0.377000   0.0174851   0.0023000   0.000000   0.000000   0.002000   0.002000  0.0004000  0.0001500    0.003000    0.002000
1982   1   2  44971  -0.091300   0.378900   0.0151090   0.0024500   0.000000   0.000000   0.002000   0.002000  0.0004000  0.0001500    0.003000    0.002000
1982   1   3  44972  -0.089500   0.380800   0.0125990   0.0025690   0.000000   0.000000   0.002000   0.002000  0.0004000  0.0001500    0.003000    0.002000
1982   1   4  44973  -0.087599   0.382701   0.0100039   0.0026090   0.000000   0.000000   0.002000   0.002000  0.0004000  0.0001500    0.003000    0.002000
1982   1   5  44974  -0.085699   0.384501   0.0074079   0.0025670   0.000000   0.000000   0.002000   0.002000  0.0004000  0.0001500    0.003000    0.002000
1982   1   6  44975  -0.083699   0.386301   0.0048848   0.0024590   0.000000   0.000000   0.002000   0.002000  0.0004000  0.0001500    0.003000    0.002000
1982   1   7  44976  -0.081798   0.388102   0.0025047   0.0022990   0.000000   0.000000   0.002000   0.002000  0.0004000  0.0001500    0.003000    0.002000
1982   1   8  44977  -0.079798   0.389802   0.0002927   0.0021310   0.000000   0.000000   0.002000   0.002000  0.0004000  0.0001500    0.003000    0.002000
1982   1   9  44978  -0.077798   0.391402  -0.0017894   0.0020340   0.000000   0.000000   0.002000   0.002000  0.0004000  0.0001500    0.003000    0.002000
1982   1  10  44979  -0.075798   0.393002  -0.0038054   0.0020230   0.000000   0.000000   0.002000   0.002000  0.0004000  0.0001500    0.003000    0.002000
1982   1  11  44980  -0.073797   0.394503  -0.0058605   0.0020890   0.000000   0.000000   0.002000   0.002000  0.0004000  0.0001500    0.003000    0.002000
1982   1  12  44981  -0.071897   0.396003  -0.0079956   0.0021930   0.000000   0.000000   0.002000   0.002000  0.0004000  0.0001500    0.003000    0.002000
1982   1  13  44982  -0.069897   0.397403  -0.0102366   0.0022810   0.000000   0.000000   0.002000   0.002000  0.0004000  0.0001500    0.003000    0.002000
1982   1  14  44983  -0.067897   0.398803  -0.0125537   0.0023380   0.000000   0.000000   0.002000   0.002000  0.0004000  0.0001500    0.003000    0.002000
1982   1  15  44984  -0.065996   0.400204  -0.0148927   0.0023400   0.000000   0.000000   0.002000   0.002000  0.0004000  0.0001500    0.003000    0.002000
1982   1  16  44985  -0.063996   0.401504  -0.0172048   0.0022790   0.000000   0.000000   0.002000   0.002000  0.0004000  0.0001500    0.003000    0.002000
1982   1  17  44986  -0.062096   0.402804  -0.0194349   0.0021760   0.000000   0.000000   0.002000   0.002000  0.0004000  0.0001500    0.003000    0.002000
1982   1  18  44987  -0.060295   0.404105  -0.0215359   0.0020350   0.000000   0.000000   0.002000   0.002000  0.0004000  0.0001500    0.003000    0.002000
1982   1  19  44988  -0.058395   0.405405  -0.0235000   0.0018910   0.000000   0.000000   0.002000   0.002000  0.0004000  0.0001500    0.003000    0.002000
1982   1  20  44989  -0.056595   0.406805  -0.0253210   0.0017490   0.000000   0.000000   0.002000   0.002000  0.0004000  0.0001500    0.003000    0.002000
1982   1  21  44990  -0.054795   0.408205  -0.0269951   0.0016150   0.000000   0.000000   0.002000   0.002000  0.0004000  0.0001500    0.003000    0.002000
1982   1  22  44991  -0.053094   0.409606  -0.0285601   0.0015130   0.000000   0.000000   0.002000   0.002000  0.0004000  0.0001500    0.003000    0.002000
1982   1  23  44992  -0.051494   0.411006  -0.0300452   0.0014730   0.000000   0.000000   0.002000   0.002000  0.0004000  0.0001500    0.003000    0.002000
1982   1  24  44993  -0.049794   0.412406  -0.0315143   0.0014850   0.000000   0.000000   0.002000   0.002000  0.0004000  0.0001500    0.003000    0.002000
1982   1  25  44994  -0.048294   0.413906  -0.0330223   0.0015500   0.000000   0.000000   0.002000   0.002000  0.0004000  0.0001500    0.003000    0.002000
1982   1  26  44995  -0.046693   0.415407  -0.0346314   0.0016740   0.000000   0.000000   0.002000   0.002000  0.0004000  0.0001500    0.003000    0.002000
1982   1  27  44996  -0.045193   0.416907  -0.0363704   0.0018310   0.000000   0.000000   0.002000   0.002000  0.0004000  0.0001500    0.003000    0.002000
1982   1  28  44997  -0.043793   0.418307  -0.0382935   0.0020050   0.000000   0.000000   0.002000   0.002000  0.0004000  0.0001500    0.003000    0.002000
1982   1  29  44998  -0.042292   0.419808  -0.0403855   0.0021700   0.000000   0.000000   0.002000   0.002000  0.0004000  0.0001500    0.003000    0.002000
1982   1  30  44999  -0.040892   0.421208  -0.0426286   0.0022890   0.000000   0.000000   0.002000   0.002000  0.0004000  0.0001500    0.003000    0.002000
1982   1  31  45000  -0.039392   0.422608  -0.0449497   0.0023430   0.000000   0.000000   0.002000   0.002000  0.0004000  0.0001500    0.003000    0.002000
1982   2   1  45001  -0.037892   0.423808  -0.0472897   0.0023240   0.000000   0.000000   0.002000   0.002000  0.0004000  0.0001500    0.003000    0.002000
1982   2   2  45002  -0.036291   0.425009  -0.0495878   0.0022510   0.000000   0.000000   0.002000   0.002000  0.0004000  0.0001500    0.003000    0.002000
1982   2   3  45003  -0.034691   0.426109  -0.0517778   0.0021260   0.000000   0.000000   0.002000   0.002000  0.0004000  0.0001500    0.003000    0.002000
1982   2   4  45004  -0.032991   0.427209  -0.0538389   0.0019910   0.000000   0.000000   0.002000   0.002000  0.0004000  0.0001500    0.003000    0.002000
1982   2   5  45005  -0.031191   0.428109  -0.0557749   0.0019000   0.000000   0.000000   0.002000   0.002000  0.0004000  0.0001500    0.003000    0.002000
1982   2   6  45006  -0.029290   0.428910  -0.0576650   0.0018860   0.000000   0.000000   0.002000   0.002000  0.0004000  0.0001500    0.003000    0.002000
1982   2   7  45007  -0.027390   0.429710  -0.0595651   0.0019460   0.000000   0.000000   0.002000   0.002000  0.0004000  0.0001500    0.003000    0.002000
1982   2   8  45008  -0.025290   0.430410  -0.0615771   0.0020650   0.000000   0.000000   0.002000   0.002000  0.0004000  0.0001500    0.003000    0.002000
1982   2   9  45009  -0.023189   0.431011  -0.0637102   0.0021990   0.000000   0.000000   0.002000   0.002000  0.0004000  0.0001500    0.003000    0.002000
1982   2  10  45010  -0.020989   0.431511  -0.0659652   0.0023130   0.000000   0.000000   0.002000   0.002000  0.0004000  0.0001500    0.003000    0.002000
1982   2  11  45011  -0.018789   0.432011  -0.0683183   0.0023700   0.000000   0.000000   0.002000   0.002000  0.0004000  0.0001500    0.003000    0.002000
1982   2  12  45012  -0.016389   0.432511  -0.0706923   0.0023720   0.000000   0.000000   0.002000   0.002000  0.0004000  0.0001500    0.003000    0.002000
1982   2  13  45013  -0.013988   0.433012  -0.0730324   0.0023190   0.000000   0.000000   0.002000   0.002000  0.0004000  0.0001500    0.003000    0.002000
1982   2  14  45014  -0.011588   0.433512  -0.0753174   0.0022260   0.000000   0.000000   0.002000   0.002000  0.0004000  0.0001500    0.003000    0.002000
1982   2  15  45015  -0.009088   0.434112  -0.0774895   0.0021240   0.000000   0.000000   0.002000   0.002000  0.0004000  0.0001500    0.003000    0.002000
1982   2  16  45016  -0.006488   0.434612  -0.0795536   0.0020090   0.000000   0.000000   0.002000   0.002000  0.0004000  0.0001500    0.003000    0.002000
1982   2  17  45017  -0.003887   0.435213  -0.0815226   0.0019110   0.000000   0.000000   0.002000   0.002000  0.0004000  0.0001500    0.003000    0.002000
1982   2  18  45018  -0.001287   0.435713  -0.0833967   0.0018530   0.000000   0.000000   0.002000   0.002000  0.0004000  0.0001500    0.003000    0.002000
1982   2  19  45019   0.001413   0.436413  -0.0852437   0.0018390   0.000000   0.000000   0.002000   0.002000  0.0004000  0.0001500    0.003000    0.002000
1982   2  20  45020   0.004114   0.437014  -0.0871028   0.0018860   0.000000   0.000000   0.002000   0.002000  0.0004000  0.0001500    0.003000    0.002000
1982   2  21  45021   0.006814   0.437714  -0.0890338   0.0019880   0.000000   0.000000   0.002000   0.002000  0.0004000  0.0001500    0.003000    0.002000
1982   2  22  45022   0.009614   0.438314  -0.0910849   0.0021440   0.000000   0.000000   0.002000   0.002000  0.0004000  0.0001500    0.003000    0.002000
1982   2  23  45023   0.012414   0.439014  -0.0933359   0.0023520   0.000000   0.000000   0.002000   0.002000  0.0004000  0.0001500    0.003000    0.002000
1982   2  24  45024   0.015115   0.439715  -0.0957970   0.0025710   0.000000   0.000000   0.002000   0.002000  0.0004000  0.0001500    0.003000    0.002000
1982   2  25  45025   0.017915   0.440415  -0.0984740   0.0027960   0.000000   0.000000   0.002000   0.002000  0.0004000  0.0001500    0.003000    0.002000
1982   2  26  45026   0.020615   0.441115  -0.1013631   0.0029520   0.000000   0.000000   0.002000   0.002000  0.0004000  0.0001500    0.003000    0.002000
1982   2  27  45027   0.023416   0.441716  -0.1043622   0.0030440   0.000000   0.000000   0.002000   0.002000  0.0004000  0.0001500    0.003000    0.002000
1982   2  28  45028   0.026116   0.442316  -0.1074132   0.0030320   0.000000   0.000000   0.002000   0.002000  0.0004000  0.0001500    0.003000    0.002000
1982   3   1  45029   0.028816   0.442816  -0.1103923   0.0028980   0.000000   0.000000   0.002000   0.002000  0.0004000  0.0001500    0.003000    0.002000
1982   3   2  45030   0.031416   0.443316  -0.1132053   0.0026930   0.000000   0.000000   0.002000   0.002000  0.0004000  0.0001500    0.003000    0.002000
1982   3   3  45031   0.034017   0.443617  -0.1157884   0.0024860   0.000000   0.000000   0.002000   0.002000  0.0004000  0.0001500    0.003000    0.002000
1982   3   4  45032   0.036617   0.443817  -0.1181794   0.0023070   0.000000   0.000000   0.002000   0.002000  0.0004000  0.0001500    0.003000    0.002000
1982   3   5  45033   0.039117   0.443817  -0.1204265   0.0021880   0.000000   0.000000   0.002000   0.002000  0.0004000  0.0001500    0.003000    0.002000
1982   3   6  45034   0.041517   0.443817  -0.1225955   0.0021620   0.000000   0.000000   0.002000   0.002000  0.0004000  0.0001500    0.003000    0.002000
1982   3   7  45035   0.043918   0.443618  -0.1247646   0.0022060   0.000000   0.000000   0.002000   0.002000  0.0004000  0.0001500    0.003000    0.002000
1982   3   8  45036   0.046318   0.443318  -0.1270196   0.0022960   0.000000   0.000000   0.002000   0.002000  0.0004000  0.0001500    0.003000    0.002000
1982   3   9  45037   0.048818   0.442918  -0.1293647   0.0023890   0.000000   0.000000   0.002000   0.002000  0.0004000  0.0001500    0.003000    0.002000
1982   3  10  45038   0.051319   0.442419  -0.1317697   0.0024250   0.000000   0.000000   0.002000   0.002000  0.0004000  0.0001500    0.003000    0.002000
1982   3  11  45039   0.053819   0.441819  -0.1341908   0.0024150   0.000000   0.000000   0.002000   0.002000  0.0004000  0.0001500    0.003000    0.002000
1982   3  12  45040   0.056319   0.441119  -0.1365778   0.0023790   0.000000   0.000000   0.002000   0.002000  0.0004000  0.0001500    0.003000    0.002000
1982   3  13  45041   0.058919   0.440419  -0.1389319   0.0023100   0.000000   0.000000   0.002000   0.002000  0.0004000  0.0001500    0.003000    0.002000
1982   3  14  45042   0.061520   0.439620  -0.1411869   0.0022090   0.000000   0.000000   0.002000   0.002000  0.0004000  0.0001500    0.003000    0.002000
1982   3  15  45043   0.064220   0.438820  -0.1433460   0.0020960   0.000000   0.000000   0.002000   0.002000  0.0004000  0.0001500    0.003000    0.002000
1982   3  16  45044   0.066820   0.438120  -0.1453930   0.0019920   0.000000   0.000000   0.002000   0.002000  0.0004000  0.0001500    0.003000    0.002000
1982   3  17  45045   0.069520   0.437320  -0.1473511   0.0019160   0.000000   0.000000   0.002000   0.002000  0.0004000  0.0001500    0.003000    0.002000
1982   3  18  45046   0.072221   0.436521  -0.1492391   0.0018620   0.000000   0.000000   0.002000   0.002000  0.0004000  0.0001500    0.003000    0.002000
1982   3  19  45047   0.074921   0.435821  -0.1510922   0.0018600   0.000000   0.000000   0.002000   0.002000  0.0004000  0.0001500    0.003000    0.002000
1982   3  20  45048   0.077621   0.435121  -0.1529882   0.0019330   0.000000   0.000000   0.002000   0.002000  0.0004000  0.0001500    0.003000    0.002000
1982   3  21  45049   0.080222   0.434422  -0.1549763   0.0020520   0.000000   0.000000   0.002000   0.002000  0.0004000  0.0001500    0.003000    0.002000
1982   3  22  45050   0.082822   0.433922  -0.1571004   0.0022220   0.000000   0.000000   0.002000   0.002000  0.0004000  0.0001500    0.003000    0.002000
1982   3  23  45051   0.085322   0.433322  -0.1594224   0.0024260   0.000000   0.000000   0.002000   0.002000  0.0004000  0.0001500    0.003000    0.002000
1982   3  24  45052   0.087822   0.432922  -0.1619545   0.0026370   0.000000   0.000000   0.002000   0.002000  0.0004000  0.0001500    0.003000    0.002000
1982   3  25  45053   0.090223   0.432423  -0.1646855   0.0028250   0.000000   0.000000   0.002000   0.002000  0.0004000  0.0001500    0.003000    0.002000
1982   3  26  45054   0.092723   0.432023  -0.1675696   0.0029290   0.000000   0.000000   0.002000   0.002000  0.0004000  0.0001500    0.003000    0.002000
1982   3  27  45055   0.095123   0.431723  -0.1705206   0.0029450   0.000000   0.000000   0.002000   0.002000  0.0004000  0.0001500    0.003000    0.002000
1982   3  28  45056   0.097523   0.431323  -0.1734397   0.0028690   0.000000   0.000000   0.002000   0.002000  0.0004000  0.0001500    0.003000    0.002000
1982   3  29  45057   0.099824   0.431024  -0.1762457   0.0027400   0.000000   0.000000   0.002000   0.002000  0.0004000  0.0001500    0.003000    0.002000
1982   3  30  45058   0.102124   0.430624  -0.1789047   0.0025870   0.000000   0.000000   0.002000   0.002000  0.0004000  0.0001500    0.003000    0.002000
1982   3  31  45059   0.104424   0.430224  -0.1814228   0.0024590   0.000000   0.000000   0.002000   0.002000  0.0004000  0.0001500    0.003000    0.002000
1982   4   1  45060   0.106725   0.429825  -0.1838558   0.0024100   0.000000   0.000000   0.002000   0.002000  0.0004000  0.0001500    0.003000    0.002000
1982   4   2  45061   0.108925   0.429325  -0.1862709   0.0024340   0.000000   0.000000   0.002000   0.002000  0.0004000  0.0001500    0.003000    0.002000
1982   4   3  45062   0.111025   0.428825  -0.1887589   0.0025330   0.000000   0.000000   0.002000   0.002000  0.0004000  0.0001500    0.003000    0.002000
1982   4   4  45063   0.113225   0.428225  -0.1913630   0.0026780   0.000000   0.000000   0.002000   0.002000  0.0004000  0.0001500    0.003000    0.002000
1982   4   5  45064   0.115326   0.427626  -0.1941180   0.0028240   0.000000   0.000000   0.002000   0.002000  0.0004000  0.0001500    0.003000    0.002000
1982   4   6  45065   0.117326   0.426926  -0.1970091   0.0029400   0.000000   0.000000   0.002000   0.002000  0.0004000  0.0001500    0.003000    0.002000
1982   4   7  45066   0.119326   0.426126  -0.1999821   0.0030020   0.000000   0.000000   0.002000   0.002000  0.0004000  0.0001500    0.003000    0.002000
1982   4   8  45067   0.121326   0.425226  -0.2029822   0.0029680   0.000000   0.000000   0.002000   0.002000  0.0004000  0.0001500    0.003000    0.002000
1982   4   9  45068   0.123227   0.424327  -0.2059062   0.0028640   0.000000   0.000000   0.002000   0.002000  0.0004000  0.0001500    0.003000    0.002000
1982   4  10  45069   0.125127   0.423327  -0.2086953   0.0027170   0.000000   0.000000   0.002000   0.002000  0.0004000  0.0001500    0.003000    0.002000
1982   4  11  45070   0.126927   0.422227  -0.2113233   0.0025370   0.000000   0.000000   0.002000   0.002000  0.0004000  0.0001500    0.003000    0.002000
1982   4  12  45071   0.128728   0.421028  -0.2137784   0.0023650   0.000000   0.000000   0.002000   0.002000  0.0004000  0.0001500    0.003000    0.002000
1982   4  13  45072   0.130528   0.419828  -0.2160694   0.0022130   0.000000   0.000000   0.002000   0.002000  0.0004000  0.0001500    0.003000    0.002000
1982   4  14  45073   0.132328   0.418628  -0.2182265   0.0021080   0.000000   0.000000   0.002000   0.002000  0.0004000  0.0001500    0.003000    0.002000
1982   4  15  45074   0.134028   0.417328  -0.2203035   0.0020640   0.000000   0.000000   0.002000   0.002000  0.0004000  0.0001500    0.003000    0.002000
1982   4  16  45075   0.135829   0.416029  -0.2223746   0.0020760   0.000000   0.000000   0.002000   0.002000  0.0004000  0.0001500    0.003000    0.002000
1982   4  17  45076   0.137629   0.414729  -0.2244726   0.0021430   0.000000   0.000000   0.002000   0.002000  0.0004000  0.0001500    0.003000    0.002000
1982   4  18  45077   0.139429   0.413329  -0.2266767   0.0022710   0.000000   0.000000   0.002000   0.002000  0.0004000  0.0001500    0.003000    0.002000
1982   4  19  45078   0.141229   0.412029  -0.2290307   0.0024430   0.000000   0.000000   0.002000   0.002000  0.0004000  0.0001500    0.003000    0.002000
1982   4  20  45079   0.143030   0.410630  -0.2315598   0.0026480   0.000000   0.000000   0.002000   0.002000  0.0004000  0.0001500    0.003000    0.002000
1982   4  21  45080   0.144830   0.409230  -0.2343148   0.0028470   0.000000   0.000000   0.002000   0.002000  0.0004000  0.0001500    0.003000    0.002000
1982   4  22  45081   0.146630   0.407730  -0.2372478   0.0030050   0.000000   0.000000   0.002000   0.002000  0.0004000  0.0001500    0.003000    0.002000
1982   4  23  45082   0.148431   0.406231  -0.2402959   0.0030930   0.000000   0.000000   0.002000   0.002000  0.0004000  0.0001500    0.003000    0.002000
1982   4  24  45083   0.150231   0.404731  -0.2433869   0.0030730   0.000000   0.000000   0.002000   0.002000  0.0004000  0.0001500    0.003000    0.002000
1982   4  25  45084   0.152031   0.403231  -0.2464010   0.0029520   0.000000   0.000000   0.002000   0.002000  0.0004000  0.0001500    0.003000    0.002000
1982   4  26  45085   0.153831   0.401631  -0.2492860   0.0027960   0.000000   0.000000   0.002000   0.002000  0.0004000  0.0001500    0.003000    0.002000
1982   4  27  45086   0.155532   0.400032  -0.2520091   0.0026670   0.000000   0.000000   0.002000   0.002000  0.0004000  0.0001500    0.003000    0.002000
1982   4  28  45087   0.157232   0.398332  -0.2546311   0.0025820   0.000000   0.000000   0.002000   0.002000  0.0004000  0.0001500    0.003000    0.002000
1982   4  29  45088   0.158932   0.396632  -0.2572022   0.0025660   0.000000   0.000000   0.002000   0.002000  0.0004000  0.0001500    0.003000    0.002000
1982   4  30  45089   0.160632   0.394932  -0.2597902   0.0026100   0.000000   0.000000   0.002000   0.002000  0.0004000  0.0001500    0.003000    0.002000
1982   5   1  45090   0.162233   0.393133  -0.2624513   0.0026980   0.000000   0.000000   0.002000   0.002000  0.0004000  0.0001500    0.003000    0.002000
1982   5   2  45091   0.163933   0.391433  -0.2652033   0.0028030   0.000000   0.000000   0.002000   0.002000  0.0004000  0.0001500    0.003000    0.002000
1982   5   3  45092   0.165533   0.389533  -0.2680524   0.0028800   0.000000   0.000000   0.002000   0.002000  0.0004000  0.0001500    0.003000    0.002000
1982   5   4  45093   0.167234   0.387634  -0.2709484   0.0029020   0.000000   0.000000   0.002000   0.002000  0.0004000  0.0001500    0.003000    0.002000
1982   5   5  45094   0.168834   0.385734  -0.2738374   0.0028570   0.000000   0.000000   0.002000   0.002000  0.0004000  0.0001500    0.003000    0.002000
1982   5   6  45095   0.170534   0.383734  -0.2766425   0.0027430   0.000000   0.000000   0.002000   0.002000  0.0004000  0.0001500    0.003000    0.002000
1982   5   7  45096   0.172134   0.381734  -0.2793075   0.0025820   0.000000   0.000000   0.002000   0.002000  0.0004000  0.0001500    0.003000    0.002000
1982   5   8  45097   0.173835   0.379735  -0.2817966   0.0023820   0.000000   0.000000   0.002000   0.002000  0.0004000  0.0001500    0.003000    0.002000
1982   5   9  45098   0.175435   0.377535  -0.2840786   0.0021810   0.000000   0.000000   0.002000   0.002000  0.0004000  0.0001500    0.003000    0.002000
1982   5  10  45099   0.177035   0.375435  -0.2861527   0.0019820   0.000000   0.000000   0.002000   0.002000  0.0004000  0.0001500    0.003000    0.002000
1982   5  11  45100   0.178735   0.373235  -0.2880517   0.0018220   0.000000   0.000000   0.002000   0.002000  0.0004000  0.0001500    0.003000    0.002000
1982   5  12  45101   0.180336   0.371036  -0.2898107   0.0017070   0.000000   0.000000   0.002000   0.002000  0.0004000  0.0001500    0.003000    0.002000
1982   5  13  45102   0.181936   0.368736  -0.2914918   0.0016660   0.000000   0.000000   0.002000   0.002000  0.0004000  0.0001500    0.003000    0.002000
1982   5  14  45103   0.183636   0.366436  -0.2931518   0.0016820   0.000000   0.000000   0.002000   0.002000  0.0004000  0.0001500    0.003000    0.002000
1982   5  15  45104   0.185237   0.364137  -0.2948639   0.0017580   0.000000   0.000000   0.002000   0.002000  0.0004000  0.0001500    0.003000    0.002000
1982   5  16  45105   0.186837   0.361737  -0.2966729   0.0018870   0.000000   0.000000   0.002000   0.002000  0.0004000  0.0001500    0.003000    0.002000
1982   5  17  45106   0.188337   0.359337  -0.2986480   0.0020760   0.000000   0.000000   0.002000   0.002000  0.0004000  0.0001500    0.003000    0.002000
1982   5  18  45107   0.189937   0.356937  -0.3008280   0.0022940   0.000000   0.000000   0.002000   0.002000  0.0004000  0.0001500    0.003000    0.002000
1982   5  19  45108   0.191438   0.354438  -0.3032390   0.0025110   0.000000   0.000000   0.002000   0.002000  0.0004000  0.0001500    0.003000    0.002000
1982   5  20  45109   0.192938   0.352038  -0.3058191   0.0026450   0.000000   0.000000   0.002000   0.002000  0.0004000  0.0001500    0.003000    0.002000
1982   5  21  45110   0.194438   0.349538  -0.3084971   0.0026830   0.000000   0.000000   0.002000   0.002000  0.0004000  0.0001500    0.003000    0.002000
1982   5  22  45111   0.195839   0.347039  -0.3111612   0.0026260   0.000000   0.000000   0.002000   0.002000  0.0004000  0.0001500    0.003000    0.002000
1982   5  23  45112   0.197239   0.344539  -0.3137232   0.0024920   0.000000   0.000000   0.002000   0.002000  0.0004000  0.0001500    0.003000    0.002000
1982   5  24  45113   0.198739   0.342039  -0.3161293   0.0023210   0.000000   0.000000   0.002000   0.002000  0.0004000  0.0001500    0.003000    0.002000
1982   5  25  45114   0.200039   0.339439  -0.3183813   0.0021840   0.000000   0.000000   0.002000   0.002000  0.0004000  0.0001500    0.003000    0.002000
1982   5  26  45115   0.201440   0.336940  -0.3205243   0.0021230   0.000000   0.000000   0.002000   0.002000  0.0004000  0.0001500    0.003000    0.002000
1982   5  27  45116   0.202840   0.334440  -0.3226574   0.0021460   0.000000   0.000000   0.002000   0.002000  0.0004000  0.0001500    0.003000    0.002000
1982   5  28  45117   0.204240   0.331840  -0.3248504   0.0022460   0.000000   0.000000   0.002000   0.002000  0.0004000  0.0001500    0.003000    0.002000
1982   5  29  45118   0.205540   0.329340  -0.3271475   0.0023490   0.000000   0.000000   0.002000   0.002000  0.0004000  0.0001500    0.003000    0.002000
1982   5  30  45119   0.206941   0.326741  -0.3295425   0.0024260   0.000000   0.000000   0.002000   0.002000  0.0004000  0.0001500    0.003000    0.002000
1982   5  31  45120   0.208241   0.324141  -0.3319845   0.0024480   0.000000   0.000000   0.002000   0.002000  0.0004000  0.0001500    0.003000    0.002000
1982   6   1  45121   0.209641   0.321541  -0.3344306   0.0024250   0.000000   0.000000   0.002000   0.002000  0.0004000  0.0001500    0.003000    0.002000
1982   6   2  45122   0.211042   0.318842  -0.3368176   0.0023370   0.000000   0.000000   0.002000   0.002000  0.0004000  0.0001500    0.003000    0.002000
1982   6   3  45123   0.212342   0.316142  -0.3390907   0.0022140   0.000000   0.000000   0.002000   0.002000  0.0004000  0.0001500    0.003000    0.002000
1982   6   4  45124   0.213742   0.313342  -0.3412347   0.0020700   0.000000   0.000000   0.002000   0.002000  0.0004000  0.0001500    0.003000    0.002000
1982   6   5  45125   0.215142   0.310642  -0.3432258   0.0019130   0.000000   0.000000   0.002000   0.002000  0.0004000  0.0001500    0.003000    0.002000
1982   6   6  45126   0.216643   0.307743  -0.3450618   0.0017700   0.000000   0.000000   0.002000   0.002000  0.0004000  0.0001500    0.003000    0.002000
1982   6   7  45127   0.218043   0.304943  -0.3467738   0.0016510   0.000000   0.000000   0.002000   0.002000  0.0004000  0.0001500    0.003000    0.002000
1982   6   8  45128   0.219343   0.302043  -0.3483779   0.0015710   0.000000   0.000000   0.002000   0.002000  0.0004000  0.0001500    0.003000    0.002000
1982   6   9  45129   0.220743   0.299143  -0.3499249   0.0015420   0.000000   0.000000   0.002000   0.002000  0.0004000  0.0001500    0.003000    0.002000
1982   6  10  45130   0.222044   0.296244  -0.3514710   0.0015590   0.000000   0.000000   0.002000   0.002000  0.0004000  0.0001500    0.003000    0.002000
1982   6  11  45131   0.223244   0.293344  -0.3530600   0.0016270   0.000000   0.000000   0.002000   0.002000  0.0004000  0.0001500    0.003000    0.002000
1982   6  12  45132   0.224344   0.290444  -0.3547390   0.0017370   0.000000   0.000000   0.002000   0.002000  0.0004000  0.0001500    0.003000    0.002000
1982   6  13  45133   0.225345   0.287545  -0.3565431   0.0018760   0.000000   0.000000   0.002000   0.002000  0.0004000  0.0001500    0.003000    0.002000
1982   6  14  45134   0.226145   0.284645  -0.3584941   0.0020260   0.000000   0.000000   0.002000   0.002000  0.0004000  0.0001500    0.003000    0.002000
1982   6  15  45135   0.226945   0.281745  -0.3605931   0.0021690   0.000000   0.000000   0.002000   0.002000  0.0004000  0.0001500    0.003000    0.002000
1982   6  16  45136   0.227545   0.278945  -0.3628302   0.0022730   0.000000   0.000000   0.002000   0.002000  0.0004000  0.0001500    0.003000    0.002000
1982   6  17  45137   0.228046   0.276046  -0.3651272   0.0023080   0.000000   0.000000   0.002000   0.002000  0.0004000  0.0001500    0.003000    0.002000
1982   6  18  45138   0.228346   0.273246  -0.3674143   0.0022500   0.000000   0.000000   0.002000   0.002000  0.0004000  0.0001500    0.003000    0.002000
1982   6  19  45139   0.228646   0.270546  -0.3696083   0.0021060   0.000000   0.000000   0.002000   0.002000  0.0004000  0.0001500    0.003000    0.002000
1982   6  20  45140   0.228846   0.267746  -0.3716193   0.0019120   0.000000   0.000000   0.002000   0.002000  0.0004000  0.0001500    0.003000    0.002000
1982   6  21  45141   0.228847   0.265047  -0.3734254   0.0017200   0.000000   0.000000   0.002000   0.002000  0.0004000  0.0001500    0.003000    0.002000
1982   6  22  45142   0.228847   0.262447  -0.3750824   0.0016080   0.000000   0.000000   0.002000   0.002000  0.0004000  0.0001500    0.003000    0.002000
1982   6  23  45143   0.228747   0.259747  -0.3766745   0.0015840   0.000000   0.000000   0.002000   0.002000  0.0004000  0.0001500    0.003000    0.002000
1982   6  24  45144   0.228448   0.257148  -0.3782875   0.0016450   0.000000   0.000000   0.002000   0.002000  0.0004000  0.0001500    0.003000    0.002000
1982   6  25  45145   0.228248   0.254548  -0.3799785   0.0017490   0.000000   0.000000   0.002000   0.002000  0.0004000  0.0001500    0.003000    0.002000
1982   6  26  45146   0.227948   0.251948  -0.3817836   0.0018450   0.000000   0.000000   0.002000   0.002000  0.0004000  0.0001500    0.003000    0.002000
1982   6  27  45147   0.227548   0.249348  -0.3836516   0.0018920   0.000000   0.000000   0.002000   0.002000  0.0004000  0.0001500    0.003000    0.002000
1982   6  28  45148   0.227249   0.246649  -0.3855456   0.0018740   0.000000   0.000000   0.002000   0.002000  0.0004000  0.0001500    0.003000    0.002000
1982   6  29  45149   0.226849   0.243949  -0.3873897   0.0017950   0.000000   0.000000   0.002000   0.002000  0.0004000  0.0001500    0.003000    0.002000
1982   6  30  45150   0.226449   0.241249  -0.3891197   0.0016670   0.000000   0.000000   0.002000   0.002000  0.0004000  0.0001500    0.003000    0.002000
1982   7   1  45151   0.225949   0.238549   0.6092862   0.0015200   0.000000   0.000000   0.002000   0.002000  0.0004000  0.0001500    0.003000    0.002000
1982   7   2  45152   0.225550   0.235850   0.6078552   0.0013590   0.000000   0.000000   0.002000   0.002000  0.0004000  0.0001500    0.003000    0.002000
1982   7   3  45153   0.225050   0.233050   0.6065772   0.0012130   0.000000   0.000000   0.002000   0.002000  0.0004000  0.0001500    0.003000    0.002000
1982   7   4  45154   0.224450   0.230250   0.6054231   0.0010870   0.000000   0.000000   0.002000   0.002000  0.0004000  0.0001500    0.003000    0.002000
1982   7   5  45155   0.223951   0.227451   0.6043801   0.0010070   0.000000   0.000000   0.002000   0.002000  0.0004000  0.0001500    0.003000    0.002000
1982   7   6  45156   0.223351   0.224651   0.6033951   0.0009730   0.000000   0.000000   0.002000   0.002000  0.0004000  0.0001500    0.003000    0.002000
1982   7   7  45157   0.222851   0.221751   0.6024070   0.0010040   0.000000   0.000000   0.002000   0.002000  0.0004000  0.0001500    0.003000    0.002000
1982   7   8  45158   0.222151   0.218951   0.6013590   0.0010980   0.000000   0.000000   0.002000   0.002000  0.0004000  0.0001500    0.003000    0.002000
1982   7   9  45159   0.221552   0.216052   0.6002040   0.0012270   0.000000   0.000000   0.002000   0.002000  0.0004000  0.0001500    0.003000    0.002000
1982   7  10  45160   0.220852   0.213152   0.5988939   0.0013950   0.000000   0.000000   0.002000   0.002000  0.0004000  0.0001500    0.003000    0.002000
1982   7  11  45161   0.220152   0.210252   0.5974219   0.0015620   0.000000   0.000000   0.002000   0.002000  0.0004000  0.0001500    0.003000    0.002000
1982   7  12  45162   0.219452   0.207352   0.5957739   0.0017300   0.000000   0.000000   0.002000   0.002000  0.0004000  0.0001500    0.003000    0.002000
1982   7  13  45163   0.218653   0.204553   0.5939718   0.0018560   0.000000   0.000000   0.002000   0.002000  0.0004000  0.0001500    0.003000    0.002000
1982   7  14  45164   0.217753   0.201753   0.5920888   0.0019200   0.000000   0.000000   0.002000   0.002000  0.0004000  0.0001500    0.003000    0.002000
1982   7  15  45165   0.216853   0.198953   0.5901657   0.0019020   0.000000   0.000000   0.002000   0.002000  0.0004000  0.0001500    0.003000    0.002000
1982   7  16  45166   0.215854   0.196154   0.5882997   0.0018090   0.000000   0.000000   0.002000   0.002000  0.0004000  0.0001500    0.003000    0.002000
1982   7  17  45167   0.214854   0.193354   0.5865787   0.0016370   0.000000   0.000000   0.002000   0.002000  0.0004000  0.0001500    0.003000    0.002000
1982   7  18  45168   0.213754   0.190654   0.5850306   0.0014520   0.000000   0.000000   0.002000   0.002000  0.0004000  0.0001500    0.003000    0.002000
1982   7  19  45169   0.212554   0.187954   0.5836596   0.0012990   0.000000   0.000000   0.002000   0.002000  0.0004000  0.0001500    0.003000    0.002000
1982   7  20  45170   0.211355   0.185355   0.5824016   0.0012350   0.000000   0.000000   0.002000   0.002000  0.0004000  0.0001500    0.003000    0.002000
1982   7  21  45171   0.210155   0.182655   0.5811485   0.0012780   0.000000   0.000000   0.002000   0.002000  0.0004000  0.0001500    0.003000    0.002000
1982   7  22  45172   0.208855   0.180055   0.5798135   0.0013990   0.000000   0.000000   0.002000   0.002000  0.0004000  0.0001500    0.003000    0.002000
1982   7  23  45173   0.207455   0.177555   0.5783565   0.0015230   0.000000   0.000000   0.002000   0.002000  0.0004000  0.0001500    0.003000    0.002000
1982   7  24  45174   0.206056   0.174956   0.5767804   0.0016280   0.000000   0.000000   0.002000   0.002000  0.0004000  0.0001500    0.003000    0.002000
1982   7  25  45175   0.204656   0.172456   0.5751354   0.0016490   0.000000   0.000000   0.002000   0.002000  0.0004000  0.0001500    0.003000    0.002000
1982   7  26  45176   0.203256   0.169956   0.5735084   0.0016030   0.000000   0.000000   0.002000   0.002000  0.0004000  0.0001500    0.003000    0.002000
1982   7  27  45177   0.201957   0.167457   0.5719503   0.0014940   0.000000   0.000000   0.002000   0.002000  0.0004000  0.0001500    0.003000    0.002000
1982   7  28  45178   0.200557   0.164957   0.5705233   0.0013570   0.000000   0.000000   0.002000   0.002000  0.0004000  0.0001500    0.003000    0.002000
1982   7  29  45179   0.199157   0.162557   0.5692423   0.0012140   0.000000   0.000000   0.002000   0.002000  0.0004000  0.0001500    0.003000    0.002000
1982   7  30  45180   0.197857   0.160057   0.5681022   0.0010760   0.000000   0.000000   0.002000   0.002000  0.0004000  0.0001500    0.003000    0.002000
1982   7  31  45181   0.196558   0.157658   0.5670832   0.0009590   0.000000   0.000000   0.002000   0.002000  0.0004000  0.0001500    0.003000    0.002000
1982   8   1  45182   0.195258   0.155258   0.5661832   0.0008680   0.000000   0.000000   0.002000   0.002000  0.0004000  0.0001500    0.003000    0.002000
1982   8   2  45183   0.193958   0.152958   0.5653301   0.0008330   0.000000   0.000000   0.002000   0.002000  0.0004000  0.0001500    0.003000    0.002000
1982   8   3  45184   0.192658   0.150558   0.5644991   0.0008510   0.000000   0.000000   0.002000   0.002000  0.0004000  0.0001500    0.003000    0.002000
1982   8   4  45185   0.191459   0.148259   0.5636211   0.0009130   0.000000   0.000000   0.002000   0.002000  0.0004000  0.0001500    0.003000    0.002000
1982   8   5  45186   0.190259   0.145859   0.5626571   0.0010330   0.000000   0.000000   0.002000   0.002000  0.0004000  0.0001500    0.003000    0.002000
1982   8   6  45187   0.188959   0.143559   0.5615440   0.0011880   0.000000   0.000000   0.002000   0.002000  0.0004000  0.0001500    0.003000    0.002000
1982   8   7  45188   0.187560   0.141260   0.5602760   0.0013560   0.000000   0.000000   0.002000   0.002000  0.0004000  0.0001500    0.003000    0.002000
1982   8   8  45189   0.186160   0.138860   0.5588250   0.0015230   0.000000   0.000000   0.002000   0.002000  0.0004000  0.0001500    0.003000    0.002000
1982   8   9  45190   0.184760   0.136560   0.5572429   0.0016540   0.000000   0.000000   0.002000   0.002000  0.0004000  0.0001500    0.003000    0.002000
1982   8  10  45191   0.183160   0.134260   0.5555469   0.0017310   0.000000   0.000000   0.002000   0.002000  0.0004000  0.0001500    0.003000    0.002000
1982   8  11  45192   0.181561   0.131961   0.5538029   0.0017420   0.000000   0.000000   0.002000   0.002000  0.0004000  0.0001500    0.003000    0.002000
1982   8  12  45193   0.179861   0.129661   0.5520848   0.0016870   0.000000   0.000000   0.002000   0.002000  0.0004000  0.0001500    0.003000    0.002000
1982   8  13  45194   0.178061   0.127461   0.5504358   0.0015920   0.000000   0.000000   0.002000   0.002000  0.0004000  0.0001500    0.003000    0.002000
1982   8  14  45195   0.176062   0.125162   0.5488978   0.0014760   0.000000   0.000000   0.002000   0.002000  0.0004000  0.0001500    0.003000    0.002000
1982   8  15  45196   0.174062   0.122962   0.5474747   0.0013960   0.000000   0.000000   0.002000   0.002000  0.0004000  0.0001500    0.003000    0.002000
1982   8  16  45197   0.171862   0.120762   0.5460817   0.0013850   0.000000   0.000000   0.002000   0.002000  0.0004000  0.0001500    0.003000    0.002000
1982   8  17  45198   0.169662   0.118562   0.5446717   0.0014690   0.000000   0.000000   0.002000   0.002000  0.0004000  0.0001500    0.003000    0.002000
1982   8  18  45199   0.167363   0.116463   0.5431137   0.0016490   0.000000   0.000000   0.002000   0.002000  0.0004000  0.0001500    0.003000    0.002000
1982   8  19  45200   0.164963   0.114363   0.5413606   0.0018610   0.000000   0.000000   0.002000   0.002000  0.0004000  0.0001500    0.003000    0.002000
1982   8  20  45201   0.162563   0.112363   0.5394086   0.0020470   0.000000   0.000000   0.002000   0.002000  0.0004000  0.0001500    0.003000    0.002000
1982   8  21  45202   0.160063   0.110363   0.5372786   0.0021790   0.000000   0.000000   0.002000   0.002000  0.0004000  0.0001500    0.003000    0.002000
1982   8  22  45203   0.157464   0.108464   0.5350695   0.0022230   0.000000   0.000000   0.002000   0.002000  0.0004000  0.0001500    0.003000    0.002000
1982   8  23  45204   0.154864   0.106564   0.5328695   0.0021740   0.000000   0.000000   0.002000   0.002000  0.0004000  0.0001500    0.003000    0.002000
1982   8  24  45205   0.152264   0.104764   0.5307505   0.0020570   0.000000   0.000000   0.002000   0.002000  0.0004000  0.0001500    0.003000    0.002000
1982   8  25  45206   0.149565   0.103065   0.5287544   0.0019130   0.000000   0.000000   0.002000   0.002000  0.0004000  0.0001500    0.003000    0.002000
1982   8  26  45207   0.146865   0.101365   0.5269144   0.0017780   0.000000   0.000000   0.002000   0.002000  0.0004000  0.0001500    0.003000    0.002000
1982   8  27  45208   0.144065   0.099765   0.5251924   0.0016530   0.000000   0.000000   0.002000   0.002000  0.0004000  0.0001500    0.003000    0.002000
1982   8  28  45209   0.141365   0.098165   0.5235974   0.0015640   0.000000   0.000000   0.002000   0.002000  0.0004000  0.0001500    0.003000    0.002000
1982   8  29  45210   0.138466   0.096666   0.5220473   0.0015340   0.000000   0.000000   0.002000   0.002000  0.0004000  0.0001500    0.003000    0.002000
1982   8  30  45211   0.135666   0.095166   0.5205013   0.0015680   0.000000   0.000000   0.002000   0.002000  0.0004000  0.0001500    0.003000    0.002000
1982   8  31  45212   0.132766   0.093766   0.5188923   0.0016570   0.000000   0.000000   0.002000   0.002000  0.0004000  0.0001500    0.003000    0.002000
1982   9   1  45213   0.129766   0.092366   0.5171682   0.0018080   0.000000   0.000000   0.002000   0.002000  0.0004000  0.0001500    0.003000    0.002000
1982   9   2  45214   0.126867   0.090967   0.5152742   0.0020090   0.000000   0.000000   0.002000   0.002000  0.0004000  0.0001500    0.003000    0.002000
1982   9   3  45215   0.123767   0.089667   0.5131522   0.0022340   0.000000   0.000000   0.002000   0.002000  0.0004000  0.0001500    0.003000    0.002000
1982   9   4  45216   0.120767   0.088367   0.5107952   0.0024550   0.000000   0.000000   0.002000   0.002000  0.0004000  0.0001500    0.003000    0.002000
1982   9   5  45217   0.117668   0.087068   0.5082631   0.0026230   0.000000   0.000000   0.002000   0.002000  0.0004000  0.0001500    0.003000    0.002000
1982   9   6  45218   0.114568   0.085868   0.5055811   0.0027200   0.000000   0.000000   0.002000   0.002000  0.0004000  0.0001500    0.003000    0.002000
1982   9   7  45219   0.111368   0.084568   0.5028391   0.0027420   0.000000   0.000000   0.002000   0.002000  0.0004000  0.0001500    0.003000    0.002000
1982   9   8  45220   0.108168   0.083368   0.5001321   0.0026810   0.000000   0.000000   0.002000   0.002000  0.0004000  0.0001500    0.003000    0.002000
1982   9   9  45221   0.104969   0.082169   0.4975060   0.0025260   0.000000   0.000000   0.002000   0.002000  0.0004000  0.0001500    0.003000    0.002000
1982   9  10  45222   0.101769   0.081069   0.4950760   0.0023220   0.000000   0.000000   0.002000   0.002000  0.0004000  0.0001500    0.003000    0.002000
1982   9  11  45223   0.098469   0.079869   0.4928540   0.0021300   0.000000   0.000000   0.002000   0.002000  0.0004000  0.0001500    0.003000    0.002000
1982   9  12  45224   0.095169   0.078769   0.4908070   0.0019870   0.000000   0.000000   0.002000   0.002000  0.0004000  0.0001500    0.003000    0.002000
1982   9  13  45225   0.091870   0.077670   0.4888509   0.0019400   0.000000   0.000000   0.002000   0.002000  0.0004000  0.0001500    0.003000    0.002000
1982   9  14  45226   0.088570   0.076570   0.4868859   0.0020030   0.000000   0.000000   0.002000   0.002000  0.0004000  0.0001500    0.003000    0.002000
1982   9  15  45227   0.085170   0.075570   0.4848339   0.0021370   0.000000   0.000000   0.002000   0.002000  0.0004000  0.0001500    0.003000    0.002000
1982   9  16  45228   0.081771   0.074571   0.4826068   0.0023240   0.000000   0.000000   0.002000   0.002000  0.0004000  0.0001500    0.003000    0.002000
1982   9  17  45229   0.078471   0.073571   0.4801988   0.0024810   0.000000   0.000000   0.002000   0.002000  0.0004000  0.0001500    0.003000    0.002000
1982   9  18  45230   0.074971   0.072671   0.4776718   0.0025480   0.000000   0.000000   0.002000   0.002000  0.0004000  0.0001500    0.003000    0.002000
1982   9  19  45231   0.071571   0.071871   0.4751238   0.0025330   0.000000   0.000000   0.002000   0.002000  0.0004000  0.0001500    0.003000    0.002000
1982   9  20  45232   0.068172   0.071172   0.4726217   0.0024410   0.000000   0.000000   0.002000   0.002000  0.0004000  0.0001500    0.003000    0.002000
1982   9  21  45233   0.064672   0.070472   0.4702487   0.0023010   0.000000   0.000000   0.002000   0.002000  0.0004000  0.0001500    0.003000    0.002000
1982   9  22  45234   0.061172   0.069872   0.4680247   0.0021350   0.000000   0.000000   0.002000   0.002000  0.0004000  0.0001500    0.003000    0.002000
1982   9  23  45235   0.057672   0.069372   0.4659637   0.0019900   0.000000   0.000000   0.002000   0.002000  0.0004000  0.0001500    0.003000    0.002000
1982   9  24  45236   0.054173   0.068973   0.4640326   0.0018790   0.000000   0.000000   0.002000   0.002000  0.0004000  0.0001500    0.003000    0.002000
1982   9  25  45237   0.050573   0.068573   0.4621996   0.0018060   0.000000   0.000000   0.002000   0.002000  0.0004000  0.0001500    0.003000    0.002000
1982   9  26  45238   0.047073   0.068373   0.4604006   0.0018010   0.000000   0.000000   0.002000   0.002000  0.0004000  0.0001500    0.003000    0.002000
1982   9  27  45239   0.043474   0.068274   0.4585796   0.0018430   0.000000   0.000000   0.002000   0.002000  0.0004000  0.0001500    0.003000    0.002000
1982   9  28  45240   0.039874   0.068274   0.4566955   0.0019410   0.000000   0.000000   0.002000   0.002000  0.0004000  0.0001500    0.003000    0.002000
1982   9  29  45241   0.036374   0.068274   0.4546815   0.0020930   0.000000   0.000000   0.002000   0.002000  0.0004000  0.0001500    0.003000    0.002000
1982   9  30  45242   0.032774   0.068374   0.4524985   0.0022670   0.000000   0.000000   0.002000   0.002000  0.0004000  0.0001500    0.003000    0.002000
1982  10   1  45243   0.029175   0.068575   0.4501445   0.0024520   0.000000   0.000000   0.002000   0.002000  0.0004000  0.0001500    0.003000    0.002000
1982  10   2  45244   0.025575   0.068775   0.4476105   0.0026180   0.000000   0.000000   0.002000   0.002000  0.0004000  0.0001500    0.003000    0.002000
1982  10   3  45245   0.021875   0.069075   0.4449244   0.0027310   0.000000   0.000000   0.002000   0.002000  0.0004000  0.0001500    0.003000    0.002000
1982  10   4  45246   0.018275   0.069475   0.4421654   0.0027640   0.000000   0.000000   0.002000   0.002000  0.0004000  0.0001500    0.003000    0.002000
1982  10   5  45247   0.014676   0.069876   0.4394264   0.0027070   0.000000   0.000000   0.002000   0.002000  0.0004000  0.0001500    0.003000    0.002000
1982  10   6  45248   0.011076   0.070376   0.4367864   0.0025670   0.000000   0.000000   0.002000   0.002000  0.0004000  0.0001500    0.003000    0.002000
1982  10   7  45249   0.007476   0.070876   0.4343163   0.0023820   0.000000   0.000000   0.002000   0.002000  0.0004000  0.0001500    0.003000    0.002000
1982  10   8  45250   0.003877   0.071377   0.4320153   0.0022130   0.000000   0.000000   0.002000   0.002000  0.0004000  0.0001500    0.003000    0.002000
1982  10   9  45251   0.000277   0.071977   0.4298693   0.0020910   0.000000   0.000000   0.002000   0.002000  0.0004000  0.0001500    0.003000    0.002000
1982  10  10  45252  -0.003223   0.072577   0.4278053   0.0020540   0.000000   0.000000   0.002000   0.002000  0.0004000  0.0001500    0.003000    0.002000
1982  10  11  45253  -0.006823   0.073177   0.4257223   0.0021060   0.000000   0.000000   0.002000   0.002000  0.0004000  0.0001500    0.003000    0.002000
1982  10  12  45254  -0.010322   0.073778   0.4235612   0.0022260   0.000000   0.000000   0.002000   0.002000  0.0004000  0.0001500    0.003000    0.002000
1982  10  13  45255  -0.013722   0.074478   0.4212602   0.0023770   0.000000   0.000000   0.002000   0.002000  0.0004000  0.0001500    0.003000    0.002000
1982  10  14  45256  -0.017222   0.075078   0.4188222   0.0025000   0.000000   0.000000   0.002000   0.002000  0.0004000  0.0001500    0.003000    0.002000
1982  10  15  45257  -0.020622   0.075778   0.4162802   0.0025740   0.000000   0.000000   0.002000   0.002000  0.0004000  0.0001500    0.003000    0.002000
1982  10  16  45258  -0.023921   0.076479   0.4137041   0.0025750   0.000000   0.000000   0.002000   0.002000  0.0004000  0.0001500    0.003000    0.002000
1982  10  17  45259  -0.027221   0.077079   0.4111691   0.0024920   0.000000   0.000000   0.002000   0.002000  0.0004000  0.0001500    0.003000    0.002000
1982  10  18  45260  -0.030521   0.077779   0.4087511   0.0023460   0.000000   0.000000   0.002000   0.002000  0.0004000  0.0001500    0.003000    0.002000
1982  10  19  45261  -0.033720   0.078480   0.4064881   0.0021660   0.000000   0.000000   0.002000   0.002000  0.0004000  0.0001500    0.003000    0.002000
1982  10  20  45262  -0.036920   0.079180   0.4044101   0.0019930   0.000000   0.000000   0.002000   0.002000  0.0004000  0.0001500    0.003000    0.002000
1982  10  21  45263  -0.040020   0.079880   0.4024940   0.0018630   0.000000   0.000000   0.002000   0.002000  0.0004000  0.0001500    0.003000    0.002000
1982  10  22  45264  -0.043120   0.080680   0.4006790   0.0017760   0.000000   0.000000   0.002000   0.002000  0.0004000  0.0001500    0.003000    0.002000
1982  10  23  45265  -0.046219   0.081381   0.3989230   0.0017450   0.000000   0.000000   0.002000   0.002000  0.0004000  0.0001500    0.003000    0.002000
1982  10  24  45266  -0.049319   0.082181   0.3971590   0.0017850   0.000000   0.000000   0.002000   0.002000  0.0004000  0.0001500    0.003000    0.002000
1982  10  25  45267  -0.052319   0.082981   0.3953340   0.0018830   0.000000   0.000000   0.002000   0.002000  0.0004000  0.0001500    0.003000    0.002000
1982  10  26  45268  -0.055319   0.083781   0.3933879   0.0020200   0.000000   0.000000   0.002000   0.002000  0.0004000  0.0001500    0.003000    0.002000
1982  10  27  45269  -0.058318   0.084682   0.3912819   0.0021830   0.000000   0.000000   0.002000   0.002000  0.0004000  0.0001500    0.003000    0.002000
1982  10  28  45270  -0.061218   0.085582   0.3890029   0.0023580   0.000000   0.000000   0.002000   0.002000  0.0004000  0.0001500    0.003000    0.002000
1982  10  29  45271  -0.064218   0.086482   0.3865669   0.0025110   0.000000   0.000000   0.002000   0.002000  0.0004000  0.0001500    0.003000    0.002000
1982  10  30  45272  -0.067217   0.087583   0.3839829   0.0026420   0.000000   0.000000   0.002000   0.002000  0.0004000  0.0001500    0.003000    0.002000
1982  10  31  45273  -0.070217   0.088683   0.3812958   0.0027160   0.000000   0.000000   0.002000   0.002000  0.0004000  0.0001500    0.003000    0.002000
1982  11   1  45274  -0.073317   0.089983   0.3785808   0.0026880   0.000000   0.000000   0.002000   0.002000  0.0004000  0.0001500    0.003000    0.002000
1982  11   2  45275  -0.076317   0.091283   0.3759418   0.0025760   0.000000   0.000000   0.002000   0.002000  0.0004000  0.0001500    0.003000    0.002000
1982  11   3  45276  -0.079416   0.092684   0.3734498   0.0024220   0.000000   0.000000   0.002000   0.002000  0.0004000  0.0001500    0.003000    0.002000
1982  11   4  45277  -0.082516   0.094084   0.3711118   0.0022570   0.000000   0.000000   0.002000   0.002000  0.0004000  0.0001500    0.003000    0.002000
1982  11   5  45278  -0.085716   0.095684   0.3689187   0.0021490   0.000000   0.000000   0.002000   0.002000  0.0004000  0.0001500    0.003000    0.002000
1982  11   6  45279  -0.088815   0.097385   0.3667837   0.0021280   0.000000   0.000000   0.002000   0.002000  0.0004000  0.0001500    0.003000    0.002000
1982  11   7  45280  -0.092015   0.099085   0.3646217   0.0022010   0.000000   0.000000   0.002000   0.002000  0.0004000  0.0001500    0.003000    0.002000
1982  11   8  45281  -0.095115   0.100885   0.3623557   0.0023390   0.000000   0.000000   0.002000   0.002000  0.0004000  0.0001500    0.003000    0.002000
1982  11   9  45282  -0.098215   0.102785   0.3599317   0.0025130   0.000000   0.000000   0.002000   0.002000  0.0004000  0.0001500    0.003000    0.002000
1982  11  10  45283  -0.101314   0.104686   0.3573327   0.0026800   0.000000   0.000000   0.002000   0.002000  0.0004000  0.0001500    0.003000    0.002000
1982  11  11  45284  -0.104314   0.106686   0.3545966   0.0027920   0.000000   0.000000   0.002000   0.002000  0.0004000  0.0001500    0.003000    0.002000
1982  11  12  45285  -0.107214   0.108786   0.3517816   0.0028240   0.000000   0.000000   0.002000   0.002000  0.0004000  0.0001500    0.003000    0.002000
1982  11  13  45286  -0.110014   0.110886   0.3489726   0.0027910   0.000000   0.000000   0.002000   0.002000  0.0004000  0.0001500    0.003000    0.002000
1982  11  14  45287  -0.112813   0.113087   0.3462226   0.0026820   0.000000   0.000000   0.002000   0.002000  0.0004000  0.0001500    0.003000    0.002000
1982  11  15  45288  -0.115613   0.115387   0.3436156   0.0025300   0.000000   0.000000   0.002000   0.002000  0.0004000  0.0001500    0.003000    0.002000
1982  11  16  45289  -0.118313   0.117587   0.3411785   0.0023620   0.000000   0.000000   0.002000   0.002000  0.0004000  0.0001500    0.003000    0.002000
1982  11  17  45290  -0.121012   0.119888   0.3388955   0.0022060   0.000000   0.000000   0.002000   0.002000  0.0004000  0.0001500    0.003000    0.002000
1982  11  18  45291  -0.123712   0.122188   0.3367545   0.0020830   0.000000   0.000000   0.002000   0.002000  0.0004000  0.0001500    0.003000    0.002000
1982  11  19  45292  -0.126312   0.124488   0.3347235   0.0020090   0.000000   0.000000   0.002000   0.002000  0.0004000  0.0001500    0.003000    0.002000
1982  11  20  45293  -0.129012   0.126888   0.3327175   0.0020040   0.000000   0.000000   0.002000   0.002000  0.0004000  0.0001500    0.003000    0.002000
1982  11  21  45294  -0.131711   0.129189   0.3306955   0.0020480   0.000000   0.000000   0.002000   0.002000  0.0004000  0.0001500    0.003000    0.002000
1982  11  22  45295  -0.134411   0.131489   0.3286035   0.0021450   0.000000   0.000000   0.002000   0.002000  0.0004000  0.0001500    0.003000    0.002000
1982  11  23  45296  -0.137111   0.133789   0.3263914   0.0022820   0.000000   0.000000   0.002000   0.002000  0.0004000  0.0001500    0.003000    0.002000
1982  11  24  45297  -0.139811   0.136089   0.3240304   0.0024440   0.000000   0.000000   0.002000   0.002000  0.0004000  0.0001500    0.003000    0.002000
1982  11  25  45298  -0.142510   0.138390   0.3215004   0.0026130   0.000000   0.000000   0.002000   0.002000  0.0004000  0.0001500    0.003000    0.002000
1982  11  26  45299  -0.145210   0.140690   0.3188184   0.0027580   0.000000   0.000000   0.002000   0.002000  0.0004000  0.0001500    0.003000    0.002000
1982  11  27  45300  -0.147910   0.143090   0.3159994   0.0028710   0.000000   0.000000   0.002000   0.002000  0.0004000  0.0001500    0.003000    0.002000
1982  11  28  45301  -0.150609   0.145391   0.3130994   0.0029100   0.000000   0.000000   0.002000   0.002000  0.0004000  0.0001500    0.003000    0.002000
1982  11  29  45302  -0.153209   0.147791   0.3102203   0.0028460   0.000000   0.000000   0.002000   0.002000  0.0004000  0.0001500    0.003000    0.002000
1982  11  30  45303  -0.155909   0.150191   0.3074373   0.0027080   0.000000   0.000000   0.002000   0.002000  0.0004000  0.0001500    0.003000    0.002000
1982  12   1  45304  -0.158509   0.152691   0.3048183   0.0025270   0.000000   0.000000   0.002000   0.002000  0.0004000  0.0001500    0.003000    0.002000
1982  12   2  45305  -0.161008   0.155192   0.3023773   0.0023640   0.000000   0.000000   0.002000   0.002000  0.0004000  0.0001500    0.003000    0.002000
1982  12   3  45306  -0.163508   0.157792   0.3000533   0.0022760   0.000000   0.000000   0.002000   0.002000  0.0004000  0.0001500    0.003000    0.002000
1982  12   4  45307  -0.166008   0.160592   0.2977793   0.0023000   0.000000   0.000000   0.002000   0.002000  0.0004000  0.0001500    0.003000    0.002000
1982  12   5  45308  -0.168308   0.163492   0.2954343   0.0024030   0.000000   0.000000   0.002000   0.002000  0.0004000  0.0001500    0.003000    0.002000
1982  12   6  45309  -0.170607   0.166593   0.2929492   0.0025640   0.000000   0.000000   0.002000   0.002000  0.0004000  0.0001500    0.003000    0.002000
1982  12   7  45310  -0.172807   0.169793   0.2903172   0.0027120   0.000000   0.000000   0.002000   0.002000  0.0004000  0.0001500    0.003000    0.002000
1982  12   8  45311  -0.174907   0.173193   0.2875402   0.0028240   0.000000   0.000000   0.002000   0.002000  0.0004000  0.0001500    0.003000    0.002000
1982  12   9  45312  -0.177006   0.176694   0.2846932   0.0028570   0.000000   0.000000   0.002000   0.002000  0.0004000  0.0001500    0.003000    0.002000
1982  12  10  45313  -0.179006   0.180194   0.2818502   0.0028270   0.000000   0.000000   0.002000   0.002000  0.0004000  0.0001500    0.003000    0.002000
1982  12  11  45314  -0.180906   0.183894   0.2790682   0.0027270   0.000000   0.000000   0.002000   0.002000  0.0004000  0.0001500    0.003000    0.002000
1982  12  12  45315  -0.182806   0.187694   0.2764102   0.0025940   0.000000   0.000000   0.002000   0.002000  0.0004000  0.0001500    0.003000    0.002000
1982  12  13  45316  -0.184505   0.191595   0.2738961   0.0024340   0.000000   0.000000   0.002000   0.002000  0.0004000  0.0001500    0.003000    0.002000
1982  12  14  45317  -0.186205   0.195595   0.2715421   0.0022880   0.000000   0.000000   0.002000   0.002000  0.0004000  0.0001500    0.003000    0.002000
1982  12  15  45318  -0.187805   0.199595   0.2693201   0.0021590   0.000000   0.000000   0.002000   0.002000  0.0004000  0.0001500    0.003000    0.002000
1982  12  16  45319  -0.189305   0.203595   0.2672101   0.0020710   0.000000   0.000000   0.002000   0.002000  0.0004000  0.0001500    0.003000    0.002000
1982  12  17  45320  -0.190804   0.207596   0.2651621   0.0020370   0.000000   0.000000   0.002000   0.002000  0.0004000  0.0001500    0.003000    0.002000
1982  12  18  45321  -0.192104   0.211696   0.2631171   0.0020600   0.000000   0.000000   0.002000   0.002000  0.0004000  0.0001500    0.003000    0.002000
1982  12  19  45322  -0.193304   0.215696   0.2610111   0.0021380   0.000000   0.000000   0.002000   0.002000  0.0004000  0.0001500    0.003000    0.002000
1982  12  20  45323  -0.194503   0.219697   0.2588171   0.0022590   0.000000   0.000000   0.002000   0.002000  0.0004000  0.0001500    0.003000    0.002000
1982  12  21  45324  -0.195603   0.223597   0.2564851   0.0024050   0.000000   0.000000   0.002000   0.002000  0.0004000  0.0001500    0.003000    0.002000
1982  12  22  45325  -0.196503   0.227397   0.2539940   0.0025610   0.000000   0.000000   0.002000   0.002000  0.0004000  0.0001500    0.003000    0.002000
1982  12  23  45326  -0.197403   0.230997   0.2513570   0.0027080   0.000000   0.000000   0.002000   0.002000  0.0004000  0.0001500    0.003000    0.002000
1982  12  24  45327  -0.198202   0.234598   0.2485770   0.0028380   0.000000   0.000000   0.002000   0.002000  0.0004000  0.0001500    0.003000    0.002000
1982  12  25  45328  -0.198902   0.237998   0.2457090   0.0029060   0.000000   0.000000   0.002000   0.002000  0.0004000  0.0001500    0.003000    0.002000
1982  12  26  45329  -0.199502   0.241398   0.2428000   0.0029010   0.000000   0.000000   0.002000   0.002000  0.0004000  0.0001500    0.003000    0.002000
1982  12  27  45330  -0.200102   0.244498   0.2399350   0.0028140   0.000000   0.000000   0.002000   0.002000  0.0004000  0.0001500    0.003000    0.002000
1982  12  28  45331  -0.200701   0.247599   0.2371910   0.0026660   0.000000   0.000000   0.002000   0.002000  0.0004000  0.0001500    0.003000    0.002000
1982  12  29  45332  -0.201301   0.250599   0.2346080   0.0025030   0.000000   0.000000   0.002000   0.002000  0.0004000  0.0001500    0.003000    0.002000
1982  12  30  45333  -0.201801   0.253399   0.2321700   0.0023890   0.000000   0.000000   0.002000   0.002000  0.0004000  0.0001500    0.003000    0.002000
1982  12  31  45334  -0.202300   0.256100   0.2298089   0.0023600   0.000000   0.000000   0.002000   0.002000  0.0004000  0.0001500    0.003000    0.002000
