

                   INTERNATIONAL EARTH ROTATION SERVICE
                        EARTH ROTATION PARAMETERS
                          EOP (IERS) C04

  
             FORMAT(3(I4),I7,2(F11.6),2(F12.7),2(F12.6),2(F11.6),2(F12.7),2F12.6)
**********************************************************************************
  
      Date      MJD      x          y        UT1-UTC       LOD         dX        dY        x Err     y Err   UT1-UTC Err  Lod Err     dY Err       dY Err  
                         "          "           s           s          "         "           "          "          s         s            "           "
     (0h UTC)

1983   1   1  45335  -0.202900   0.258900   0.2274139   0.0024463   0.000000   0.000000   0.002000   0.002000  0.0004000  0.0001500    0.003000    0.002000
1983   1   2  45336  -0.203600   0.261700   0.2248920   0.0026048   0.000000   0.000000   0.002000   0.002000  0.0004000  0.0001500    0.003000    0.002000
1983   1   3  45337  -0.204300   0.264600   0.2221998   0.0027665   0.000000   0.000000   0.002000   0.002000  0.0004000  0.0001500    0.003000    0.002000
1983   1   4  45338  -0.204999   0.267501   0.2193742   0.0028935   0.000000   0.000000   0.002000   0.002000  0.0004000  0.0001500    0.003000    0.002000
1983   1   5  45339  -0.205799   0.270501   0.2164497   0.0029306   0.000000   0.000000   0.002000   0.002000  0.0004000  0.0001500    0.003000    0.002000
1983   1   6  45340  -0.206699   0.273501   0.2135318   0.0028918   0.000000   0.000000   0.002000   0.002000  0.0004000  0.0001500    0.003000    0.002000
1983   1   7  45341  -0.207499   0.276701   0.2106995   0.0027831   0.000000   0.000000   0.002000   0.002000  0.0004000  0.0001500    0.003000    0.002000
1983   1   8  45342  -0.208298   0.279902   0.2079900   0.0026310   0.000000   0.000000   0.002000   0.002000  0.0004000  0.0001500    0.003000    0.002000
1983   1   9  45343  -0.208998   0.283102   0.2054331   0.0024722   0.000000   0.000000   0.002000   0.002000  0.0004000  0.0001500    0.003000    0.002000
1983   1  10  45344  -0.209598   0.286502   0.2030334   0.0023300   0.000000   0.000000   0.002000   0.002000  0.0004000  0.0001500    0.003000    0.002000
1983   1  11  45345  -0.210097   0.289903   0.2007747   0.0022029   0.000000   0.000000   0.002000   0.002000  0.0004000  0.0001500    0.003000    0.002000
1983   1  12  45346  -0.210597   0.293403   0.1986043   0.0021456   0.000000   0.000000   0.002000   0.002000  0.0004000  0.0001500    0.003000    0.002000
1983   1  13  45347  -0.210897   0.296903   0.1964667   0.0021487   0.000000   0.000000   0.002000   0.002000  0.0004000  0.0001500    0.003000    0.002000
1983   1  14  45348  -0.210997   0.300603   0.1942883   0.0022175   0.000000   0.000000   0.002000   0.002000  0.0004000  0.0001500    0.003000    0.002000
1983   1  15  45349  -0.210996   0.304304   0.1920135   0.0023408   0.000000   0.000000   0.002000   0.002000  0.0004000  0.0001500    0.003000    0.002000
1983   1  16  45350  -0.210896   0.308004   0.1895914   0.0025097   0.000000   0.000000   0.002000   0.002000  0.0004000  0.0001500    0.003000    0.002000
1983   1  17  45351  -0.210696   0.311804   0.1869842   0.0027080   0.000000   0.000000   0.002000   0.002000  0.0004000  0.0001500    0.003000    0.002000
1983   1  18  45352  -0.210296   0.315604   0.1841722   0.0029159   0.000000   0.000000   0.002000   0.002000  0.0004000  0.0001500    0.003000    0.002000
1983   1  19  45353  -0.209695   0.319405   0.1811458   0.0031036   0.000000   0.000000   0.002000   0.002000  0.0004000  0.0001500    0.003000    0.002000
1983   1  20  45354  -0.209095   0.323305   0.1779643   0.0032536   0.000000   0.000000   0.002000   0.002000  0.0004000  0.0001500    0.003000    0.002000
1983   1  21  45355  -0.208295   0.327205   0.1746630   0.0033404   0.000000   0.000000   0.002000   0.002000  0.0004000  0.0001500    0.003000    0.002000
1983   1  22  45356  -0.207494   0.331106   0.1712927   0.0033797   0.000000   0.000000   0.002000   0.002000  0.0004000  0.0001500    0.003000    0.002000
1983   1  23  45357  -0.206594   0.334906   0.1679259   0.0033529   0.000000   0.000000   0.002000   0.002000  0.0004000  0.0001500    0.003000    0.002000
1983   1  24  45358  -0.205594   0.338706   0.1646172   0.0032463   0.000000   0.000000   0.002000   0.002000  0.0004000  0.0001500    0.003000    0.002000
1983   1  25  45359  -0.204594   0.342506   0.1614335   0.0031099   0.000000   0.000000   0.002000   0.002000  0.0004000  0.0001500    0.003000    0.002000
1983   1  26  45360  -0.203493   0.346207   0.1583904   0.0029847   0.000000   0.000000   0.002000   0.002000  0.0004000  0.0001500    0.003000    0.002000
1983   1  27  45361  -0.202393   0.349907   0.1554486   0.0029252   0.000000   0.000000   0.002000   0.002000  0.0004000  0.0001500    0.003000    0.002000
1983   1  28  45362  -0.201193   0.353607   0.1525037   0.0029729   0.000000   0.000000   0.002000   0.002000  0.0004000  0.0001500    0.003000    0.002000
1983   1  29  45363  -0.199893   0.357307   0.1494700   0.0031174   0.000000   0.000000   0.002000   0.002000  0.0004000  0.0001500    0.003000    0.002000
1983   1  30  45364  -0.198692   0.360908   0.1462532   0.0033080   0.000000   0.000000   0.002000   0.002000  0.0004000  0.0001500    0.003000    0.002000
1983   1  31  45365  -0.197392   0.364508   0.1428617   0.0034757   0.000000   0.000000   0.002000   0.002000  0.0004000  0.0001500    0.003000    0.002000
1983   2   1  45366  -0.195992   0.368108   0.1393290   0.0035632   0.000000   0.000000   0.002000   0.002000  0.0004000  0.0001500    0.003000    0.002000
1983   2   2  45367  -0.194691   0.371609   0.1357705   0.0035361   0.000000   0.000000   0.002000   0.002000  0.0004000  0.0001500    0.003000    0.002000
1983   2   3  45368  -0.193491   0.375109   0.1322885   0.0034244   0.000000   0.000000   0.002000   0.002000  0.0004000  0.0001500    0.003000    0.002000
1983   2   4  45369  -0.192011   0.378489   0.1289596   0.0032312   0.000000   0.000000   0.002000   0.002000  0.0004000  0.0001500    0.003000    0.002000
1983   2   5  45370  -0.190281   0.381799   0.1258336   0.0030265   0.000000   0.000000   0.002000   0.002000  0.0004000  0.0001500    0.003000    0.002000
1983   2   6  45371  -0.188530   0.385050   0.1229055   0.0028417   0.000000   0.000000   0.002000   0.002000  0.0004000  0.0001500    0.003000    0.002000
1983   2   7  45372  -0.187210   0.388300   0.1201407   0.0027138   0.000000   0.000000   0.002000   0.002000  0.0004000  0.0001500    0.003000    0.002000
1983   2   8  45373  -0.186400   0.391610   0.1175005   0.0025797   0.000000   0.000000   0.002000   0.002000  0.0004000  0.0001500    0.003000    0.002000
1983   2   9  45374  -0.185839   0.394781   0.1149700   0.0024856   0.000000   0.000000   0.002000   0.002000  0.0004000  0.0001500    0.003000    0.002000
1983   2  10  45375  -0.185199   0.397891   0.1125113   0.0024393   0.000000   0.000000   0.002000   0.002000  0.0004000  0.0001500    0.003000    0.002000
1983   2  11  45376  -0.184289   0.401061   0.1100726   0.0024479   0.000000   0.000000   0.002000   0.002000  0.0004000  0.0001500    0.003000    0.002000
1983   2  12  45377  -0.183029   0.404401   0.1075981   0.0025093   0.000000   0.000000   0.002000   0.002000  0.0004000  0.0001500    0.003000    0.002000
1983   2  13  45378  -0.181618   0.407942   0.1050423   0.0026086   0.000000   0.000000   0.002000   0.002000  0.0004000  0.0001500    0.003000    0.002000
1983   2  14  45379  -0.180218   0.411662   0.1023750   0.0027277   0.000000   0.000000   0.002000   0.002000  0.0004000  0.0001500    0.003000    0.002000
1983   2  15  45380  -0.178908   0.415442   0.0995907   0.0028415   0.000000   0.000000   0.002000   0.002000  0.0004000  0.0001500    0.003000    0.002000
1983   2  16  45381  -0.177608   0.419162   0.0967034   0.0029353   0.000000   0.000000   0.002000   0.002000  0.0004000  0.0001500    0.003000    0.002000
1983   2  17  45382  -0.176317   0.422683   0.0937352   0.0030028   0.000000   0.000000   0.002000   0.002000  0.0004000  0.0001500    0.003000    0.002000
1983   2  18  45383  -0.175067   0.426003   0.0907174   0.0030316   0.000000   0.000000   0.002000   0.002000  0.0004000  0.0001500    0.003000    0.002000
1983   2  19  45384  -0.173927   0.429183   0.0876923   0.0030148   0.000000   0.000000   0.002000   0.002000  0.0004000  0.0001500    0.003000    0.002000
1983   2  20  45385  -0.172916   0.432374   0.0847063   0.0029469   0.000000   0.000000   0.002000   0.002000  0.0004000  0.0001500    0.003000    0.002000
1983   2  21  45386  -0.171886   0.435494   0.0818097   0.0028472   0.000000   0.000000   0.002000   0.002000  0.0004000  0.0001500    0.003000    0.002000
1983   2  22  45387  -0.170716   0.438474   0.0790093   0.0027589   0.000000   0.000000   0.002000   0.002000  0.0004000  0.0001500    0.003000    0.002000
1983   2  23  45388  -0.169096   0.441194   0.0762733   0.0027231   0.000000   0.000000   0.002000   0.002000  0.0004000  0.0001500    0.003000    0.002000
1983   2  24  45389  -0.166965   0.443665   0.0735310   0.0027793   0.000000   0.000000   0.002000   0.002000  0.0004000  0.0001500    0.003000    0.002000
1983   2  25  45390  -0.164705   0.446165   0.0706779   0.0029386   0.000000   0.000000   0.002000   0.002000  0.0004000  0.0001500    0.003000    0.002000
1983   2  26  45391  -0.162465   0.449105   0.0676288   0.0031680   0.000000   0.000000   0.002000   0.002000  0.0004000  0.0001500    0.003000    0.002000
1983   2  27  45392  -0.160365   0.452315   0.0643376   0.0034109   0.000000   0.000000   0.002000   0.002000  0.0004000  0.0001500    0.003000    0.002000
1983   2  28  45393  -0.158474   0.455496   0.0608254   0.0035992   0.000000   0.000000   0.002000   0.002000  0.0004000  0.0001500    0.003000    0.002000
1983   3   1  45394  -0.156974   0.458516   0.0571754   0.0036714   0.000000   0.000000   0.002000   0.002000  0.0004000  0.0001500    0.003000    0.002000
1983   3   2  45395  -0.155894   0.461536   0.0535217   0.0036007   0.000000   0.000000   0.002000   0.002000  0.0004000  0.0001500    0.003000    0.002000
1983   3   3  45396  -0.155253   0.464737   0.0500042   0.0034090   0.000000   0.000000   0.002000   0.002000  0.0004000  0.0001500    0.003000    0.002000
1983   3   4  45397  -0.154953   0.468177   0.0467206   0.0031565   0.000000   0.000000   0.002000   0.002000  0.0004000  0.0001500    0.003000    0.002000
1983   3   5  45398  -0.154413   0.471767   0.0436929   0.0029006   0.000000   0.000000   0.002000   0.002000  0.0004000  0.0001500    0.003000    0.002000
1983   3   6  45399  -0.153143   0.475227   0.0409113   0.0026697   0.000000   0.000000   0.002000   0.002000  0.0004000  0.0001500    0.003000    0.002000
1983   3   7  45400  -0.150992   0.478398   0.0383385   0.0024904   0.000000   0.000000   0.002000   0.002000  0.0004000  0.0001500    0.003000    0.002000
1983   3   8  45401  -0.148142   0.481308   0.0359107   0.0023821   0.000000   0.000000   0.002000   0.002000  0.0004000  0.0001500    0.003000    0.002000
1983   3   9  45402  -0.144642   0.483888   0.0335549   0.0023546   0.000000   0.000000   0.002000   0.002000  0.0004000  0.0001500    0.003000    0.002000
1983   3  10  45403  -0.141102   0.486308   0.0311825   0.0024068   0.000000   0.000000   0.002000   0.002000  0.0004000  0.0001500    0.003000    0.002000
1983   3  11  45404  -0.137931   0.488659   0.0287226   0.0025209   0.000000   0.000000   0.002000   0.002000  0.0004000  0.0001500    0.003000    0.002000
1983   3  12  45405  -0.135201   0.491139   0.0261271   0.0026786   0.000000   0.000000   0.002000   0.002000  0.0004000  0.0001500    0.003000    0.002000
1983   3  13  45406  -0.132881   0.493769   0.0233586   0.0028554   0.000000   0.000000   0.002000   0.002000  0.0004000  0.0001500    0.003000    0.002000
1983   3  14  45407  -0.130630   0.496500   0.0204153   0.0030244   0.000000   0.000000   0.002000   0.002000  0.0004000  0.0001500    0.003000    0.002000
1983   3  15  45408  -0.128350   0.499230   0.0173195   0.0031627   0.000000   0.000000   0.002000   0.002000  0.0004000  0.0001500    0.003000    0.002000
1983   3  16  45409  -0.125910   0.501930   0.0141076   0.0032470   0.000000   0.000000   0.002000   0.002000  0.0004000  0.0001500    0.003000    0.002000
1983   3  17  45410  -0.123120   0.504490   0.0108470   0.0032622   0.000000   0.000000   0.002000   0.002000  0.0004000  0.0001500    0.003000    0.002000
1983   3  18  45411  -0.120009   0.506961   0.0076067   0.0031972   0.000000   0.000000   0.002000   0.002000  0.0004000  0.0001500    0.003000    0.002000
1983   3  19  45412  -0.116689   0.509381   0.0044712   0.0030711   0.000000   0.000000   0.002000   0.002000  0.0004000  0.0001500    0.003000    0.002000
1983   3  20  45413  -0.113149   0.511721   0.0014743   0.0029183   0.000000   0.000000   0.002000   0.002000  0.0004000  0.0001500    0.003000    0.002000
1983   3  21  45414  -0.109469   0.514031  -0.0013681   0.0027737   0.000000   0.000000   0.002000   0.002000  0.0004000  0.0001500    0.003000    0.002000
1983   3  22  45415  -0.105658   0.516402  -0.0040875   0.0026802   0.000000   0.000000   0.002000   0.002000  0.0004000  0.0001500    0.003000    0.002000
1983   3  23  45416  -0.101798   0.518912  -0.0067561   0.0026729   0.000000   0.000000   0.002000   0.002000  0.0004000  0.0001500    0.003000    0.002000
1983   3  24  45417  -0.097968   0.521572  -0.0094672   0.0027641   0.000000   0.000000   0.002000   0.002000  0.0004000  0.0001500    0.003000    0.002000
1983   3  25  45418  -0.094207   0.524353  -0.0123155   0.0029438   0.000000   0.000000   0.002000   0.002000  0.0004000  0.0001500    0.003000    0.002000
1983   3  26  45419  -0.090457   0.527233  -0.0153706   0.0031681   0.000000   0.000000   0.002000   0.002000  0.0004000  0.0001500    0.003000    0.002000
1983   3  27  45420  -0.086567   0.530053  -0.0186451   0.0033697   0.000000   0.000000   0.002000   0.002000  0.0004000  0.0001500    0.003000    0.002000
1983   3  28  45421  -0.082337   0.532673  -0.0220837   0.0034975   0.000000   0.000000   0.002000   0.002000  0.0004000  0.0001500    0.003000    0.002000
1983   3  29  45422  -0.077866   0.534994  -0.0256019   0.0035220   0.000000   0.000000   0.002000   0.002000  0.0004000  0.0001500    0.003000    0.002000
1983   3  30  45423  -0.073246   0.536874  -0.0290900   0.0034385   0.000000   0.000000   0.002000   0.002000  0.0004000  0.0001500    0.003000    0.002000
1983   3  31  45424  -0.068696   0.538134  -0.0324519   0.0032737   0.000000   0.000000   0.002000   0.002000  0.0004000  0.0001500    0.003000    0.002000
1983   4   1  45425  -0.064226   0.539034  -0.0356268   0.0030732   0.000000   0.000000   0.002000   0.002000  0.0004000  0.0001500    0.003000    0.002000
1983   4   2  45426  -0.059975   0.540355  -0.0385999   0.0028764   0.000000   0.000000   0.002000   0.002000  0.0004000  0.0001500    0.003000    0.002000
1983   4   3  45427  -0.055945   0.542105  -0.0413914   0.0027088   0.000000   0.000000   0.002000   0.002000  0.0004000  0.0001500    0.003000    0.002000
1983   4   4  45428  -0.052045   0.544015  -0.0440363   0.0025902   0.000000   0.000000   0.002000   0.002000  0.0004000  0.0001500    0.003000    0.002000
1983   4   5  45429  -0.048214   0.546036  -0.0465923   0.0025317   0.000000   0.000000   0.002000   0.002000  0.0004000  0.0001500    0.003000    0.002000
1983   4   6  45430  -0.044434   0.548066  -0.0491202   0.0025306   0.000000   0.000000   0.002000   0.002000  0.0004000  0.0001500    0.003000    0.002000
1983   4   7  45431  -0.040674   0.549966  -0.0516738   0.0025784   0.000000   0.000000   0.002000   0.002000  0.0004000  0.0001500    0.003000    0.002000
1983   4   8  45432  -0.036764   0.551656  -0.0542924   0.0026533   0.000000   0.000000   0.002000   0.002000  0.0004000  0.0001500    0.003000    0.002000
1983   4   9  45433  -0.032673   0.552987  -0.0569893   0.0027479   0.000000   0.000000   0.002000   0.002000  0.0004000  0.0001500    0.003000    0.002000
1983   4  10  45434  -0.028333   0.554047  -0.0597917   0.0028638   0.000000   0.000000   0.002000   0.002000  0.0004000  0.0001500    0.003000    0.002000
1983   4  11  45435  -0.023623   0.554877  -0.0627125   0.0029743   0.000000   0.000000   0.002000   0.002000  0.0004000  0.0001500    0.003000    0.002000
1983   4  12  45436  -0.018503   0.555547  -0.0657270   0.0030608   0.000000   0.000000   0.002000   0.002000  0.0004000  0.0001500    0.003000    0.002000
1983   4  13  45437  -0.013272   0.556238  -0.0688113   0.0031033   0.000000   0.000000   0.002000   0.002000  0.0004000  0.0001500    0.003000    0.002000
1983   4  14  45438  -0.008162   0.557018  -0.0719069   0.0030764   0.000000   0.000000   0.002000   0.002000  0.0004000  0.0001500    0.003000    0.002000
1983   4  15  45439  -0.003242   0.557868  -0.0749399   0.0029779   0.000000   0.000000   0.002000   0.002000  0.0004000  0.0001500    0.003000    0.002000
1983   4  16  45440   0.001369   0.558809  -0.0778466   0.0028367   0.000000   0.000000   0.002000   0.002000  0.0004000  0.0001500    0.003000    0.002000
1983   4  17  45441   0.005649   0.559769  -0.0806106   0.0026962   0.000000   0.000000   0.002000   0.002000  0.0004000  0.0001500    0.003000    0.002000
1983   4  18  45442   0.009589   0.560539  -0.0832528   0.0025837   0.000000   0.000000   0.002000   0.002000  0.0004000  0.0001500    0.003000    0.002000
1983   4  19  45443   0.013229   0.561069  -0.0858050   0.0025208   0.000000   0.000000   0.002000   0.002000  0.0004000  0.0001500    0.003000    0.002000
1983   4  20  45444   0.016670   0.561290  -0.0883266   0.0025315   0.000000   0.000000   0.002000   0.002000  0.0004000  0.0001500    0.003000    0.002000
1983   4  21  45445   0.020150   0.561220  -0.0908989   0.0026280   0.000000   0.000000   0.002000   0.002000  0.0004000  0.0001500    0.003000    0.002000
1983   4  22  45446   0.023750   0.560910  -0.0936029   0.0027829   0.000000   0.000000   0.002000   0.002000  0.0004000  0.0001500    0.003000    0.002000
1983   4  23  45447   0.027640   0.560570  -0.0964682   0.0029463   0.000000   0.000000   0.002000   0.002000  0.0004000  0.0001500    0.003000    0.002000
1983   4  24  45448   0.031801   0.560291  -0.0994786   0.0030672   0.000000   0.000000   0.002000   0.002000  0.0004000  0.0001500    0.003000    0.002000
1983   4  25  45449   0.036011   0.559991  -0.1025721   0.0031065   0.000000   0.000000   0.002000   0.002000  0.0004000  0.0001500    0.003000    0.002000
1983   4  26  45450   0.040231   0.559661  -0.1056543   0.0030512   0.000000   0.000000   0.002000   0.002000  0.0004000  0.0001500    0.003000    0.002000
1983   4  27  45451   0.044362   0.559392  -0.1086421   0.0029082   0.000000   0.000000   0.002000   0.002000  0.0004000  0.0001500    0.003000    0.002000
1983   4  28  45452   0.048262   0.559182  -0.1114512   0.0026951   0.000000   0.000000   0.002000   0.002000  0.0004000  0.0001500    0.003000    0.002000
1983   4  29  45453   0.052082   0.558962  -0.1140275   0.0024445   0.000000   0.000000   0.002000   0.002000  0.0004000  0.0001500    0.003000    0.002000
1983   4  30  45454   0.055932   0.558792  -0.1163480   0.0022149   0.000000   0.000000   0.002000   0.002000  0.0004000  0.0001500    0.003000    0.002000
1983   5   1  45455   0.059723   0.558613  -0.1184737   0.0020511   0.000000   0.000000   0.002000   0.002000  0.0004000  0.0001500    0.003000    0.002000
1983   5   2  45456   0.063483   0.558413  -0.1204711   0.0019628   0.000000   0.000000   0.002000   0.002000  0.0004000  0.0001500    0.003000    0.002000
1983   5   3  45457   0.067173   0.558073  -0.1224207   0.0019583   0.000000   0.000000   0.002000   0.002000  0.0004000  0.0001500    0.003000    0.002000
1983   5   4  45458   0.070714   0.557554  -0.1244086   0.0020103   0.000000   0.000000   0.002000   0.002000  0.0004000  0.0001500    0.003000    0.002000
1983   5   5  45459   0.074124   0.556904  -0.1264583   0.0020884   0.000000   0.000000   0.002000   0.002000  0.0004000  0.0001500    0.003000    0.002000
1983   5   6  45460   0.077494   0.556104  -0.1285981   0.0022016   0.000000   0.000000   0.002000   0.002000  0.0004000  0.0001500    0.003000    0.002000
1983   5   7  45461   0.080834   0.555144  -0.1308660   0.0023403   0.000000   0.000000   0.002000   0.002000  0.0004000  0.0001500    0.003000    0.002000
1983   5   8  45462   0.084365   0.554225  -0.1332768   0.0024890   0.000000   0.000000   0.002000   0.002000  0.0004000  0.0001500    0.003000    0.002000
1983   5   9  45463   0.088285   0.553445  -0.1358366   0.0026293   0.000000   0.000000   0.002000   0.002000  0.0004000  0.0001500    0.003000    0.002000
1983   5  10  45464   0.092535   0.552685  -0.1385196   0.0027322   0.000000   0.000000   0.002000   0.002000  0.0004000  0.0001500    0.003000    0.002000
1983   5  11  45465   0.097075   0.551955  -0.1412763   0.0027786   0.000000   0.000000   0.002000   0.002000  0.0004000  0.0001500    0.003000    0.002000
1983   5  12  45466   0.101556   0.551046  -0.1440478   0.0027480   0.000000   0.000000   0.002000   0.002000  0.0004000  0.0001500    0.003000    0.002000
1983   5  13  45467   0.105996   0.549976  -0.1467500   0.0026396   0.000000   0.000000   0.002000   0.002000  0.0004000  0.0001500    0.003000    0.002000
1983   5  14  45468   0.110396   0.548896  -0.1493171   0.0024932   0.000000   0.000000   0.002000   0.002000  0.0004000  0.0001500    0.003000    0.002000
1983   5  15  45469   0.114747   0.547907  -0.1517448   0.0023597   0.000000   0.000000   0.002000   0.002000  0.0004000  0.0001500    0.003000    0.002000
1983   5  16  45470   0.119037   0.546907  -0.1540603   0.0022797   0.000000   0.000000   0.002000   0.002000  0.0004000  0.0001500    0.003000    0.002000
1983   5  17  45471   0.123267   0.545927  -0.1563364   0.0022734   0.000000   0.000000   0.002000   0.002000  0.0004000  0.0001500    0.003000    0.002000
1983   5  18  45472   0.127387   0.545037  -0.1586395   0.0023433   0.000000   0.000000   0.002000   0.002000  0.0004000  0.0001500    0.003000    0.002000
1983   5  19  45473   0.131498   0.544218  -0.1610444   0.0024749   0.000000   0.000000   0.002000   0.002000  0.0004000  0.0001500    0.003000    0.002000
1983   5  20  45474   0.135688   0.543378  -0.1635937   0.0026168   0.000000   0.000000   0.002000   0.002000  0.0004000  0.0001500    0.003000    0.002000
1983   5  21  45475   0.140008   0.542298  -0.1662661   0.0027254   0.000000   0.000000   0.002000   0.002000  0.0004000  0.0001500    0.003000    0.002000
1983   5  22  45476   0.144378   0.540928  -0.1690196   0.0027742   0.000000   0.000000   0.002000   0.002000  0.0004000  0.0001500    0.003000    0.002000
1983   5  23  45477   0.148809   0.539329  -0.1717842   0.0027462   0.000000   0.000000   0.002000   0.002000  0.0004000  0.0001500    0.003000    0.002000
1983   5  24  45478   0.153249   0.537449  -0.1744822   0.0026483   0.000000   0.000000   0.002000   0.002000  0.0004000  0.0001500    0.003000    0.002000
1983   5  25  45479   0.157549   0.535199  -0.1770601   0.0024834   0.000000   0.000000   0.002000   0.002000  0.0004000  0.0001500    0.003000    0.002000
1983   5  26  45480   0.161710   0.532770  -0.1794382   0.0022663   0.000000   0.000000   0.002000   0.002000  0.0004000  0.0001500    0.003000    0.002000
1983   5  27  45481   0.165730   0.530200  -0.1815952   0.0020547   0.000000   0.000000   0.002000   0.002000  0.0004000  0.0001500    0.003000    0.002000
1983   5  28  45482   0.169640   0.527600  -0.1835600   0.0018881   0.000000   0.000000   0.002000   0.002000  0.0004000  0.0001500    0.003000    0.002000
1983   5  29  45483   0.173250   0.525260  -0.1853901   0.0017825   0.000000   0.000000   0.002000   0.002000  0.0004000  0.0001500    0.003000    0.002000
1983   5  30  45484   0.176631   0.523041  -0.1871457   0.0017367   0.000000   0.000000   0.002000   0.002000  0.0004000  0.0001500    0.003000    0.002000
1983   5  31  45485   0.179901   0.520811  -0.1888850   0.0017562   0.000000   0.000000   0.002000   0.002000  0.0004000  0.0001500    0.003000    0.002000
1983   6   1  45486   0.183151   0.518481  -0.1906756   0.0018391   0.000000   0.000000   0.002000   0.002000  0.0004000  0.0001500    0.003000    0.002000
1983   6   2  45487   0.186571   0.515911  -0.1925776   0.0019650   0.000000   0.000000   0.002000   0.002000  0.0004000  0.0001500    0.003000    0.002000
1983   6   3  45488   0.189962   0.513212  -0.1946124   0.0021005   0.000000   0.000000   0.002000   0.002000  0.0004000  0.0001500    0.003000    0.002000
1983   6   4  45489   0.193262   0.510282  -0.1967801   0.0022276   0.000000   0.000000   0.002000   0.002000  0.0004000  0.0001500    0.003000    0.002000
1983   6   5  45490   0.196442   0.507142  -0.1990622   0.0023382   0.000000   0.000000   0.002000   0.002000  0.0004000  0.0001500    0.003000    0.002000
1983   6   6  45491   0.199323   0.503963  -0.2014437   0.0024212   0.000000   0.000000   0.002000   0.002000  0.0004000  0.0001500    0.003000    0.002000
1983   6   7  45492   0.201803   0.500843  -0.2038866   0.0024535   0.000000   0.000000   0.002000   0.002000  0.0004000  0.0001500    0.003000    0.002000
1983   6   8  45493   0.203753   0.497873  -0.2063268   0.0024205   0.000000   0.000000   0.002000   0.002000  0.0004000  0.0001500    0.003000    0.002000
1983   6   9  45494   0.205573   0.494933  -0.2087029   0.0023220   0.000000   0.000000   0.002000   0.002000  0.0004000  0.0001500    0.003000    0.002000
1983   6  10  45495   0.207534   0.491944  -0.2109519   0.0021748   0.000000   0.000000   0.002000   0.002000  0.0004000  0.0001500    0.003000    0.002000
1983   6  11  45496   0.209904   0.488734  -0.2130523   0.0020225   0.000000   0.000000   0.002000   0.002000  0.0004000  0.0001500    0.003000    0.002000
1983   6  12  45497   0.212724   0.485454  -0.2150155   0.0019149   0.000000   0.000000   0.002000   0.002000  0.0004000  0.0001500    0.003000    0.002000
1983   6  13  45498   0.215994   0.482224  -0.2169154   0.0019022   0.000000   0.000000   0.002000   0.002000  0.0004000  0.0001500    0.003000    0.002000
1983   6  14  45499   0.219655   0.479175  -0.2188550   0.0019873   0.000000   0.000000   0.002000   0.002000  0.0004000  0.0001500    0.003000    0.002000
1983   6  15  45500   0.223475   0.476435  -0.2209165   0.0021373   0.000000   0.000000   0.002000   0.002000  0.0004000  0.0001500    0.003000    0.002000
1983   6  16  45501   0.227245   0.473995  -0.2231365   0.0023014   0.000000   0.000000   0.002000   0.002000  0.0004000  0.0001500    0.003000    0.002000
1983   6  17  45502   0.230716   0.471776  -0.2255070   0.0024257   0.000000   0.000000   0.002000   0.002000  0.0004000  0.0001500    0.003000    0.002000
1983   6  18  45503   0.233946   0.469556  -0.2279622   0.0024718   0.000000   0.000000   0.002000   0.002000  0.0004000  0.0001500    0.003000    0.002000
1983   6  19  45504   0.236956   0.467116  -0.2304195   0.0024277   0.000000   0.000000   0.002000   0.002000  0.0004000  0.0001500    0.003000    0.002000
1983   6  20  45505   0.239676   0.464156  -0.2327899   0.0023014   0.000000   0.000000   0.002000   0.002000  0.0004000  0.0001500    0.003000    0.002000
1983   6  21  45506   0.242327   0.460927  -0.2350016   0.0021152   0.000000   0.000000   0.002000   0.002000  0.0004000  0.0001500    0.003000    0.002000
1983   6  22  45507   0.245017   0.457487  -0.2370091   0.0018954   0.000000   0.000000   0.002000   0.002000  0.0004000  0.0001500    0.003000    0.002000
1983   6  23  45508   0.247827   0.454067  -0.2387940   0.0016741   0.000000   0.000000   0.002000   0.002000  0.0004000  0.0001500    0.003000    0.002000
1983   6  24  45509   0.250617   0.450737  -0.2403662   0.0014800   0.000000   0.000000   0.002000   0.002000  0.0004000  0.0001500    0.003000    0.002000
1983   6  25  45510   0.253158   0.447708  -0.2417704   0.0013387   0.000000   0.000000   0.002000   0.002000  0.0004000  0.0001500    0.003000    0.002000
1983   6  26  45511   0.255388   0.444878  -0.2430647   0.0012585   0.000000   0.000000   0.002000   0.002000  0.0004000  0.0001500    0.003000    0.002000
1983   6  27  45512   0.257458   0.442008  -0.2443083   0.0012370   0.000000   0.000000   0.002000   0.002000  0.0004000  0.0001500    0.003000    0.002000
1983   6  28  45513   0.259469   0.438959  -0.2455579   0.0012679   0.000000   0.000000   0.002000   0.002000  0.0004000  0.0001500    0.003000    0.002000
1983   6  29  45514   0.261489   0.435499  -0.2468588   0.0013250   0.000000   0.000000   0.002000   0.002000  0.0004000  0.0001500    0.003000    0.002000
1983   6  30  45515   0.263519   0.431689  -0.2482162   0.0013972   0.000000   0.000000   0.002000   0.002000  0.0004000  0.0001500    0.003000    0.002000
1983   7   1  45516   0.265649   0.427599   0.7503454   0.0015088   0.000000   0.000000   0.002000   0.002000  0.0004000  0.0001500    0.003000    0.002000
1983   7   2  45517   0.268170   0.423320   0.7487712   0.0016268   0.000000   0.000000   0.002000   0.002000  0.0004000  0.0001500    0.003000    0.002000
1983   7   3  45518   0.270870   0.418880   0.7471018   0.0017049   0.000000   0.000000   0.002000   0.002000  0.0004000  0.0001500    0.003000    0.002000
1983   7   4  45519   0.273660   0.414320   0.7453772   0.0017328   0.000000   0.000000   0.002000   0.002000  0.0004000  0.0001500    0.003000    0.002000
1983   7   5  45520   0.276420   0.409700   0.7436557   0.0016983   0.000000   0.000000   0.002000   0.002000  0.0004000  0.0001500    0.003000    0.002000
1983   7   6  45521   0.279041   0.405131   0.7420043   0.0016014   0.000000   0.000000   0.002000   0.002000  0.0004000  0.0001500    0.003000    0.002000
1983   7   7  45522   0.281201   0.400701   0.7404733   0.0014495   0.000000   0.000000   0.002000   0.002000  0.0004000  0.0001500    0.003000    0.002000
1983   7   8  45523   0.283151   0.396391   0.7391148   0.0012672   0.000000   0.000000   0.002000   0.002000  0.0004000  0.0001500    0.003000    0.002000
1983   7   9  45524   0.284942   0.392272   0.7379310   0.0011089   0.000000   0.000000   0.002000   0.002000  0.0004000  0.0001500    0.003000    0.002000
1983   7  10  45525   0.286612   0.388322   0.7368699   0.0010230   0.000000   0.000000   0.002000   0.002000  0.0004000  0.0001500    0.003000    0.002000
1983   7  11  45526   0.288122   0.384632   0.7358474   0.0010512   0.000000   0.000000   0.002000   0.002000  0.0004000  0.0001500    0.003000    0.002000
1983   7  12  45527   0.289592   0.381072   0.7347332   0.0011916   0.000000   0.000000   0.002000   0.002000  0.0004000  0.0001500    0.003000    0.002000
1983   7  13  45528   0.291043   0.377643   0.7334473   0.0013944   0.000000   0.000000   0.002000   0.002000  0.0004000  0.0001500    0.003000    0.002000
1983   7  14  45529   0.292673   0.374213   0.7319515   0.0015948   0.000000   0.000000   0.002000   0.002000  0.0004000  0.0001500    0.003000    0.002000
1983   7  15  45530   0.294493   0.370693   0.7302855   0.0017361   0.000000   0.000000   0.002000   0.002000  0.0004000  0.0001500    0.003000    0.002000
1983   7  16  45531   0.296613   0.366993   0.7285160   0.0017935   0.000000   0.000000   0.002000   0.002000  0.0004000  0.0001500    0.003000    0.002000
1983   7  17  45532   0.299034   0.363084   0.7267334   0.0017511   0.000000   0.000000   0.002000   0.002000  0.0004000  0.0001500    0.003000    0.002000
1983   7  18  45533   0.301554   0.359084   0.7250372   0.0016297   0.000000   0.000000   0.002000   0.002000  0.0004000  0.0001500    0.003000    0.002000
1983   7  19  45534   0.304054   0.355034   0.7234833   0.0014820   0.000000   0.000000   0.002000   0.002000  0.0004000  0.0001500    0.003000    0.002000
1983   7  20  45535   0.306465   0.350995   0.7220719   0.0013290   0.000000   0.000000   0.002000   0.002000  0.0004000  0.0001500    0.003000    0.002000
1983   7  21  45536   0.308595   0.347145   0.7208153   0.0011842   0.000000   0.000000   0.002000   0.002000  0.0004000  0.0001500    0.003000    0.002000
1983   7  22  45537   0.310385   0.343535   0.7196876   0.0010643   0.000000   0.000000   0.002000   0.002000  0.0004000  0.0001500    0.003000    0.002000
1983   7  23  45538   0.311875   0.340065   0.7186684   0.0009912   0.000000   0.000000   0.002000   0.002000  0.0004000  0.0001500    0.003000    0.002000
1983   7  24  45539   0.313186   0.336686   0.7176849   0.0009849   0.000000   0.000000   0.002000   0.002000  0.0004000  0.0001500    0.003000    0.002000
1983   7  25  45540   0.314306   0.333246   0.7166795   0.0010368   0.000000   0.000000   0.002000   0.002000  0.0004000  0.0001500    0.003000    0.002000
1983   7  26  45541   0.315306   0.329636   0.7155956   0.0011406   0.000000   0.000000   0.002000   0.002000  0.0004000  0.0001500    0.003000    0.002000
1983   7  27  45542   0.316267   0.325927   0.7143883   0.0012752   0.000000   0.000000   0.002000   0.002000  0.0004000  0.0001500    0.003000    0.002000
1983   7  28  45543   0.317297   0.322167   0.7130414   0.0014162   0.000000   0.000000   0.002000   0.002000  0.0004000  0.0001500    0.003000    0.002000
1983   7  29  45544   0.318567   0.318377   0.7115604   0.0015520   0.000000   0.000000   0.002000   0.002000  0.0004000  0.0001500    0.003000    0.002000
1983   7  30  45545   0.319827   0.314447   0.7099479   0.0016728   0.000000   0.000000   0.002000   0.002000  0.0004000  0.0001500    0.003000    0.002000
1983   7  31  45546   0.320758   0.310288   0.7082291   0.0017607   0.000000   0.000000   0.002000   0.002000  0.0004000  0.0001500    0.003000    0.002000
1983   8   1  45547   0.321328   0.305978   0.7064435   0.0018026   0.000000   0.000000   0.002000   0.002000  0.0004000  0.0001500    0.003000    0.002000
1983   8   2  45548   0.321758   0.301518   0.7046435   0.0017910   0.000000   0.000000   0.002000   0.002000  0.0004000  0.0001500    0.003000    0.002000
1983   8   3  45549   0.322178   0.296928   0.7028792   0.0017217   0.000000   0.000000   0.002000   0.002000  0.0004000  0.0001500    0.003000    0.002000
1983   8   4  45550   0.322719   0.292279   0.7012119   0.0015979   0.000000   0.000000   0.002000   0.002000  0.0004000  0.0001500    0.003000    0.002000
1983   8   5  45551   0.323309   0.287649   0.6996820   0.0014628   0.000000   0.000000   0.002000   0.002000  0.0004000  0.0001500    0.003000    0.002000
1983   8   6  45552   0.323839   0.282949   0.6982671   0.0013792   0.000000   0.000000   0.002000   0.002000  0.0004000  0.0001500    0.003000    0.002000
1983   8   7  45553   0.324180   0.278100   0.6968878   0.0013961   0.000000   0.000000   0.002000   0.002000  0.0004000  0.0001500    0.003000    0.002000
1983   8   8  45554   0.324340   0.273330   0.6954366   0.0015274   0.000000   0.000000   0.002000   0.002000  0.0004000  0.0001500    0.003000    0.002000
1983   8   9  45555   0.324420   0.268750   0.6938059   0.0017397   0.000000   0.000000   0.002000   0.002000  0.0004000  0.0001500    0.003000    0.002000
1983   8  10  45556   0.324360   0.264660   0.6919539   0.0019675   0.000000   0.000000   0.002000   0.002000  0.0004000  0.0001500    0.003000    0.002000
1983   8  11  45557   0.324221   0.260841   0.6898931   0.0021457   0.000000   0.000000   0.002000   0.002000  0.0004000  0.0001500    0.003000    0.002000
1983   8  12  45558   0.324051   0.257041   0.6877026   0.0022254   0.000000   0.000000   0.002000   0.002000  0.0004000  0.0001500    0.003000    0.002000
1983   8  13  45559   0.324211   0.252681   0.6854847   0.0021816   0.000000   0.000000   0.002000   0.002000  0.0004000  0.0001500    0.003000    0.002000
1983   8  14  45560   0.324291   0.248211   0.6833738   0.0020255   0.000000   0.000000   0.002000   0.002000  0.0004000  0.0001500    0.003000    0.002000
1983   8  15  45561   0.324102   0.243822   0.6814504   0.0018153   0.000000   0.000000   0.002000   0.002000  0.0004000  0.0001500    0.003000    0.002000
1983   8  16  45562   0.323472   0.239732   0.6797436   0.0016125   0.000000   0.000000   0.002000   0.002000  0.0004000  0.0001500    0.003000    0.002000
1983   8  17  45563   0.322362   0.235962   0.6782142   0.0014451   0.000000   0.000000   0.002000   0.002000  0.0004000  0.0001500    0.003000    0.002000
1983   8  18  45564   0.321243   0.232153   0.6768354   0.0013074   0.000000   0.000000   0.002000   0.002000  0.0004000  0.0001500    0.003000    0.002000
1983   8  19  45565   0.320303   0.228003   0.6755786   0.0012288   0.000000   0.000000   0.002000   0.002000  0.0004000  0.0001500    0.003000    0.002000
1983   8  20  45566   0.319383   0.223513   0.6743567   0.0012274   0.000000   0.000000   0.002000   0.002000  0.0004000  0.0001500    0.003000    0.002000
1983   8  21  45567   0.318263   0.218703   0.6731052   0.0012867   0.000000   0.000000   0.002000   0.002000  0.0004000  0.0001500    0.003000    0.002000
1983   8  22  45568   0.316754   0.213604   0.6717679   0.0013970   0.000000   0.000000   0.002000   0.002000  0.0004000  0.0001500    0.003000    0.002000
1983   8  23  45569   0.315344   0.208574   0.6703001   0.0015329   0.000000   0.000000   0.002000   0.002000  0.0004000  0.0001500    0.003000    0.002000
1983   8  24  45570   0.314344   0.203934   0.6686976   0.0016685   0.000000   0.000000   0.002000   0.002000  0.0004000  0.0001500    0.003000    0.002000
1983   8  25  45571   0.314014   0.199944   0.6669660   0.0017942   0.000000   0.000000   0.002000   0.002000  0.0004000  0.0001500    0.003000    0.002000
1983   8  26  45572   0.313665   0.196155   0.6651203   0.0018895   0.000000   0.000000   0.002000   0.002000  0.0004000  0.0001500    0.003000    0.002000
1983   8  27  45573   0.312835   0.192315   0.6632026   0.0019403   0.000000   0.000000   0.002000   0.002000  0.0004000  0.0001500    0.003000    0.002000
1983   8  28  45574   0.311275   0.188305   0.6612571   0.0019472   0.000000   0.000000   0.002000   0.002000  0.0004000  0.0001500    0.003000    0.002000
1983   8  29  45575   0.309266   0.184216   0.6593256   0.0019091   0.000000   0.000000   0.002000   0.002000  0.0004000  0.0001500    0.003000    0.002000
1983   8  30  45576   0.306896   0.179966   0.6574539   0.0018455   0.000000   0.000000   0.002000   0.002000  0.0004000  0.0001500    0.003000    0.002000
1983   8  31  45577   0.304236   0.175396   0.6556452   0.0017478   0.000000   0.000000   0.002000   0.002000  0.0004000  0.0001500    0.003000    0.002000
1983   9   1  45578   0.301656   0.170626   0.6539592   0.0016170   0.000000   0.000000   0.002000   0.002000  0.0004000  0.0001500    0.003000    0.002000
1983   9   2  45579   0.299247   0.165977   0.6523992   0.0015094   0.000000   0.000000   0.002000   0.002000  0.0004000  0.0001500    0.003000    0.002000
1983   9   3  45580   0.297057   0.161627   0.6509125   0.0014752   0.000000   0.000000   0.002000   0.002000  0.0004000  0.0001500    0.003000    0.002000
1983   9   4  45581   0.294907   0.157597   0.6494102   0.0015448   0.000000   0.000000   0.002000   0.002000  0.0004000  0.0001500    0.003000    0.002000
1983   9   5  45582   0.292677   0.153887   0.6477877   0.0017207   0.000000   0.000000   0.002000   0.002000  0.0004000  0.0001500    0.003000    0.002000
1983   9   6  45583   0.290348   0.150418   0.6459505   0.0019507   0.000000   0.000000   0.002000   0.002000  0.0004000  0.0001500    0.003000    0.002000
1983   9   7  45584   0.287828   0.147148   0.6438944   0.0021736   0.000000   0.000000   0.002000   0.002000  0.0004000  0.0001500    0.003000    0.002000
1983   9   8  45585   0.285118   0.143928   0.6416356   0.0023418   0.000000   0.000000   0.002000   0.002000  0.0004000  0.0001500    0.003000    0.002000
1983   9   9  45586   0.282299   0.140659   0.6392589   0.0023835   0.000000   0.000000   0.002000   0.002000  0.0004000  0.0001500    0.003000    0.002000
1983   9  10  45587   0.279549   0.137259   0.6369144   0.0022976   0.000000   0.000000   0.002000   0.002000  0.0004000  0.0001500    0.003000    0.002000
1983   9  11  45588   0.277119   0.133469   0.6346932   0.0021211   0.000000   0.000000   0.002000   0.002000  0.0004000  0.0001500    0.003000    0.002000
1983   9  12  45589   0.274909   0.129409   0.6326824   0.0018916   0.000000   0.000000   0.002000   0.002000  0.0004000  0.0001500    0.003000    0.002000
1983   9  13  45590   0.272850   0.125210   0.6309019   0.0016638   0.000000   0.000000   0.002000   0.002000  0.0004000  0.0001500    0.003000    0.002000
1983   9  14  45591   0.270800   0.120950   0.6293371   0.0014879   0.000000   0.000000   0.002000   0.002000  0.0004000  0.0001500    0.003000    0.002000
1983   9  15  45592   0.268600   0.116950   0.6279028   0.0013896   0.000000   0.000000   0.002000   0.002000  0.0004000  0.0001500    0.003000    0.002000
1983   9  16  45593   0.266200   0.113300   0.6265332   0.0013531   0.000000   0.000000   0.002000   0.002000  0.0004000  0.0001500    0.003000    0.002000
1983   9  17  45594   0.263621   0.109961   0.6251761   0.0013762   0.000000   0.000000   0.002000   0.002000  0.0004000  0.0001500    0.003000    0.002000
1983   9  18  45595   0.260841   0.106811   0.6237629   0.0014580   0.000000   0.000000   0.002000   0.002000  0.0004000  0.0001500    0.003000    0.002000
1983   9  19  45596   0.257811   0.103711   0.6222464   0.0015790   0.000000   0.000000   0.002000   0.002000  0.0004000  0.0001500    0.003000    0.002000
1983   9  20  45597   0.254472   0.100492   0.6205975   0.0017283   0.000000   0.000000   0.002000   0.002000  0.0004000  0.0001500    0.003000    0.002000
1983   9  21  45598   0.250882   0.097092   0.6187916   0.0018813   0.000000   0.000000   0.002000   0.002000  0.0004000  0.0001500    0.003000    0.002000
1983   9  22  45599   0.247072   0.093592   0.6168443   0.0020073   0.000000   0.000000   0.002000   0.002000  0.0004000  0.0001500    0.003000    0.002000
1983   9  23  45600   0.243192   0.090132   0.6147933   0.0020889   0.000000   0.000000   0.002000   0.002000  0.0004000  0.0001500    0.003000    0.002000
1983   9  24  45601   0.239413   0.086843   0.6126866   0.0021129   0.000000   0.000000   0.002000   0.002000  0.0004000  0.0001500    0.003000    0.002000
1983   9  25  45602   0.235813   0.083833   0.6105879   0.0020753   0.000000   0.000000   0.002000   0.002000  0.0004000  0.0001500    0.003000    0.002000
1983   9  26  45603   0.232363   0.081123   0.6085536   0.0019836   0.000000   0.000000   0.002000   0.002000  0.0004000  0.0001500    0.003000    0.002000
1983   9  27  45604   0.229063   0.078653   0.6066332   0.0018587   0.000000   0.000000   0.002000   0.002000  0.0004000  0.0001500    0.003000    0.002000
1983   9  28  45605   0.225924   0.076304   0.6048375   0.0017451   0.000000   0.000000   0.002000   0.002000  0.0004000  0.0001500    0.003000    0.002000
1983   9  29  45606   0.222774   0.073714   0.6031320   0.0016796   0.000000   0.000000   0.002000   0.002000  0.0004000  0.0001500    0.003000    0.002000
1983   9  30  45607   0.219474   0.070734   0.6014558   0.0016896   0.000000   0.000000   0.002000   0.002000  0.0004000  0.0001500    0.003000    0.002000
1983  10   1  45608   0.216015   0.067415   0.5997207   0.0017986   0.000000   0.000000   0.002000   0.002000  0.0004000  0.0001500    0.003000    0.002000
1983  10   2  45609   0.212515   0.063975   0.5978235   0.0020072   0.000000   0.000000   0.002000   0.002000  0.0004000  0.0001500    0.003000    0.002000
1983  10   3  45610   0.209025   0.060675   0.5956803   0.0022819   0.000000   0.000000   0.002000   0.002000  0.0004000  0.0001500    0.003000    0.002000
1983  10   4  45611   0.205595   0.057725   0.5932548   0.0025628   0.000000   0.000000   0.002000   0.002000  0.0004000  0.0001500    0.003000    0.002000
1983  10   5  45612   0.202266   0.055266   0.5905749   0.0027775   0.000000   0.000000   0.002000   0.002000  0.0004000  0.0001500    0.003000    0.002000
1983  10   6  45613   0.199076   0.053246   0.5877388   0.0028687   0.000000   0.000000   0.002000   0.002000  0.0004000  0.0001500    0.003000    0.002000
1983  10   7  45614   0.195866   0.051366   0.5848843   0.0028062   0.000000   0.000000   0.002000   0.002000  0.0004000  0.0001500    0.003000    0.002000
1983  10   8  45615   0.192526   0.049426   0.5821668   0.0026117   0.000000   0.000000   0.002000   0.002000  0.0004000  0.0001500    0.003000    0.002000
1983  10   9  45616   0.189007   0.047287   0.5796833   0.0023516   0.000000   0.000000   0.002000   0.002000  0.0004000  0.0001500    0.003000    0.002000
1983  10  10  45617   0.185277   0.045027   0.5774653   0.0020872   0.000000   0.000000   0.002000   0.002000  0.0004000  0.0001500    0.003000    0.002000
1983  10  11  45618   0.181387   0.042777   0.5754933   0.0018609   0.000000   0.000000   0.002000   0.002000  0.0004000  0.0001500    0.003000    0.002000
1983  10  12  45619   0.177468   0.040688   0.5737200   0.0017165   0.000000   0.000000   0.002000   0.002000  0.0004000  0.0001500    0.003000    0.002000
1983  10  13  45620   0.173558   0.038748   0.5720344   0.0016886   0.000000   0.000000   0.002000   0.002000  0.0004000  0.0001500    0.003000    0.002000
1983  10  14  45621   0.169678   0.036878   0.5703185   0.0017136   0.000000   0.000000   0.002000   0.002000  0.0004000  0.0001500    0.003000    0.002000
1983  10  15  45622   0.165848   0.035058   0.5685858   0.0017449   0.000000   0.000000   0.002000   0.002000  0.0004000  0.0001500    0.003000    0.002000
1983  10  16  45623   0.161989   0.033379   0.5668136   0.0018095   0.000000   0.000000   0.002000   0.002000  0.0004000  0.0001500    0.003000    0.002000
1983  10  17  45624   0.158099   0.032029   0.5649593   0.0019038   0.000000   0.000000   0.002000   0.002000  0.0004000  0.0001500    0.003000    0.002000
1983  10  18  45625   0.154149   0.031009   0.5630045   0.0020188   0.000000   0.000000   0.002000   0.002000  0.0004000  0.0001500    0.003000    0.002000
1983  10  19  45626   0.150040   0.029990   0.5609264   0.0021420   0.000000   0.000000   0.002000   0.002000  0.0004000  0.0001500    0.003000    0.002000
1983  10  20  45627   0.145670   0.028680   0.5587332   0.0022466   0.000000   0.000000   0.002000   0.002000  0.0004000  0.0001500    0.003000    0.002000
1983  10  21  45628   0.141030   0.026870   0.5564531   0.0023050   0.000000   0.000000   0.002000   0.002000  0.0004000  0.0001500    0.003000    0.002000
1983  10  22  45629   0.136300   0.024800   0.5541459   0.0023007   0.000000   0.000000   0.002000   0.002000  0.0004000  0.0001500    0.003000    0.002000
1983  10  23  45630   0.131601   0.022821   0.5518743   0.0022394   0.000000   0.000000   0.002000   0.002000  0.0004000  0.0001500    0.003000    0.002000
1983  10  24  45631   0.127031   0.021251   0.5496828   0.0021410   0.000000   0.000000   0.002000   0.002000  0.0004000  0.0001500    0.003000    0.002000
1983  10  25  45632   0.122551   0.020201   0.5475987   0.0020301   0.000000   0.000000   0.002000   0.002000  0.0004000  0.0001500    0.003000    0.002000
1983  10  26  45633   0.118041   0.019551   0.5456149   0.0019497   0.000000   0.000000   0.002000   0.002000  0.0004000  0.0001500    0.003000    0.002000
1983  10  27  45634   0.113372   0.019112   0.5436772   0.0019395   0.000000   0.000000   0.002000   0.002000  0.0004000  0.0001500    0.003000    0.002000
1983  10  28  45635   0.108482   0.018722   0.5417047   0.0020184   0.000000   0.000000   0.002000   0.002000  0.0004000  0.0001500    0.003000    0.002000
1983  10  29  45636   0.103502   0.018362   0.5396060   0.0021916   0.000000   0.000000   0.002000   0.002000  0.0004000  0.0001500    0.003000    0.002000
1983  10  30  45637   0.098613   0.018013   0.5372935   0.0024468   0.000000   0.000000   0.002000   0.002000  0.0004000  0.0001500    0.003000    0.002000
1983  10  31  45638   0.093963   0.017693   0.5347012   0.0027362   0.000000   0.000000   0.002000   0.002000  0.0004000  0.0001500    0.003000    0.002000
1983  11   1  45639   0.089723   0.017373   0.5318293   0.0029935   0.000000   0.000000   0.002000   0.002000  0.0004000  0.0001500    0.003000    0.002000
1983  11   2  45640   0.085863   0.017023   0.5287424   0.0031573   0.000000   0.000000   0.002000   0.002000  0.0004000  0.0001500    0.003000    0.002000
1983  11   3  45641   0.082104   0.016654   0.5255558   0.0031930   0.000000   0.000000   0.002000   0.002000  0.0004000  0.0001500    0.003000    0.002000
1983  11   4  45642   0.078154   0.016274   0.5223974   0.0031077   0.000000   0.000000   0.002000   0.002000  0.0004000  0.0001500    0.003000    0.002000
1983  11   5  45643   0.073754   0.015864   0.5193714   0.0029162   0.000000   0.000000   0.002000   0.002000  0.0004000  0.0001500    0.003000    0.002000
1983  11   6  45644   0.068824   0.015544   0.5165776   0.0026599   0.000000   0.000000   0.002000   0.002000  0.0004000  0.0001500    0.003000    0.002000
1983  11   7  45645   0.063625   0.015285   0.5140458   0.0023977   0.000000   0.000000   0.002000   0.002000  0.0004000  0.0001500    0.003000    0.002000
1983  11   8  45646   0.058365   0.015185   0.5117632   0.0021733   0.000000   0.000000   0.002000   0.002000  0.0004000  0.0001500    0.003000    0.002000
1983  11   9  45647   0.053645   0.015165   0.5096739   0.0020376   0.000000   0.000000   0.002000   0.002000  0.0004000  0.0001500    0.003000    0.002000
1983  11  10  45648   0.049536   0.015166   0.5076621   0.0020065   0.000000   0.000000   0.002000   0.002000  0.0004000  0.0001500    0.003000    0.002000
1983  11  11  45649   0.045866   0.015086   0.5056380   0.0020469   0.000000   0.000000   0.002000   0.002000  0.0004000  0.0001500    0.003000    0.002000
1983  11  12  45650   0.042286   0.015016   0.5035506   0.0021313   0.000000   0.000000   0.002000   0.002000  0.0004000  0.0001500    0.003000    0.002000
1983  11  13  45651   0.038346   0.015226   0.5013634   0.0022538   0.000000   0.000000   0.002000   0.002000  0.0004000  0.0001500    0.003000    0.002000
1983  11  14  45652   0.033857   0.015767   0.4990392   0.0023929   0.000000   0.000000   0.002000   0.002000  0.0004000  0.0001500    0.003000    0.002000
1983  11  15  45653   0.028987   0.016517   0.4965799   0.0025225   0.000000   0.000000   0.002000   0.002000  0.0004000  0.0001500    0.003000    0.002000
1983  11  16  45654   0.024247   0.017357   0.4940048   0.0026215   0.000000   0.000000   0.002000   0.002000  0.0004000  0.0001500    0.003000    0.002000
1983  11  17  45655   0.019997   0.018167   0.4913533   0.0026715   0.000000   0.000000   0.002000   0.002000  0.0004000  0.0001500    0.003000    0.002000
1983  11  18  45656   0.016098   0.019018   0.4886823   0.0026586   0.000000   0.000000   0.002000   0.002000  0.0004000  0.0001500    0.003000    0.002000
1983  11  19  45657   0.012268   0.019938   0.4860595   0.0025765   0.000000   0.000000   0.002000   0.002000  0.0004000  0.0001500    0.003000    0.002000
1983  11  20  45658   0.008158   0.020968   0.4835504   0.0024329   0.000000   0.000000   0.002000   0.002000  0.0004000  0.0001500    0.003000    0.002000
1983  11  21  45659   0.003849   0.022029   0.4812060   0.0022543   0.000000   0.000000   0.002000   0.002000  0.0004000  0.0001500    0.003000    0.002000
1983  11  22  45660  -0.000631   0.023039   0.4790402   0.0020739   0.000000   0.000000   0.002000   0.002000  0.0004000  0.0001500    0.003000    0.002000
1983  11  23  45661  -0.005091   0.023889   0.4770381   0.0019465   0.000000   0.000000   0.002000   0.002000  0.0004000  0.0001500    0.003000    0.002000
1983  11  24  45662  -0.009541   0.024619   0.4751150   0.0019220   0.000000   0.000000   0.002000   0.002000  0.0004000  0.0001500    0.003000    0.002000
1983  11  25  45663  -0.014010   0.025370   0.4731607   0.0020010   0.000000   0.000000   0.002000   0.002000  0.0004000  0.0001500    0.003000    0.002000
1983  11  26  45664  -0.018450   0.026200   0.4710852   0.0021596   0.000000   0.000000   0.002000   0.002000  0.0004000  0.0001500    0.003000    0.002000
1983  11  27  45665  -0.022810   0.027120   0.4688292   0.0023567   0.000000   0.000000   0.002000   0.002000  0.0004000  0.0001500    0.003000    0.002000
1983  11  28  45666  -0.027030   0.028110   0.4663778   0.0025372   0.000000   0.000000   0.002000   0.002000  0.0004000  0.0001500    0.003000    0.002000
1983  11  29  45667  -0.031079   0.029171   0.4637758   0.0026504   0.000000   0.000000   0.002000   0.002000  0.0004000  0.0001500    0.003000    0.002000
1983  11  30  45668  -0.034969   0.030301   0.4611109   0.0026651   0.000000   0.000000   0.002000   0.002000  0.0004000  0.0001500    0.003000    0.002000
1983  12   1  45669  -0.038759   0.031571   0.4584829   0.0025722   0.000000   0.000000   0.002000   0.002000  0.0004000  0.0001500    0.003000    0.002000
1983  12   2  45670  -0.042548   0.033012   0.4559977   0.0023975   0.000000   0.000000   0.002000   0.002000  0.0004000  0.0001500    0.003000    0.002000
1983  12   3  45671  -0.046388   0.034482   0.4537068   0.0021826   0.000000   0.000000   0.002000   0.002000  0.0004000  0.0001500    0.003000    0.002000
1983  12   4  45672  -0.050438   0.035882   0.4516330   0.0019652   0.000000   0.000000   0.002000   0.002000  0.0004000  0.0001500    0.003000    0.002000
1983  12   5  45673  -0.054668   0.037192   0.4497635   0.0017790   0.000000   0.000000   0.002000   0.002000  0.0004000  0.0001500    0.003000    0.002000
1983  12   6  45674  -0.058937   0.038363   0.4480520   0.0016473   0.000000   0.000000   0.002000   0.002000  0.0004000  0.0001500    0.003000    0.002000
1983  12   7  45675  -0.063127   0.039433   0.4464437   0.0015699   0.000000   0.000000   0.002000   0.002000  0.0004000  0.0001500    0.003000    0.002000
1983  12   8  45676  -0.067017   0.040433   0.4448884   0.0015609   0.000000   0.000000   0.002000   0.002000  0.0004000  0.0001500    0.003000    0.002000
1983  12   9  45677  -0.070467   0.041513   0.4433036   0.0016192   0.000000   0.000000   0.002000   0.002000  0.0004000  0.0001500    0.003000    0.002000
1983  12  10  45678  -0.073536   0.042764   0.4416367   0.0017194   0.000000   0.000000   0.002000   0.002000  0.0004000  0.0001500    0.003000    0.002000
1983  12  11  45679  -0.076396   0.044364   0.4398579   0.0018485   0.000000   0.000000   0.002000   0.002000  0.0004000  0.0001500    0.003000    0.002000
1983  12  12  45680  -0.079136   0.046294   0.4379403   0.0019915   0.000000   0.000000   0.002000   0.002000  0.0004000  0.0001500    0.003000    0.002000
1983  12  13  45681  -0.081795   0.048555   0.4358837   0.0021225   0.000000   0.000000   0.002000   0.002000  0.0004000  0.0001500    0.003000    0.002000
1983  12  14  45682  -0.084545   0.050945   0.4337070   0.0022216   0.000000   0.000000   0.002000   0.002000  0.0004000  0.0001500    0.003000    0.002000
1983  12  15  45683  -0.087455   0.053325   0.4314572   0.0022668   0.000000   0.000000   0.002000   0.002000  0.0004000  0.0001500    0.003000    0.002000
1983  12  16  45684  -0.090455   0.055565   0.4291936   0.0022490   0.000000   0.000000   0.002000   0.002000  0.0004000  0.0001500    0.003000    0.002000
1983  12  17  45685  -0.093504   0.057586   0.4269803   0.0021587   0.000000   0.000000   0.002000   0.002000  0.0004000  0.0001500    0.003000    0.002000
1983  12  18  45686  -0.096654   0.059496   0.4248931   0.0020087   0.000000   0.000000   0.002000   0.002000  0.0004000  0.0001500    0.003000    0.002000
1983  12  19  45687  -0.099874   0.061486   0.4229682   0.0018416   0.000000   0.000000   0.002000   0.002000  0.0004000  0.0001500    0.003000    0.002000
1983  12  20  45688  -0.103074   0.063736   0.4211981   0.0017121   0.000000   0.000000   0.002000   0.002000  0.0004000  0.0001500    0.003000    0.002000
1983  12  21  45689  -0.106133   0.066327   0.4195154   0.0016695   0.000000   0.000000   0.002000   0.002000  0.0004000  0.0001500    0.003000    0.002000
1983  12  22  45690  -0.108923   0.068977   0.4178220   0.0017341   0.000000   0.000000   0.002000   0.002000  0.0004000  0.0001500    0.003000    0.002000
1983  12  23  45691  -0.111463   0.071507   0.4160144   0.0018945   0.000000   0.000000   0.002000   0.002000  0.0004000  0.0001500    0.003000    0.002000
1983  12  24  45692  -0.113872   0.073798   0.4140157   0.0021083   0.000000   0.000000   0.002000   0.002000  0.0004000  0.0001500    0.003000    0.002000
1983  12  25  45693  -0.116352   0.075708   0.4118017   0.0023196   0.000000   0.000000   0.002000   0.002000  0.0004000  0.0001500    0.003000    0.002000
1983  12  26  45694  -0.118912   0.077348   0.4094005   0.0024728   0.000000   0.000000   0.002000   0.002000  0.0004000  0.0001500    0.003000    0.002000
1983  12  27  45695  -0.121492   0.078928   0.4068896   0.0025280   0.000000   0.000000   0.002000   0.002000  0.0004000  0.0001500    0.003000    0.002000
1983  12  28  45696  -0.124101   0.080659   0.4043797   0.0024750   0.000000   0.000000   0.002000   0.002000  0.0004000  0.0001500    0.003000    0.002000
1983  12  29  45697  -0.126631   0.082759   0.4019680   0.0023364   0.000000   0.000000   0.002000   0.002000  0.0004000  0.0001500    0.003000    0.002000
1983  12  30  45698  -0.128971   0.085349   0.3997242   0.0021441   0.000000   0.000000   0.002000   0.002000  0.0004000  0.0001500    0.003000    0.002000
1983  12  31  45699  -0.131161   0.088359   0.3976841   0.0019372   0.000000   0.000000   0.002000   0.002000  0.0004000  0.0001500    0.003000    0.002000
