

                   INTERNATIONAL EARTH ROTATION SERVICE
                        EARTH ROTATION PARAMETERS
                          EOP (IERS) C04

  
             FORMAT(3(I4),I7,2(F11.6),2(F12.7),2(F12.6),2(F11.6),2(F12.7),2F12.6)
**********************************************************************************
  
      Date      MJD      x          y        UT1-UTC       LOD         dX        dY        x Err     y Err   UT1-UTC Err  Lod Err     dY Err       dY Err  
                         "          "           s           s          "         "           "          "          s         s            "           "
     (0h UTC)

1964   1   1  38395  -0.225500   0.081800  -0.0808950   0.0018440   0.000000   0.000000   0.030000   0.030000  0.0020000  0.0014000    0.012000    0.002000
1964   1   2  38396  -0.228400   0.084400  -0.0814970   0.0019660   0.000000   0.000000   0.030000   0.030000  0.0020000  0.0014000    0.012000    0.002000
1964   1   3  38397  -0.231300   0.087000  -0.0822311   0.0021030   0.000000   0.000000   0.030000   0.030000  0.0020000  0.0014000    0.012000    0.002000
1964   1   4  38398  -0.234299   0.089701  -0.0831141   0.0022270   0.000000   0.000000   0.030000   0.030000  0.0020000  0.0014000    0.012000    0.002000
1964   1   5  38399  -0.237299   0.092501  -0.0840911   0.0023170   0.000000   0.000000   0.030000   0.030000  0.0020000  0.0014000    0.012000    0.002000
1964   1   6  38400  -0.240199   0.095401  -0.0851432   0.0023580   0.000000   0.000000   0.030000   0.030000  0.0020000  0.0014000    0.012000    0.002000
1964   1   7  38401  -0.243199   0.098301  -0.0862012   0.0023420   0.000000   0.000000   0.030000   0.030000  0.0020000  0.0014000    0.012000    0.002000
1964   1   8  38402  -0.246198   0.101302  -0.0872232   0.0022880   0.000000   0.000000   0.030000   0.030000  0.0020000  0.0014000    0.012000    0.002000
1964   1   9  38403  -0.249198   0.104302  -0.0881673   0.0021970   0.000000   0.000000   0.030000   0.030000  0.0020000  0.0014000    0.012000    0.002000
1964   1  10  38404  -0.252198   0.107502  -0.0890143   0.0020950   0.000000   0.000000   0.030000   0.030000  0.0020000  0.0014000    0.012000    0.002000
1964   1  11  38405  -0.255198   0.110702  -0.0897703   0.0019980   0.000000   0.000000   0.030000   0.030000  0.0020000  0.0014000    0.012000    0.002000
1964   1  12  38406  -0.258097   0.113903  -0.0904373   0.0019210   0.000000   0.000000   0.030000   0.030000  0.0020000  0.0014000    0.012000    0.002000
1964   1  13  38407  -0.260997   0.117203  -0.0910244   0.0018610   0.000000   0.000000   0.030000   0.030000  0.0020000  0.0014000    0.012000    0.002000
1964   1  14  38408  -0.263897   0.120603  -0.0915864   0.0018620   0.000000   0.000000   0.030000   0.030000  0.0020000  0.0014000    0.012000    0.002000
1964   1  15  38409  -0.266696   0.124004  -0.0921794   0.0019030   0.000000   0.000000   0.030000   0.030000  0.0020000  0.0014000    0.012000    0.002000
1964   1  16  38410  -0.269496   0.127504  -0.0928335   0.0020140   0.000000   0.000000   0.030000   0.030000  0.0020000  0.0014000    0.012000    0.002000
1964   1  17  38411  -0.272196   0.131004  -0.0936235   0.0021630   0.000000   0.000000   0.030000   0.030000  0.0020000  0.0014000    0.012000    0.002000
1964   1  18  38412  -0.274896   0.134604  -0.0945765   0.0023350   0.000000   0.000000   0.030000   0.030000  0.0020000  0.0014000    0.012000    0.002000
1964   1  19  38413  -0.277495   0.138205  -0.0956915   0.0024910   0.000000   0.000000   0.030000   0.030000  0.0020000  0.0014000    0.012000    0.002000
1964   1  20  38414  -0.279995   0.141805  -0.0969546   0.0025980   0.000000   0.000000   0.030000   0.030000  0.0020000  0.0014000    0.012000    0.002000
1964   1  21  38415  -0.282395   0.145505  -0.0982746   0.0026380   0.000000   0.000000   0.030000   0.030000  0.0020000  0.0014000    0.012000    0.002000
1964   1  22  38416  -0.284795   0.149305  -0.0996026   0.0026040   0.000000   0.000000   0.030000   0.030000  0.0020000  0.0014000    0.012000    0.002000
1964   1  23  38417  -0.286994   0.153006  -0.1008537   0.0024960   0.000000   0.000000   0.030000   0.030000  0.0020000  0.0014000    0.012000    0.002000
1964   1  24  38418  -0.289094   0.156806  -0.1019747   0.0023270   0.000000   0.000000   0.030000   0.030000  0.0020000  0.0014000    0.012000    0.002000
1964   1  25  38419  -0.291194   0.160606  -0.1029107   0.0021470   0.000000   0.000000   0.030000   0.030000  0.0020000  0.0014000    0.012000    0.002000
1964   1  26  38420  -0.293093   0.164507  -0.1036897   0.0020000   0.000000   0.000000   0.030000   0.030000  0.0020000  0.0014000    0.012000    0.002000
1964   1  27  38421  -0.294893   0.168407  -0.1043468   0.0019190   0.000000   0.000000   0.030000   0.030000  0.0020000  0.0014000    0.012000    0.002000
1964   1  28  38422  -0.296593   0.172307  -0.1049688   0.0019400   0.000000   0.000000   0.030000   0.030000  0.0020000  0.0014000    0.012000    0.002000
1964   1  29  38423  -0.298193   0.176207  -0.1056518   0.0020270   0.000000   0.000000   0.030000   0.030000  0.0020000  0.0014000    0.012000    0.002000
1964   1  30  38424  -0.299592   0.180108  -0.1064438   0.0021390   0.000000   0.000000   0.030000   0.030000  0.0020000  0.0014000    0.012000    0.002000
1964   1  31  38425  -0.300892   0.184108  -0.1073469   0.0022510   0.000000   0.000000   0.030000   0.030000  0.0020000  0.0014000    0.012000    0.002000
1964   2   1  38426  -0.301992   0.188008  -0.1083319   0.0023210   0.000000   0.000000   0.030000   0.030000  0.0020000  0.0014000    0.012000    0.002000
1964   2   2  38427  -0.303092   0.191908  -0.1093689   0.0023330   0.000000   0.000000   0.030000   0.030000  0.0020000  0.0014000    0.012000    0.002000
1964   2   3  38428  -0.303891   0.195909  -0.1103889   0.0022780   0.000000   0.000000   0.030000   0.030000  0.0020000  0.0014000    0.012000    0.002000
1964   2   4  38429  -0.304691   0.199809  -0.1113300   0.0021870   0.000000   0.000000   0.030000   0.030000  0.0020000  0.0014000    0.012000    0.002000
1964   2   5  38430  -0.305291   0.203809  -0.1121430   0.0020540   0.000000   0.000000   0.030000   0.030000  0.0020000  0.0014000    0.012000    0.002000
1964   2   6  38431  -0.305690   0.207710  -0.1128330   0.0019140   0.000000   0.000000   0.030000   0.030000  0.0020000  0.0014000    0.012000    0.002000
1964   2   7  38432  -0.305990   0.211610  -0.1133821   0.0017770   0.000000   0.000000   0.030000   0.030000  0.0020000  0.0014000    0.012000    0.002000
1964   2   8  38433  -0.306190   0.215510  -0.1138031   0.0016590   0.000000   0.000000   0.030000   0.030000  0.0020000  0.0014000    0.012000    0.002000
1964   2   9  38434  -0.306190   0.219410  -0.1141221   0.0015870   0.000000   0.000000   0.030000   0.030000  0.0020000  0.0014000    0.012000    0.002000
1964   2  10  38435  -0.306089   0.223311  -0.1144031   0.0015630   0.000000   0.000000   0.030000   0.030000  0.0020000  0.0014000    0.012000    0.002000
1964   2  11  38436  -0.305789   0.227111  -0.1146882   0.0015980   0.000000   0.000000   0.030000   0.030000  0.0020000  0.0014000    0.012000    0.002000
1964   2  12  38437  -0.305389   0.230911  -0.1150302   0.0016970   0.000000   0.000000   0.030000   0.030000  0.0020000  0.0014000    0.012000    0.002000
1964   2  13  38438  -0.304889   0.234711  -0.1155012   0.0018430   0.000000   0.000000   0.030000   0.030000  0.0020000  0.0014000    0.012000    0.002000
1964   2  14  38439  -0.304188   0.238412  -0.1161382   0.0020360   0.000000   0.000000   0.030000   0.030000  0.0020000  0.0014000    0.012000    0.002000
1964   2  15  38440  -0.303388   0.242112  -0.1169723   0.0022190   0.000000   0.000000   0.030000   0.030000  0.0020000  0.0014000    0.012000    0.002000
1964   2  16  38441  -0.302488   0.245812  -0.1179833   0.0023720   0.000000   0.000000   0.030000   0.030000  0.0020000  0.0014000    0.012000    0.002000
1964   2  17  38442  -0.301387   0.249513  -0.1191013   0.0024490   0.000000   0.000000   0.030000   0.030000  0.0020000  0.0014000    0.012000    0.002000
1964   2  18  38443  -0.300187   0.253113  -0.1202503   0.0024230   0.000000   0.000000   0.030000   0.030000  0.0020000  0.0014000    0.012000    0.002000
1964   2  19  38444  -0.298887   0.256713  -0.1213283   0.0023100   0.000000   0.000000   0.030000   0.030000  0.0020000  0.0014000    0.012000    0.002000
1964   2  20  38445  -0.297487   0.260213  -0.1222494   0.0021350   0.000000   0.000000   0.030000   0.030000  0.0020000  0.0014000    0.012000    0.002000
1964   2  21  38446  -0.295986   0.263714  -0.1229914   0.0019500   0.000000   0.000000   0.030000   0.030000  0.0020000  0.0014000    0.012000    0.002000
1964   2  22  38447  -0.294286   0.267214  -0.1235574   0.0017900   0.000000   0.000000   0.030000   0.030000  0.0020000  0.0014000    0.012000    0.002000
1964   2  23  38448  -0.292586   0.270614  -0.1240044   0.0016970   0.000000   0.000000   0.030000   0.030000  0.0020000  0.0014000    0.012000    0.002000
1964   2  24  38449  -0.290785   0.274015  -0.1244015   0.0017020   0.000000   0.000000   0.030000   0.030000  0.0020000  0.0014000    0.012000    0.002000
1964   2  25  38450  -0.288785   0.277315  -0.1248365   0.0017800   0.000000   0.000000   0.030000   0.030000  0.0020000  0.0014000    0.012000    0.002000
1964   2  26  38451  -0.286785   0.280615  -0.1253895   0.0019320   0.000000   0.000000   0.030000   0.030000  0.0020000  0.0014000    0.012000    0.002000
1964   2  27  38452  -0.284685   0.283915  -0.1261035   0.0020940   0.000000   0.000000   0.030000   0.030000  0.0020000  0.0014000    0.012000    0.002000
1964   2  28  38453  -0.282484   0.287216  -0.1269686   0.0022270   0.000000   0.000000   0.030000   0.030000  0.0020000  0.0014000    0.012000    0.002000
1964   2  29  38454  -0.280284   0.290416  -0.1279386   0.0023130   0.000000   0.000000   0.030000   0.030000  0.0020000  0.0014000    0.012000    0.002000
1964   3   1  38455  -0.277984   0.293616  -0.1289826   0.0023350   0.000000   0.000000   0.030000   0.030000  0.0020000  0.0014000    0.012000    0.002000
1964   3   2  38456  -0.275584   0.296716  -0.1300096   0.0023000   0.000000   0.000000   0.030000   0.030000  0.0020000  0.0014000    0.012000    0.002000
1964   3   3  38457  -0.273083   0.299817  -0.1309776   0.0022220   0.000000   0.000000   0.030000   0.030000  0.0020000  0.0014000    0.012000    0.002000
1964   3   4  38458  -0.270583   0.302917  -0.1318447   0.0021080   0.000000   0.000000   0.030000   0.030000  0.0020000  0.0014000    0.012000    0.002000
1964   3   5  38459  -0.268083   0.306017  -0.1326027   0.0020000   0.000000   0.000000   0.030000   0.030000  0.0020000  0.0014000    0.012000    0.002000
1964   3   6  38460  -0.265382   0.309118  -0.1332687   0.0019070   0.000000   0.000000   0.030000   0.030000  0.0020000  0.0014000    0.012000    0.002000
1964   3   7  38461  -0.262782   0.312118  -0.1338477   0.0018470   0.000000   0.000000   0.030000   0.030000  0.0020000  0.0014000    0.012000    0.002000
1964   3   8  38462  -0.260082   0.315118  -0.1343797   0.0018250   0.000000   0.000000   0.030000   0.030000  0.0020000  0.0014000    0.012000    0.002000
1964   3   9  38463  -0.257282   0.318118  -0.1349278   0.0018600   0.000000   0.000000   0.030000   0.030000  0.0020000  0.0014000    0.012000    0.002000
1964   3  10  38464  -0.254481   0.321119  -0.1355318   0.0019590   0.000000   0.000000   0.030000   0.030000  0.0020000  0.0014000    0.012000    0.002000
1964   3  11  38465  -0.251581   0.324119  -0.1362758   0.0021210   0.000000   0.000000   0.030000   0.030000  0.0020000  0.0014000    0.012000    0.002000
1964   3  12  38466  -0.248681   0.327119  -0.1372108   0.0023350   0.000000   0.000000   0.030000   0.030000  0.0020000  0.0014000    0.012000    0.002000
1964   3  13  38467  -0.245781   0.330019  -0.1383539   0.0025620   0.000000   0.000000   0.030000   0.030000  0.0020000  0.0014000    0.012000    0.002000
1964   3  14  38468  -0.242780   0.333020  -0.1397269   0.0027570   0.000000   0.000000   0.030000   0.030000  0.0020000  0.0014000    0.012000    0.002000
1964   3  15  38469  -0.239780   0.335920  -0.1412529   0.0028790   0.000000   0.000000   0.030000   0.030000  0.0020000  0.0014000    0.012000    0.002000
1964   3  16  38470  -0.236680   0.338820  -0.1428499   0.0028850   0.000000   0.000000   0.030000   0.030000  0.0020000  0.0014000    0.012000    0.002000
1964   3  17  38471  -0.233579   0.341721  -0.1444069   0.0027910   0.000000   0.000000   0.030000   0.030000  0.0020000  0.0014000    0.012000    0.002000
1964   3  18  38472  -0.230379   0.344621  -0.1458150   0.0026050   0.000000   0.000000   0.030000   0.030000  0.0020000  0.0014000    0.012000    0.002000
1964   3  19  38473  -0.227279   0.347521  -0.1470260   0.0023960   0.000000   0.000000   0.030000   0.030000  0.0020000  0.0014000    0.012000    0.002000
1964   3  20  38474  -0.223979   0.350421  -0.1480150   0.0021890   0.000000   0.000000   0.030000   0.030000  0.0020000  0.0014000    0.012000    0.002000
1964   3  21  38475  -0.220678   0.353222  -0.1488250   0.0020460   0.000000   0.000000   0.030000   0.030000  0.0020000  0.0014000    0.012000    0.002000
1964   3  22  38476  -0.217378   0.356122  -0.1495470   0.0020010   0.000000   0.000000   0.030000   0.030000  0.0020000  0.0014000    0.012000    0.002000
1964   3  23  38477  -0.214078   0.358922  -0.1502670   0.0020430   0.000000   0.000000   0.030000   0.030000  0.0020000  0.0014000    0.012000    0.002000
1964   3  24  38478  -0.210678   0.361722  -0.1510631   0.0021470   0.000000   0.000000   0.030000   0.030000  0.0020000  0.0014000    0.012000    0.002000
1964   3  25  38479  -0.207177   0.364523  -0.1519811   0.0022890   0.000000   0.000000   0.030000   0.030000  0.0020000  0.0014000    0.012000    0.002000
1964   3  26  38480  -0.203777   0.367223  -0.1530271   0.0024080   0.000000   0.000000   0.030000   0.030000  0.0020000  0.0014000    0.012000    0.002000
1964   3  27  38481  -0.200277   0.370023  -0.1541911   0.0024920   0.000000   0.000000   0.030000   0.030000  0.0020000  0.0014000    0.012000    0.002000
1964   3  28  38482  -0.196676   0.372724  -0.1553901   0.0025050   0.000000   0.000000   0.030000   0.030000  0.0020000  0.0014000    0.012000    0.002000
1964   3  29  38483  -0.193176   0.375424  -0.1565912   0.0024660   0.000000   0.000000   0.030000   0.030000  0.0020000  0.0014000    0.012000    0.002000
1964   3  30  38484  -0.189576   0.378024  -0.1577242   0.0023840   0.000000   0.000000   0.030000   0.030000  0.0020000  0.0014000    0.012000    0.002000
1964   3  31  38485  -0.185876   0.380724  -0.1587572   0.0022660   0.000000   0.000000   0.030000   0.030000  0.0020000  0.0014000    0.012000    0.002000
1964   4   1  38486  -0.182275   0.383325  -0.0596522   0.0021140   0.000000   0.000000   0.030000   0.030000  0.0020000  0.0014000    0.012000    0.002000
1964   4   2  38487  -0.178575   0.385925  -0.0603972   0.0019680   0.000000   0.000000   0.030000   0.030000  0.0020000  0.0014000    0.012000    0.002000
1964   4   3  38488  -0.174875   0.388425  -0.0610082   0.0018500   0.000000   0.000000   0.030000   0.030000  0.0020000  0.0014000    0.012000    0.002000
1964   4   4  38489  -0.171175   0.390925  -0.0615333   0.0017770   0.000000   0.000000   0.030000   0.030000  0.0020000  0.0014000    0.012000    0.002000
1964   4   5  38490  -0.167474   0.393426  -0.0620013   0.0017590   0.000000   0.000000   0.030000   0.030000  0.0020000  0.0014000    0.012000    0.002000
1964   4   6  38491  -0.163774   0.395926  -0.0624723   0.0017920   0.000000   0.000000   0.030000   0.030000  0.0020000  0.0014000    0.012000    0.002000
1964   4   7  38492  -0.160074   0.398326  -0.0630073   0.0018780   0.000000   0.000000   0.030000   0.030000  0.0020000  0.0014000    0.012000    0.002000
1964   4   8  38493  -0.156273   0.400727  -0.0636583   0.0020340   0.000000   0.000000   0.030000   0.030000  0.0020000  0.0014000    0.012000    0.002000
1964   4   9  38494  -0.152573   0.403027  -0.0644883   0.0022110   0.000000   0.000000   0.030000   0.030000  0.0020000  0.0014000    0.012000    0.002000
1964   4  10  38495  -0.148873   0.405427  -0.0654834   0.0023860   0.000000   0.000000   0.030000   0.030000  0.0020000  0.0014000    0.012000    0.002000
1964   4  11  38496  -0.145073   0.407627  -0.0666554   0.0025460   0.000000   0.000000   0.030000   0.030000  0.0020000  0.0014000    0.012000    0.002000
1964   4  12  38497  -0.141372   0.409928  -0.0679434   0.0026110   0.000000   0.000000   0.030000   0.030000  0.0020000  0.0014000    0.012000    0.002000
1964   4  13  38498  -0.137572   0.412128  -0.0692344   0.0025510   0.000000   0.000000   0.030000   0.030000  0.0020000  0.0014000    0.012000    0.002000
1964   4  14  38499  -0.133872   0.414328  -0.0704174   0.0023680   0.000000   0.000000   0.030000   0.030000  0.0020000  0.0014000    0.012000    0.002000
1964   4  15  38500  -0.130172   0.416428  -0.0713684   0.0021390   0.000000   0.000000   0.030000   0.030000  0.0020000  0.0014000    0.012000    0.002000
1964   4  16  38501  -0.126471   0.418529  -0.0720945   0.0019190   0.000000   0.000000   0.030000   0.030000  0.0020000  0.0014000    0.012000    0.002000
1964   4  17  38502  -0.122771   0.420629  -0.0726255   0.0017670   0.000000   0.000000   0.030000   0.030000  0.0020000  0.0014000    0.012000    0.002000
1964   4  18  38503  -0.119071   0.422629  -0.0730595   0.0017170   0.000000   0.000000   0.030000   0.030000  0.0020000  0.0014000    0.012000    0.002000
1964   4  19  38504  -0.115470   0.424630  -0.0734915   0.0017800   0.000000   0.000000   0.030000   0.030000  0.0020000  0.0014000    0.012000    0.002000
1964   4  20  38505  -0.111870   0.426530  -0.0740445   0.0019150   0.000000   0.000000   0.030000   0.030000  0.0020000  0.0014000    0.012000    0.002000
1964   4  21  38506  -0.108270   0.428430  -0.0747425   0.0020840   0.000000   0.000000   0.030000   0.030000  0.0020000  0.0014000    0.012000    0.002000
1964   4  22  38507  -0.104670   0.430330  -0.0756115   0.0022410   0.000000   0.000000   0.030000   0.030000  0.0020000  0.0014000    0.012000    0.002000
1964   4  23  38508  -0.101069   0.432131  -0.0766236   0.0023750   0.000000   0.000000   0.030000   0.030000  0.0020000  0.0014000    0.012000    0.002000
1964   4  24  38509  -0.097569   0.433931  -0.0777546   0.0024660   0.000000   0.000000   0.030000   0.030000  0.0020000  0.0014000    0.012000    0.002000
1964   4  25  38510  -0.094069   0.435631  -0.0789466   0.0024980   0.000000   0.000000   0.030000   0.030000  0.0020000  0.0014000    0.012000    0.002000
1964   4  26  38511  -0.090569   0.437331  -0.0801326   0.0024550   0.000000   0.000000   0.030000   0.030000  0.0020000  0.0014000    0.012000    0.002000
1964   4  27  38512  -0.087168   0.438932  -0.0812536   0.0023710   0.000000   0.000000   0.030000   0.030000  0.0020000  0.0014000    0.012000    0.002000
1964   4  28  38513  -0.083768   0.440532  -0.0822866   0.0022630   0.000000   0.000000   0.030000   0.030000  0.0020000  0.0014000    0.012000    0.002000
1964   4  29  38514  -0.080368   0.442032  -0.0831886   0.0021520   0.000000   0.000000   0.030000   0.030000  0.0020000  0.0014000    0.012000    0.002000
1964   4  30  38515  -0.076967   0.443533  -0.0840067   0.0020600   0.000000   0.000000   0.030000   0.030000  0.0020000  0.0014000    0.012000    0.002000
1964   5   1  38516  -0.073667   0.444933  -0.0847217   0.0019880   0.000000   0.000000   0.030000   0.030000  0.0020000  0.0014000    0.012000    0.002000
1964   5   2  38517  -0.070367   0.446333  -0.0853997   0.0019580   0.000000   0.000000   0.030000   0.030000  0.0020000  0.0014000    0.012000    0.002000
1964   5   3  38518  -0.067067   0.447633  -0.0860677   0.0019870   0.000000   0.000000   0.030000   0.030000  0.0020000  0.0014000    0.012000    0.002000
1964   5   4  38519  -0.063766   0.448934  -0.0867937   0.0020560   0.000000   0.000000   0.030000   0.030000  0.0020000  0.0014000    0.012000    0.002000
1964   5   5  38520  -0.060466   0.450134  -0.0875987   0.0021720   0.000000   0.000000   0.030000   0.030000  0.0020000  0.0014000    0.012000    0.002000
1964   5   6  38521  -0.057266   0.451234  -0.0885637   0.0023560   0.000000   0.000000   0.030000   0.030000  0.0020000  0.0014000    0.012000    0.002000
1964   5   7  38522  -0.054066   0.452234  -0.0897187   0.0025460   0.000000   0.000000   0.030000   0.030000  0.0020000  0.0014000    0.012000    0.002000
1964   5   8  38523  -0.050865   0.453235  -0.0910728   0.0027350   0.000000   0.000000   0.030000   0.030000  0.0020000  0.0014000    0.012000    0.002000
1964   5   9  38524  -0.047665   0.454135  -0.0925788   0.0028420   0.000000   0.000000   0.030000   0.030000  0.0020000  0.0014000    0.012000    0.002000
1964   5  10  38525  -0.044565   0.455035  -0.0941398   0.0028510   0.000000   0.000000   0.030000   0.030000  0.0020000  0.0014000    0.012000    0.002000
1964   5  11  38526  -0.041364   0.455836  -0.0956468   0.0027330   0.000000   0.000000   0.030000   0.030000  0.0020000  0.0014000    0.012000    0.002000
1964   5  12  38527  -0.038264   0.456536  -0.0969818   0.0025240   0.000000   0.000000   0.030000   0.030000  0.0020000  0.0014000    0.012000    0.002000
1964   5  13  38528  -0.035164   0.457136  -0.0980908   0.0022840   0.000000   0.000000   0.030000   0.030000  0.0020000  0.0014000    0.012000    0.002000
1964   5  14  38529  -0.031964   0.457736  -0.0989608   0.0020670   0.000000   0.000000   0.030000   0.030000  0.0020000  0.0014000    0.012000    0.002000
1964   5  15  38530  -0.028863   0.458237  -0.0996638   0.0019460   0.000000   0.000000   0.030000   0.030000  0.0020000  0.0014000    0.012000    0.002000
1964   5  16  38531  -0.025763   0.458737  -0.1002888   0.0019290   0.000000   0.000000   0.030000   0.030000  0.0020000  0.0014000    0.012000    0.002000
1964   5  17  38532  -0.022663   0.459037  -0.1009519   0.0019980   0.000000   0.000000   0.030000   0.030000  0.0020000  0.0014000    0.012000    0.002000
1964   5  18  38533  -0.019562   0.459338  -0.1017189   0.0021210   0.000000   0.000000   0.030000   0.030000  0.0020000  0.0014000    0.012000    0.002000
1964   5  19  38534  -0.016462   0.459638  -0.1026129   0.0022560   0.000000   0.000000   0.030000   0.030000  0.0020000  0.0014000    0.012000    0.002000
1964   5  20  38535  -0.013362   0.459738  -0.1036289   0.0023600   0.000000   0.000000   0.030000   0.030000  0.0020000  0.0014000    0.012000    0.002000
1964   5  21  38536  -0.010262   0.459838  -0.1047259   0.0024150   0.000000   0.000000   0.030000   0.030000  0.0020000  0.0014000    0.012000    0.002000
1964   5  22  38537  -0.007161   0.459939  -0.1058409   0.0024050   0.000000   0.000000   0.030000   0.030000  0.0020000  0.0014000    0.012000    0.002000
1964   5  23  38538  -0.004061   0.459939  -0.1069279   0.0023520   0.000000   0.000000   0.030000   0.030000  0.0020000  0.0014000    0.012000    0.002000
1964   5  24  38539  -0.000961   0.459839  -0.1079409   0.0022680   0.000000   0.000000   0.030000   0.030000  0.0020000  0.0014000    0.012000    0.002000
1964   5  25  38540   0.002139   0.459739  -0.1088649   0.0021460   0.000000   0.000000   0.030000   0.030000  0.0020000  0.0014000    0.012000    0.002000
1964   5  26  38541   0.005340   0.459540  -0.1096510   0.0020160   0.000000   0.000000   0.030000   0.030000  0.0020000  0.0014000    0.012000    0.002000
1964   5  27  38542   0.008440   0.459240  -0.1103000   0.0018770   0.000000   0.000000   0.030000   0.030000  0.0020000  0.0014000    0.012000    0.002000
1964   5  28  38543   0.011640   0.458940  -0.1108360   0.0017800   0.000000   0.000000   0.030000   0.030000  0.0020000  0.0014000    0.012000    0.002000
1964   5  29  38544   0.014741   0.458541  -0.1112870   0.0017320   0.000000   0.000000   0.030000   0.030000  0.0020000  0.0014000    0.012000    0.002000
1964   5  30  38545   0.017941   0.458141  -0.1117180   0.0017310   0.000000   0.000000   0.030000   0.030000  0.0020000  0.0014000    0.012000    0.002000
1964   5  31  38546   0.021141   0.457641  -0.1121780   0.0017790   0.000000   0.000000   0.030000   0.030000  0.0020000  0.0014000    0.012000    0.002000
1964   6   1  38547   0.024341   0.457141  -0.1127050   0.0018720   0.000000   0.000000   0.030000   0.030000  0.0020000  0.0014000    0.012000    0.002000
1964   6   2  38548   0.027542   0.456542  -0.1133360   0.0019980   0.000000   0.000000   0.030000   0.030000  0.0020000  0.0014000    0.012000    0.002000
1964   6   3  38549   0.030742   0.455842  -0.1141200   0.0021430   0.000000   0.000000   0.030000   0.030000  0.0020000  0.0014000    0.012000    0.002000
1964   6   4  38550   0.033942   0.455142  -0.1150250   0.0022840   0.000000   0.000000   0.030000   0.030000  0.0020000  0.0014000    0.012000    0.002000
1964   6   5  38551   0.037142   0.454342  -0.1160770   0.0023920   0.000000   0.000000   0.030000   0.030000  0.0020000  0.0014000    0.012000    0.002000
1964   6   6  38552   0.040343   0.453543  -0.1172030   0.0024340   0.000000   0.000000   0.030000   0.030000  0.0020000  0.0014000    0.012000    0.002000
1964   6   7  38553   0.043643   0.452643  -0.1183091   0.0023580   0.000000   0.000000   0.030000   0.030000  0.0020000  0.0014000    0.012000    0.002000
1964   6   8  38554   0.046843   0.451743  -0.1192921   0.0021710   0.000000   0.000000   0.030000   0.030000  0.0020000  0.0014000    0.012000    0.002000
1964   6   9  38555   0.050144   0.450744  -0.1200361   0.0019090   0.000000   0.000000   0.030000   0.030000  0.0020000  0.0014000    0.012000    0.002000
1964   6  10  38556   0.053344   0.449644  -0.1204971   0.0016300   0.000000   0.000000   0.030000   0.030000  0.0020000  0.0014000    0.012000    0.002000
1964   6  11  38557   0.056644   0.448544  -0.1207261   0.0014230   0.000000   0.000000   0.030000   0.030000  0.0020000  0.0014000    0.012000    0.002000
1964   6  12  38558   0.059944   0.447444  -0.1207891   0.0013100   0.000000   0.000000   0.030000   0.030000  0.0020000  0.0014000    0.012000    0.002000
1964   6  13  38559   0.063145   0.446245  -0.1207911   0.0012890   0.000000   0.000000   0.030000   0.030000  0.0020000  0.0014000    0.012000    0.002000
1964   6  14  38560   0.066445   0.444945  -0.1207891   0.0013330   0.000000   0.000000   0.030000   0.030000  0.0020000  0.0014000    0.012000    0.002000
1964   6  15  38561   0.069745   0.443645  -0.1208711   0.0014100   0.000000   0.000000   0.030000   0.030000  0.0020000  0.0014000    0.012000    0.002000
1964   6  16  38562   0.072945   0.442245  -0.1210091   0.0014570   0.000000   0.000000   0.030000   0.030000  0.0020000  0.0014000    0.012000    0.002000
1964   6  17  38563   0.076246   0.440846  -0.1211761   0.0014480   0.000000   0.000000   0.030000   0.030000  0.0020000  0.0014000    0.012000    0.002000
1964   6  18  38564   0.079546   0.439346  -0.1213051   0.0013800   0.000000   0.000000   0.030000   0.030000  0.0020000  0.0014000    0.012000    0.002000
1964   6  19  38565   0.082746   0.437846  -0.1213181   0.0012580   0.000000   0.000000   0.030000   0.030000  0.0020000  0.0014000    0.012000    0.002000
1964   6  20  38566   0.086047   0.436347  -0.1212171   0.0011240   0.000000   0.000000   0.030000   0.030000  0.0020000  0.0014000    0.012000    0.002000
1964   6  21  38567   0.089247   0.434747  -0.1209671   0.0009630   0.000000   0.000000   0.030000   0.030000  0.0020000  0.0014000    0.012000    0.002000
1964   6  22  38568   0.092547   0.433147  -0.1205602   0.0008120   0.000000   0.000000   0.030000   0.030000  0.0020000  0.0014000    0.012000    0.002000
1964   6  23  38569   0.095747   0.431447  -0.1200042   0.0006800   0.000000   0.000000   0.030000   0.030000  0.0020000  0.0014000    0.012000    0.002000
1964   6  24  38570   0.098948   0.429748  -0.1193482   0.0005930   0.000000   0.000000   0.030000   0.030000  0.0020000  0.0014000    0.012000    0.002000
1964   6  25  38571   0.102148   0.428048  -0.1186052   0.0005400   0.000000   0.000000   0.030000   0.030000  0.0020000  0.0014000    0.012000    0.002000
1964   6  26  38572   0.105348   0.426248  -0.1178472   0.0005430   0.000000   0.000000   0.030000   0.030000  0.0020000  0.0014000    0.012000    0.002000
1964   6  27  38573   0.108548   0.424448  -0.1171212   0.0006150   0.000000   0.000000   0.030000   0.030000  0.0020000  0.0014000    0.012000    0.002000
1964   6  28  38574   0.111749   0.422649  -0.1164962   0.0007530   0.000000   0.000000   0.030000   0.030000  0.0020000  0.0014000    0.012000    0.002000
1964   6  29  38575   0.114949   0.420749  -0.1160522   0.0009440   0.000000   0.000000   0.030000   0.030000  0.0020000  0.0014000    0.012000    0.002000
1964   6  30  38576   0.118049   0.418849  -0.1157932   0.0011410   0.000000   0.000000   0.030000   0.030000  0.0020000  0.0014000    0.012000    0.002000
1964   7   1  38577   0.121250   0.416950  -0.1157452   0.0013510   0.000000   0.000000   0.030000   0.030000  0.0020000  0.0014000    0.012000    0.002000
1964   7   2  38578   0.124350   0.415050  -0.1158882   0.0015280   0.000000   0.000000   0.030000   0.030000  0.0020000  0.0014000    0.012000    0.002000
1964   7   3  38579   0.127450   0.413050  -0.1161932   0.0016610   0.000000   0.000000   0.030000   0.030000  0.0020000  0.0014000    0.012000    0.002000
1964   7   4  38580   0.130650   0.411050  -0.1165932   0.0017120   0.000000   0.000000   0.030000   0.030000  0.0020000  0.0014000    0.012000    0.002000
1964   7   5  38581   0.133751   0.409051  -0.1169862   0.0016470   0.000000   0.000000   0.030000   0.030000  0.0020000  0.0014000    0.012000    0.002000
1964   7   6  38582   0.136851   0.407051  -0.1172792   0.0014990   0.000000   0.000000   0.030000   0.030000  0.0020000  0.0014000    0.012000    0.002000
1964   7   7  38583   0.139851   0.404951  -0.1173822   0.0013060   0.000000   0.000000   0.030000   0.030000  0.0020000  0.0014000    0.012000    0.002000
1964   7   8  38584   0.142951   0.402851  -0.1173112   0.0011320   0.000000   0.000000   0.030000   0.030000  0.0020000  0.0014000    0.012000    0.002000
1964   7   9  38585   0.145952   0.400752  -0.1170962   0.0010450   0.000000   0.000000   0.030000   0.030000  0.0020000  0.0014000    0.012000    0.002000
1964   7  10  38586   0.149052   0.398552  -0.1168372   0.0010650   0.000000   0.000000   0.030000   0.030000  0.0020000  0.0014000    0.012000    0.002000
1964   7  11  38587   0.152052   0.396452  -0.1166572   0.0011640   0.000000   0.000000   0.030000   0.030000  0.0020000  0.0014000    0.012000    0.002000
1964   7  12  38588   0.155053   0.394153  -0.1165982   0.0013090   0.000000   0.000000   0.030000   0.030000  0.0020000  0.0014000    0.012000    0.002000
1964   7  13  38589   0.158053   0.391953  -0.1166692   0.0014060   0.000000   0.000000   0.030000   0.030000  0.0020000  0.0014000    0.012000    0.002000
1964   7  14  38590   0.160953   0.389653  -0.1168002   0.0014540   0.000000   0.000000   0.030000   0.030000  0.0020000  0.0014000    0.012000    0.002000
1964   7  15  38591   0.163953   0.387353  -0.1169632   0.0014500   0.000000   0.000000   0.030000   0.030000  0.0020000  0.0014000    0.012000    0.002000
1964   7  16  38592   0.166854   0.385054  -0.1170782   0.0013810   0.000000   0.000000   0.030000   0.030000  0.0020000  0.0014000    0.012000    0.002000
1964   7  17  38593   0.169754   0.382654  -0.1171082   0.0012630   0.000000   0.000000   0.030000   0.030000  0.0020000  0.0014000    0.012000    0.002000
1964   7  18  38594   0.172554   0.380254  -0.1170152   0.0011360   0.000000   0.000000   0.030000   0.030000  0.0020000  0.0014000    0.012000    0.002000
1964   7  19  38595   0.175454   0.377854  -0.1167872   0.0009980   0.000000   0.000000   0.030000   0.030000  0.0020000  0.0014000    0.012000    0.002000
1964   7  20  38596   0.178255   0.375355  -0.1164132   0.0008580   0.000000   0.000000   0.030000   0.030000  0.0020000  0.0014000    0.012000    0.002000
1964   7  21  38597   0.181055   0.372755  -0.1159212   0.0007530   0.000000   0.000000   0.030000   0.030000  0.0020000  0.0014000    0.012000    0.002000
1964   7  22  38598   0.183755   0.370255  -0.1153422   0.0006880   0.000000   0.000000   0.030000   0.030000  0.0020000  0.0014000    0.012000    0.002000
1964   7  23  38599   0.186456   0.367556  -0.1147142   0.0006760   0.000000   0.000000   0.030000   0.030000  0.0020000  0.0014000    0.012000    0.002000
1964   7  24  38600   0.189156   0.364956  -0.1141142   0.0007240   0.000000   0.000000   0.030000   0.030000  0.0020000  0.0014000    0.012000    0.002000
1964   7  25  38601   0.191756   0.362156  -0.1135922   0.0008310   0.000000   0.000000   0.030000   0.030000  0.0020000  0.0014000    0.012000    0.002000
1964   7  26  38602   0.194356   0.359356  -0.1132022   0.0009960   0.000000   0.000000   0.030000   0.030000  0.0020000  0.0014000    0.012000    0.002000
1964   7  27  38603   0.196957   0.356557  -0.1129932   0.0011800   0.000000   0.000000   0.030000   0.030000  0.0020000  0.0014000    0.012000    0.002000
1964   7  28  38604   0.199457   0.353657  -0.1129722   0.0013850   0.000000   0.000000   0.030000   0.030000  0.0020000  0.0014000    0.012000    0.002000
1964   7  29  38605   0.201957   0.350657  -0.1131552   0.0015540   0.000000   0.000000   0.030000   0.030000  0.0020000  0.0014000    0.012000    0.002000
1964   7  30  38606   0.204357   0.347657  -0.1134722   0.0016690   0.000000   0.000000   0.030000   0.030000  0.0020000  0.0014000    0.012000    0.002000
1964   7  31  38607   0.206658   0.344658  -0.1138792   0.0017110   0.000000   0.000000   0.030000   0.030000  0.0020000  0.0014000    0.012000    0.002000
1964   8   1  38608   0.209058   0.341458  -0.1142872   0.0016720   0.000000   0.000000   0.030000   0.030000  0.0020000  0.0014000    0.012000    0.002000
1964   8   2  38609   0.211258   0.338258  -0.1146182   0.0015690   0.000000   0.000000   0.030000   0.030000  0.0020000  0.0014000    0.012000    0.002000
1964   8   3  38610   0.213459   0.335059  -0.1148222   0.0014260   0.000000   0.000000   0.030000   0.030000  0.0020000  0.0014000    0.012000    0.002000
1964   8   4  38611   0.215559   0.331759  -0.1148822   0.0012710   0.000000   0.000000   0.030000   0.030000  0.0020000  0.0014000    0.012000    0.002000
1964   8   5  38612   0.217659   0.328359  -0.1148062   0.0011800   0.000000   0.000000   0.030000   0.030000  0.0020000  0.0014000    0.012000    0.002000
1964   8   6  38613   0.219659   0.324959  -0.1146862   0.0011880   0.000000   0.000000   0.030000   0.030000  0.0020000  0.0014000    0.012000    0.002000
1964   8   7  38614   0.221560   0.321460  -0.1146262   0.0012860   0.000000   0.000000   0.030000   0.030000  0.0020000  0.0014000    0.012000    0.002000
1964   8   8  38615   0.223460   0.317860  -0.1147012   0.0014480   0.000000   0.000000   0.030000   0.030000  0.0020000  0.0014000    0.012000    0.002000
1964   8   9  38616   0.225160   0.314260  -0.1149352   0.0016060   0.000000   0.000000   0.030000   0.030000  0.0020000  0.0014000    0.012000    0.002000
1964   8  10  38617   0.226861   0.310561  -0.1153082   0.0017180   0.000000   0.000000   0.030000   0.030000  0.0020000  0.0014000    0.012000    0.002000
1964   8  11  38618   0.228461   0.306861  -0.1157442   0.0017410   0.000000   0.000000   0.030000   0.030000  0.0020000  0.0014000    0.012000    0.002000
1964   8  12  38619   0.229961   0.303061  -0.1161632   0.0016640   0.000000   0.000000   0.030000   0.030000  0.0020000  0.0014000    0.012000    0.002000
1964   8  13  38620   0.231461   0.299161  -0.1164592   0.0015210   0.000000   0.000000   0.030000   0.030000  0.0020000  0.0014000    0.012000    0.002000
1964   8  14  38621   0.232762   0.295262  -0.1165912   0.0013480   0.000000   0.000000   0.030000   0.030000  0.0020000  0.0014000    0.012000    0.002000
1964   8  15  38622   0.234062   0.291262  -0.1165502   0.0011590   0.000000   0.000000   0.030000   0.030000  0.0020000  0.0014000    0.012000    0.002000
1964   8  16  38623   0.235262   0.287262  -0.1163112   0.0009750   0.000000   0.000000   0.030000   0.030000  0.0020000  0.0014000    0.012000    0.002000
1964   8  17  38624   0.236362   0.283162  -0.1159092   0.0008060   0.000000   0.000000   0.030000   0.030000  0.0020000  0.0014000    0.012000    0.002000
1964   8  18  38625   0.237263   0.279063  -0.1153362   0.0006770   0.000000   0.000000   0.030000   0.030000  0.0020000  0.0014000    0.012000    0.002000
1964   8  19  38626   0.238263   0.274863  -0.1146912   0.0006210   0.000000   0.000000   0.030000   0.030000  0.0020000  0.0014000    0.012000    0.002000
1964   8  20  38627   0.239063   0.270663  -0.1140082   0.0006240   0.000000   0.000000   0.030000   0.030000  0.0020000  0.0014000    0.012000    0.002000
1964   8  21  38628   0.239764   0.266364  -0.1133592   0.0006970   0.000000   0.000000   0.030000   0.030000  0.0020000  0.0014000    0.012000    0.002000
1964   8  22  38629   0.240364   0.262064  -0.1128212   0.0008250   0.000000   0.000000   0.030000   0.030000  0.0020000  0.0014000    0.012000    0.002000
1964   8  23  38630   0.240964   0.257764  -0.1124232   0.0009920   0.000000   0.000000   0.030000   0.030000  0.0020000  0.0014000    0.012000    0.002000
1964   8  24  38631   0.241364   0.253364  -0.1122192   0.0011800   0.000000   0.000000   0.030000   0.030000  0.0020000  0.0014000    0.012000    0.002000
1964   8  25  38632   0.241765   0.248965  -0.1121952   0.0013540   0.000000   0.000000   0.030000   0.030000  0.0020000  0.0014000    0.012000    0.002000
1964   8  26  38633   0.241965   0.244465  -0.1123182   0.0014800   0.000000   0.000000   0.030000   0.030000  0.0020000  0.0014000    0.012000    0.002000
1964   8  27  38634   0.242165   0.239965  -0.1125272   0.0015240   0.000000   0.000000   0.030000   0.030000  0.0020000  0.0014000    0.012000    0.002000
1964   8  28  38635   0.242265   0.235565  -0.1127562   0.0015000   0.000000   0.000000   0.030000   0.030000  0.0020000  0.0014000    0.012000    0.002000
1964   8  29  38636   0.242266   0.230966  -0.1129032   0.0013940   0.000000   0.000000   0.030000   0.030000  0.0020000  0.0014000    0.012000    0.002000
1964   8  30  38637   0.242166   0.226466  -0.1129302   0.0012480   0.000000   0.000000   0.030000   0.030000  0.0020000  0.0014000    0.012000    0.002000
1964   8  31  38638   0.242066   0.221966  -0.1128102   0.0011170   0.000000   0.000000   0.030000   0.030000  0.0020000  0.0014000    0.012000    0.002000
1964   9   1  38639   0.241767   0.217367  -0.0125822   0.0010390   0.000000   0.000000   0.030000   0.030000  0.0020000  0.0014000    0.012000    0.002000
1964   9   2  38640   0.241467   0.212767  -0.0123272   0.0010580   0.000000   0.000000   0.030000   0.030000  0.0020000  0.0014000    0.012000    0.002000
1964   9   3  38641   0.241067   0.208267  -0.0121311   0.0011660   0.000000   0.000000   0.030000   0.030000  0.0020000  0.0014000    0.012000    0.002000
1964   9   4  38642   0.240567   0.203667  -0.0120961   0.0013640   0.000000   0.000000   0.030000   0.030000  0.0020000  0.0014000    0.012000    0.002000
1964   9   5  38643   0.239968   0.199168  -0.0122791   0.0015940   0.000000   0.000000   0.030000   0.030000  0.0020000  0.0014000    0.012000    0.002000
1964   9   6  38644   0.239368   0.194568  -0.0126771   0.0018020   0.000000   0.000000   0.030000   0.030000  0.0020000  0.0014000    0.012000    0.002000
1964   9   7  38645   0.238568   0.190068  -0.0132621   0.0019440   0.000000   0.000000   0.030000   0.030000  0.0020000  0.0014000    0.012000    0.002000
1964   9   8  38646   0.237768   0.185568  -0.0139451   0.0019980   0.000000   0.000000   0.030000   0.030000  0.0020000  0.0014000    0.012000    0.002000
1964   9   9  38647   0.236969   0.181069  -0.0146311   0.0019620   0.000000   0.000000   0.030000   0.030000  0.0020000  0.0014000    0.012000    0.002000
1964   9  10  38648   0.235969   0.176569  -0.0152591   0.0018770   0.000000   0.000000   0.030000   0.030000  0.0020000  0.0014000    0.012000    0.002000
1964   9  11  38649   0.234969   0.172169  -0.0157851   0.0017720   0.000000   0.000000   0.030000   0.030000  0.0020000  0.0014000    0.012000    0.002000
1964   9  12  38650   0.233970   0.167770  -0.0162021   0.0016540   0.000000   0.000000   0.030000   0.030000  0.0020000  0.0014000    0.012000    0.002000
1964   9  13  38651   0.232770   0.163370  -0.0165091   0.0015460   0.000000   0.000000   0.030000   0.030000  0.0020000  0.0014000    0.012000    0.002000
1964   9  14  38652   0.231670   0.159070  -0.0167171   0.0014770   0.000000   0.000000   0.030000   0.030000  0.0020000  0.0014000    0.012000    0.002000
1964   9  15  38653   0.230370   0.154770  -0.0168921   0.0014620   0.000000   0.000000   0.030000   0.030000  0.0020000  0.0014000    0.012000    0.002000
1964   9  16  38654   0.229071   0.150571  -0.0170611   0.0014970   0.000000   0.000000   0.030000   0.030000  0.0020000  0.0014000    0.012000    0.002000
1964   9  17  38655   0.227771   0.146371  -0.0173061   0.0015930   0.000000   0.000000   0.030000   0.030000  0.0020000  0.0014000    0.012000    0.002000
1964   9  18  38656   0.226371   0.142271  -0.0176670   0.0017370   0.000000   0.000000   0.030000   0.030000  0.0020000  0.0014000    0.012000    0.002000
1964   9  19  38657   0.224871   0.138171  -0.0182070   0.0019290   0.000000   0.000000   0.030000   0.030000  0.0020000  0.0014000    0.012000    0.002000
1964   9  20  38658   0.223372   0.134072  -0.0189540   0.0021470   0.000000   0.000000   0.030000   0.030000  0.0020000  0.0014000    0.012000    0.002000
1964   9  21  38659   0.221872   0.130072  -0.0199200   0.0023590   0.000000   0.000000   0.030000   0.030000  0.0020000  0.0014000    0.012000    0.002000
1964   9  22  38660   0.220272   0.126172  -0.0210570   0.0025030   0.000000   0.000000   0.030000   0.030000  0.0020000  0.0014000    0.012000    0.002000
1964   9  23  38661   0.218673   0.122273  -0.0223070   0.0025810   0.000000   0.000000   0.030000   0.030000  0.0020000  0.0014000    0.012000    0.002000
1964   9  24  38662   0.216973   0.118473  -0.0235930   0.0025550   0.000000   0.000000   0.030000   0.030000  0.0020000  0.0014000    0.012000    0.002000
1964   9  25  38663   0.215273   0.114673  -0.0247860   0.0024260   0.000000   0.000000   0.030000   0.030000  0.0020000  0.0014000    0.012000    0.002000
1964   9  26  38664   0.213573   0.110973  -0.0258380   0.0022430   0.000000   0.000000   0.030000   0.030000  0.0020000  0.0014000    0.012000    0.002000
1964   9  27  38665   0.211774   0.107374  -0.0266910   0.0020670   0.000000   0.000000   0.030000   0.030000  0.0020000  0.0014000    0.012000    0.002000
1964   9  28  38666   0.209974   0.103774  -0.0273890   0.0019310   0.000000   0.000000   0.030000   0.030000  0.0020000  0.0014000    0.012000    0.002000
1964   9  29  38667   0.208074   0.100274  -0.0279910   0.0018900   0.000000   0.000000   0.030000   0.030000  0.0020000  0.0014000    0.012000    0.002000
1964   9  30  38668   0.206174   0.096874  -0.0286129   0.0019480   0.000000   0.000000   0.030000   0.030000  0.0020000  0.0014000    0.012000    0.002000
1964  10   1  38669   0.204175   0.093475  -0.0293259   0.0020900   0.000000   0.000000   0.030000   0.030000  0.0020000  0.0014000    0.012000    0.002000
1964  10   2  38670   0.202175   0.090175  -0.0302179   0.0022800   0.000000   0.000000   0.030000   0.030000  0.0020000  0.0014000    0.012000    0.002000
1964  10   3  38671   0.200175   0.086975  -0.0313049   0.0024700   0.000000   0.000000   0.030000   0.030000  0.0020000  0.0014000    0.012000    0.002000
1964  10   4  38672   0.198076   0.083776  -0.0325519   0.0026140   0.000000   0.000000   0.030000   0.030000  0.0020000  0.0014000    0.012000    0.002000
1964  10   5  38673   0.195976   0.080676  -0.0339059   0.0026710   0.000000   0.000000   0.030000   0.030000  0.0020000  0.0014000    0.012000    0.002000
1964  10   6  38674   0.193776   0.077676  -0.0352759   0.0026540   0.000000   0.000000   0.030000   0.030000  0.0020000  0.0014000    0.012000    0.002000
1964  10   7  38675   0.191576   0.074676  -0.0365909   0.0025550   0.000000   0.000000   0.030000   0.030000  0.0020000  0.0014000    0.012000    0.002000
1964  10   8  38676   0.189377   0.071877  -0.0377809   0.0024100   0.000000   0.000000   0.030000   0.030000  0.0020000  0.0014000    0.012000    0.002000
1964  10   9  38677   0.187077   0.069077  -0.0388148   0.0022470   0.000000   0.000000   0.030000   0.030000  0.0020000  0.0014000    0.012000    0.002000
1964  10  10  38678   0.184777   0.066277  -0.0396878   0.0020940   0.000000   0.000000   0.030000   0.030000  0.0020000  0.0014000    0.012000    0.002000
1964  10  11  38679   0.182377   0.063677  -0.0404238   0.0019740   0.000000   0.000000   0.030000   0.030000  0.0020000  0.0014000    0.012000    0.002000
1964  10  12  38680   0.179978   0.061078  -0.0410628   0.0019040   0.000000   0.000000   0.030000   0.030000  0.0020000  0.0014000    0.012000    0.002000
1964  10  13  38681   0.177478   0.058578  -0.0416518   0.0018850   0.000000   0.000000   0.030000   0.030000  0.0020000  0.0014000    0.012000    0.002000
1964  10  14  38682   0.174978   0.056078  -0.0422638   0.0019400   0.000000   0.000000   0.030000   0.030000  0.0020000  0.0014000    0.012000    0.002000
1964  10  15  38683   0.172479   0.053679  -0.0429518   0.0020440   0.000000   0.000000   0.030000   0.030000  0.0020000  0.0014000    0.012000    0.002000
1964  10  16  38684   0.169879   0.051379  -0.0437698   0.0021990   0.000000   0.000000   0.030000   0.030000  0.0020000  0.0014000    0.012000    0.002000
1964  10  17  38685   0.167279   0.049079  -0.0447638   0.0023820   0.000000   0.000000   0.030000   0.030000  0.0020000  0.0014000    0.012000    0.002000
1964  10  18  38686   0.164679   0.046879  -0.0459487   0.0025880   0.000000   0.000000   0.030000   0.030000  0.0020000  0.0014000    0.012000    0.002000
1964  10  19  38687   0.161980   0.044780  -0.0473327   0.0027610   0.000000   0.000000   0.030000   0.030000  0.0020000  0.0014000    0.012000    0.002000
1964  10  20  38688   0.159280   0.042680  -0.0488587   0.0028660   0.000000   0.000000   0.030000   0.030000  0.0020000  0.0014000    0.012000    0.002000
1964  10  21  38689   0.156480   0.040680  -0.0504287   0.0028560   0.000000   0.000000   0.030000   0.030000  0.0020000  0.0014000    0.012000    0.002000
1964  10  22  38690   0.153680   0.038680  -0.0519327   0.0027330   0.000000   0.000000   0.030000   0.030000  0.0020000  0.0014000    0.012000    0.002000
1964  10  23  38691   0.150881   0.036681  -0.0532767   0.0025230   0.000000   0.000000   0.030000   0.030000  0.0020000  0.0014000    0.012000    0.002000
1964  10  24  38692   0.147981   0.034881  -0.0543897   0.0022940   0.000000   0.000000   0.030000   0.030000  0.0020000  0.0014000    0.012000    0.002000
1964  10  25  38693   0.145081   0.032981  -0.0552857   0.0020990   0.000000   0.000000   0.030000   0.030000  0.0020000  0.0014000    0.012000    0.002000
1964  10  26  38694   0.142182   0.031182  -0.0560166   0.0019900   0.000000   0.000000   0.030000   0.030000  0.0020000  0.0014000    0.012000    0.002000
1964  10  27  38695   0.139182   0.029382  -0.0566896   0.0019740   0.000000   0.000000   0.030000   0.030000  0.0020000  0.0014000    0.012000    0.002000
1964  10  28  38696   0.136182   0.027582  -0.0574056   0.0020610   0.000000   0.000000   0.030000   0.030000  0.0020000  0.0014000    0.012000    0.002000
1964  10  29  38697   0.133182   0.025882  -0.0582396   0.0022030   0.000000   0.000000   0.030000   0.030000  0.0020000  0.0014000    0.012000    0.002000
1964  10  30  38698   0.130083   0.024183  -0.0592246   0.0023550   0.000000   0.000000   0.030000   0.030000  0.0020000  0.0014000    0.012000    0.002000
1964  10  31  38699   0.126983   0.022583  -0.0603496   0.0024760   0.000000   0.000000   0.030000   0.030000  0.0020000  0.0014000    0.012000    0.002000
1964  11   1  38700   0.123783   0.020883  -0.0615556   0.0025250   0.000000   0.000000   0.030000   0.030000  0.0020000  0.0014000    0.012000    0.002000
1964  11   2  38701   0.120584   0.019284  -0.0627935   0.0025170   0.000000   0.000000   0.030000   0.030000  0.0020000  0.0014000    0.012000    0.002000
1964  11   3  38702   0.117384   0.017684  -0.0639755   0.0024370   0.000000   0.000000   0.030000   0.030000  0.0020000  0.0014000    0.012000    0.002000
1964  11   4  38703   0.114184   0.016084  -0.0650495   0.0022930   0.000000   0.000000   0.030000   0.030000  0.0020000  0.0014000    0.012000    0.002000
1964  11   5  38704   0.110884   0.014584  -0.0659715   0.0021390   0.000000   0.000000   0.030000   0.030000  0.0020000  0.0014000    0.012000    0.002000
1964  11   6  38705   0.107585   0.012985  -0.0667365   0.0019820   0.000000   0.000000   0.030000   0.030000  0.0020000  0.0014000    0.012000    0.002000
1964  11   7  38706   0.104285   0.011485  -0.0673435   0.0018370   0.000000   0.000000   0.030000   0.030000  0.0020000  0.0014000    0.012000    0.002000
1964  11   8  38707   0.100885   0.009985  -0.0678354   0.0017460   0.000000   0.000000   0.030000   0.030000  0.0020000  0.0014000    0.012000    0.002000
1964  11   9  38708   0.097585   0.008485  -0.0682644   0.0017110   0.000000   0.000000   0.030000   0.030000  0.0020000  0.0014000    0.012000    0.002000
1964  11  10  38709   0.094186   0.006986  -0.0686794   0.0017410   0.000000   0.000000   0.030000   0.030000  0.0020000  0.0014000    0.012000    0.002000
1964  11  11  38710   0.090786   0.005486  -0.0691664   0.0018320   0.000000   0.000000   0.030000   0.030000  0.0020000  0.0014000    0.012000    0.002000
1964  11  12  38711   0.087386   0.003986  -0.0697714   0.0019650   0.000000   0.000000   0.030000   0.030000  0.0020000  0.0014000    0.012000    0.002000
1964  11  13  38712   0.083987   0.002587  -0.0705304   0.0021480   0.000000   0.000000   0.030000   0.030000  0.0020000  0.0014000    0.012000    0.002000
1964  11  14  38713   0.080487   0.001187  -0.0714754   0.0023450   0.000000   0.000000   0.030000   0.030000  0.0020000  0.0014000    0.012000    0.002000
1964  11  15  38714   0.077087  -0.000213  -0.0726303   0.0025510   0.000000   0.000000   0.030000   0.030000  0.0020000  0.0014000    0.012000    0.002000
1964  11  16  38715   0.073687  -0.001613  -0.0739643   0.0027070   0.000000   0.000000   0.030000   0.030000  0.0020000  0.0014000    0.012000    0.002000
1964  11  17  38716   0.070188  -0.002912  -0.0754183   0.0027840   0.000000   0.000000   0.030000   0.030000  0.0020000  0.0014000    0.012000    0.002000
1964  11  18  38717   0.066788  -0.004312  -0.0768933   0.0027490   0.000000   0.000000   0.030000   0.030000  0.0020000  0.0014000    0.012000    0.002000
1964  11  19  38718   0.063288  -0.005612  -0.0782793   0.0025960   0.000000   0.000000   0.030000   0.030000  0.0020000  0.0014000    0.012000    0.002000
1964  11  20  38719   0.059888  -0.006812  -0.0794823   0.0023850   0.000000   0.000000   0.030000   0.030000  0.0020000  0.0014000    0.012000    0.002000
1964  11  21  38720   0.056489  -0.008011  -0.0804592   0.0021750   0.000000   0.000000   0.030000   0.030000  0.0020000  0.0014000    0.012000    0.002000
1964  11  22  38721   0.052989  -0.009211  -0.0812552   0.0020230   0.000000   0.000000   0.030000   0.030000  0.0020000  0.0014000    0.012000    0.002000
1964  11  23  38722   0.049589  -0.010411  -0.0819512   0.0019800   0.000000   0.000000   0.030000   0.030000  0.0020000  0.0014000    0.012000    0.002000
1964  11  24  38723   0.046190  -0.011510  -0.0826602   0.0020520   0.000000   0.000000   0.030000   0.030000  0.0020000  0.0014000    0.012000    0.002000
1964  11  25  38724   0.042790  -0.012610  -0.0834792   0.0021740   0.000000   0.000000   0.030000   0.030000  0.0020000  0.0014000    0.012000    0.002000
1964  11  26  38725   0.039390  -0.013610  -0.0844241   0.0023240   0.000000   0.000000   0.030000   0.030000  0.0020000  0.0014000    0.012000    0.002000
1964  11  27  38726   0.035990  -0.014610  -0.0855171   0.0024440   0.000000   0.000000   0.030000   0.030000  0.0020000  0.0014000    0.012000    0.002000
1964  11  28  38727   0.032691  -0.015509  -0.0867131   0.0025250   0.000000   0.000000   0.030000   0.030000  0.0020000  0.0014000    0.012000    0.002000
1964  11  29  38728   0.029291  -0.016309  -0.0879431   0.0025240   0.000000   0.000000   0.030000   0.030000  0.0020000  0.0014000    0.012000    0.002000
1964  11  30  38729   0.025891  -0.017109  -0.0891491   0.0024770   0.000000   0.000000   0.030000   0.030000  0.0020000  0.0014000    0.012000    0.002000
1964  12   1  38730   0.022591  -0.017909  -0.0902890   0.0023760   0.000000   0.000000   0.030000   0.030000  0.0020000  0.0014000    0.012000    0.002000
1964  12   2  38731   0.019292  -0.018508  -0.0913000   0.0022330   0.000000   0.000000   0.030000   0.030000  0.0020000  0.0014000    0.012000    0.002000
1964  12   3  38732   0.015992  -0.019108  -0.0921620   0.0020910   0.000000   0.000000   0.030000   0.030000  0.0020000  0.0014000    0.012000    0.002000
1964  12   4  38733   0.012592  -0.019708  -0.0928860   0.0019610   0.000000   0.000000   0.030000   0.030000  0.0020000  0.0014000    0.012000    0.002000
1964  12   5  38734   0.009393  -0.020107  -0.0934960   0.0018660   0.000000   0.000000   0.030000   0.030000  0.0020000  0.0014000    0.012000    0.002000
1964  12   6  38735   0.006093  -0.020507  -0.0940450   0.0018320   0.000000   0.000000   0.030000   0.030000  0.0020000  0.0014000    0.012000    0.002000
1964  12   7  38736   0.002793  -0.020907  -0.0945909   0.0018390   0.000000   0.000000   0.030000   0.030000  0.0020000  0.0014000    0.012000    0.002000
1964  12   8  38737  -0.000507  -0.021107  -0.0951639   0.0019180   0.000000   0.000000   0.030000   0.030000  0.0020000  0.0014000    0.012000    0.002000
1964  12   9  38738  -0.003706  -0.021306  -0.0958449   0.0020300   0.000000   0.000000   0.030000   0.030000  0.0020000  0.0014000    0.012000    0.002000
1964  12  10  38739  -0.006906  -0.021406  -0.0966589   0.0021930   0.000000   0.000000   0.030000   0.030000  0.0020000  0.0014000    0.012000    0.002000
1964  12  11  38740  -0.010206  -0.021406  -0.0976489   0.0023800   0.000000   0.000000   0.030000   0.030000  0.0020000  0.0014000    0.012000    0.002000
1964  12  12  38741  -0.013406  -0.021306  -0.0988298   0.0025620   0.000000   0.000000   0.030000   0.030000  0.0020000  0.0014000    0.012000    0.002000
1964  12  13  38742  -0.016605  -0.021205  -0.1001768   0.0027150   0.000000   0.000000   0.030000   0.030000  0.0020000  0.0014000    0.012000    0.002000
1964  12  14  38743  -0.019805  -0.021005  -0.1016528   0.0028150   0.000000   0.000000   0.030000   0.030000  0.0020000  0.0014000    0.012000    0.002000
1964  12  15  38744  -0.023005  -0.020805  -0.1031778   0.0028200   0.000000   0.000000   0.030000   0.030000  0.0020000  0.0014000    0.012000    0.002000
1964  12  16  38745  -0.026104  -0.020404  -0.1046567   0.0027110   0.000000   0.000000   0.030000   0.030000  0.0020000  0.0014000    0.012000    0.002000
1964  12  17  38746  -0.029304  -0.020004  -0.1059807   0.0025250   0.000000   0.000000   0.030000   0.030000  0.0020000  0.0014000    0.012000    0.002000
1964  12  18  38747  -0.032504  -0.019504  -0.1071047   0.0023020   0.000000   0.000000   0.030000   0.030000  0.0020000  0.0014000    0.012000    0.002000
1964  12  19  38748  -0.035604  -0.019004  -0.1080067   0.0021040   0.000000   0.000000   0.030000   0.030000  0.0020000  0.0014000    0.012000    0.002000
1964  12  20  38749  -0.038803  -0.018403  -0.1087547   0.0020010   0.000000   0.000000   0.030000   0.030000  0.0020000  0.0014000    0.012000    0.002000
1964  12  21  38750  -0.042003  -0.017703  -0.1094586   0.0020150   0.000000   0.000000   0.030000   0.030000  0.0020000  0.0014000    0.012000    0.002000
1964  12  22  38751  -0.045103  -0.017003  -0.1102166   0.0021230   0.000000   0.000000   0.030000   0.030000  0.0020000  0.0014000    0.012000    0.002000
1964  12  23  38752  -0.048303  -0.016203  -0.1111156   0.0022660   0.000000   0.000000   0.030000   0.030000  0.0020000  0.0014000    0.012000    0.002000
1964  12  24  38753  -0.051502  -0.015302  -0.1121516   0.0023860   0.000000   0.000000   0.030000   0.030000  0.0020000  0.0014000    0.012000    0.002000
1964  12  25  38754  -0.054602  -0.014402  -0.1132755   0.0024300   0.000000   0.000000   0.030000   0.030000  0.0020000  0.0014000    0.012000    0.002000
1964  12  26  38755  -0.057802  -0.013402  -0.1144035   0.0024020   0.000000   0.000000   0.030000   0.030000  0.0020000  0.0014000    0.012000    0.002000
1964  12  27  38756  -0.061001  -0.012301  -0.1154655   0.0023010   0.000000   0.000000   0.030000   0.030000  0.0020000  0.0014000    0.012000    0.002000
1964  12  28  38757  -0.064201  -0.011201  -0.1163875   0.0021460   0.000000   0.000000   0.030000   0.030000  0.0020000  0.0014000    0.012000    0.002000
1964  12  29  38758  -0.067401  -0.010001  -0.1171475   0.0019600   0.000000   0.000000   0.030000   0.030000  0.0020000  0.0014000    0.012000    0.002000
1964  12  30  38759  -0.070601  -0.008801  -0.1177154   0.0017660   0.000000   0.000000   0.030000   0.030000  0.0020000  0.0014000    0.012000    0.002000
1964  12  31  38760  -0.073900  -0.007500  -0.1180924   0.0015830   0.000000   0.000000   0.030000   0.030000  0.0020000  0.0014000    0.012000    0.002000
