

                   INTERNATIONAL EARTH ROTATION SERVICE
                        EARTH ROTATION PARAMETERS
                          EOP (IERS) C04

  
             FORMAT(3(I4),I7,2(F11.6),2(F12.7),2(F12.6),2(F11.6),2(F12.7),2F12.6)
**********************************************************************************
  
      Date      MJD      x          y        UT1-UTC       LOD         dX        dY        x Err     y Err   UT1-UTC Err  Lod Err     dY Err       dY Err  
                         "          "           s           s          "         "           "          "          s         s            "           "
     (0h UTC)

1966   1   1  39126   0.055200   0.018800  -0.0472656   0.0026390   0.000000   0.000000   0.030000   0.030000  0.0020000  0.0014000    0.012000    0.002000
1966   1   2  39127   0.052400   0.017900  -0.0472975   0.0025960   0.000000   0.000000   0.030000   0.030000  0.0020000  0.0014000    0.012000    0.002000
1966   1   3  39128   0.049600   0.017000  -0.0472524   0.0024830   0.000000   0.000000   0.030000   0.030000  0.0020000  0.0014000    0.012000    0.002000
1966   1   4  39129   0.046801   0.016201  -0.0470674   0.0023100   0.000000   0.000000   0.030000   0.030000  0.0020000  0.0014000    0.012000    0.002000
1966   1   5  39130   0.044101   0.015501  -0.0466903   0.0021390   0.000000   0.000000   0.030000   0.030000  0.0020000  0.0014000    0.012000    0.002000
1966   1   6  39131   0.041301   0.014901  -0.0461732   0.0020210   0.000000   0.000000   0.030000   0.030000  0.0020000  0.0014000    0.012000    0.002000
1966   1   7  39132   0.038602   0.014302  -0.0455791   0.0020120   0.000000   0.000000   0.030000   0.030000  0.0020000  0.0014000    0.012000    0.002000
1966   1   8  39133   0.036002   0.013902  -0.0450500   0.0021320   0.000000   0.000000   0.030000   0.030000  0.0020000  0.0014000    0.012000    0.002000
1966   1   9  39134   0.033302   0.013502  -0.0446960   0.0023620   0.000000   0.000000   0.030000   0.030000  0.0020000  0.0014000    0.012000    0.002000
1966   1  10  39135   0.030702   0.013102  -0.0445859   0.0026160   0.000000   0.000000   0.030000   0.030000  0.0020000  0.0014000    0.012000    0.002000
1966   1  11  39136   0.028103   0.012903  -0.0447328   0.0028340   0.000000   0.000000   0.030000   0.030000  0.0020000  0.0014000    0.012000    0.002000
1966   1  12  39137   0.025503   0.012703  -0.0450377   0.0029360   0.000000   0.000000   0.030000   0.030000  0.0020000  0.0014000    0.012000    0.002000
1966   1  13  39138   0.023003   0.012603  -0.0453816   0.0029220   0.000000   0.000000   0.030000   0.030000  0.0020000  0.0014000    0.012000    0.002000
1966   1  14  39139   0.020403   0.012503  -0.0456636   0.0027970   0.000000   0.000000   0.030000   0.030000  0.0020000  0.0014000    0.012000    0.002000
1966   1  15  39140   0.017904   0.012504  -0.0457715   0.0025910   0.000000   0.000000   0.030000   0.030000  0.0020000  0.0014000    0.012000    0.002000
1966   1  16  39141   0.015404   0.012604  -0.0456584   0.0023710   0.000000   0.000000   0.030000   0.030000  0.0020000  0.0014000    0.012000    0.002000
1966   1  17  39142   0.012904   0.012704  -0.0453303   0.0021670   0.000000   0.000000   0.030000   0.030000  0.0020000  0.0014000    0.012000    0.002000
1966   1  18  39143   0.010505   0.012805  -0.0448272   0.0020080   0.000000   0.000000   0.030000   0.030000  0.0020000  0.0014000    0.012000    0.002000
1966   1  19  39144   0.008005   0.013005  -0.0441862   0.0019110   0.000000   0.000000   0.030000   0.030000  0.0020000  0.0014000    0.012000    0.002000
1966   1  20  39145   0.005605   0.013305  -0.0434841   0.0018860   0.000000   0.000000   0.030000   0.030000  0.0020000  0.0014000    0.012000    0.002000
1966   1  21  39146   0.003105   0.013605  -0.0427900   0.0019280   0.000000   0.000000   0.030000   0.030000  0.0020000  0.0014000    0.012000    0.002000
1966   1  22  39147   0.000706   0.013906  -0.0421799   0.0020300   0.000000   0.000000   0.030000   0.030000  0.0020000  0.0014000    0.012000    0.002000
1966   1  23  39148  -0.001694   0.014206  -0.0416848   0.0021750   0.000000   0.000000   0.030000   0.030000  0.0020000  0.0014000    0.012000    0.002000
1966   1  24  39149  -0.004094   0.014606  -0.0413557   0.0023390   0.000000   0.000000   0.030000   0.030000  0.0020000  0.0014000    0.012000    0.002000
1966   1  25  39150  -0.006494   0.015006  -0.0411807   0.0024980   0.000000   0.000000   0.030000   0.030000  0.0020000  0.0014000    0.012000    0.002000
1966   1  26  39151  -0.008993   0.015407  -0.0411616   0.0026400   0.000000   0.000000   0.030000   0.030000  0.0020000  0.0014000    0.012000    0.002000
1966   1  27  39152  -0.011393   0.015907  -0.0412555   0.0027290   0.000000   0.000000   0.030000   0.030000  0.0020000  0.0014000    0.012000    0.002000
1966   1  28  39153  -0.013793   0.016407  -0.0414214   0.0027750   0.000000   0.000000   0.030000   0.030000  0.0020000  0.0014000    0.012000    0.002000
1966   1  29  39154  -0.016292   0.016908  -0.0416053   0.0027730   0.000000   0.000000   0.030000   0.030000  0.0020000  0.0014000    0.012000    0.002000
1966   1  30  39155  -0.018692   0.017408  -0.0417583   0.0027030   0.000000   0.000000   0.030000   0.030000  0.0020000  0.0014000    0.012000    0.002000
1966   1  31  39156  -0.021192   0.017908  -0.0418152   0.0025830   0.000000   0.000000   0.030000   0.030000  0.0020000  0.0014000    0.012000    0.002000
1966   2   1  39157  -0.023592   0.018508  -0.0417281   0.0024320   0.000000   0.000000   0.030000   0.030000  0.0020000  0.0014000    0.012000    0.002000
1966   2   2  39158  -0.026091   0.019009  -0.0414980   0.0023070   0.000000   0.000000   0.030000   0.030000  0.0020000  0.0014000    0.012000    0.002000
1966   2   3  39159  -0.028591   0.019609  -0.0411809   0.0022580   0.000000   0.000000   0.030000   0.030000  0.0020000  0.0014000    0.012000    0.002000
1966   2   4  39160  -0.031091   0.020209  -0.0408748   0.0023350   0.000000   0.000000   0.030000   0.030000  0.0020000  0.0014000    0.012000    0.002000
1966   2   5  39161  -0.033591   0.020909  -0.0407128   0.0025490   0.000000   0.000000   0.030000   0.030000  0.0020000  0.0014000    0.012000    0.002000
1966   2   6  39162  -0.036090   0.021510  -0.0407977   0.0028280   0.000000   0.000000   0.030000   0.030000  0.0020000  0.0014000    0.012000    0.002000
1966   2   7  39163  -0.038690   0.022210  -0.0411746   0.0030970   0.000000   0.000000   0.030000   0.030000  0.0020000  0.0014000    0.012000    0.002000
1966   2   8  39164  -0.041190   0.022910  -0.0417695   0.0032600   0.000000   0.000000   0.030000   0.030000  0.0020000  0.0014000    0.012000    0.002000
1966   2   9  39165  -0.043789   0.023611  -0.0424654   0.0032890   0.000000   0.000000   0.030000   0.030000  0.0020000  0.0014000    0.012000    0.002000
1966   2  10  39166  -0.046289   0.024411  -0.0431173   0.0031730   0.000000   0.000000   0.030000   0.030000  0.0020000  0.0014000    0.012000    0.002000
1966   2  11  39167  -0.048889   0.025111  -0.0435872   0.0029450   0.000000   0.000000   0.030000   0.030000  0.0020000  0.0014000    0.012000    0.002000
1966   2  12  39168  -0.051489   0.025911  -0.0438132   0.0026760   0.000000   0.000000   0.030000   0.030000  0.0020000  0.0014000    0.012000    0.002000
1966   2  13  39169  -0.053988   0.026712  -0.0437631   0.0024190   0.000000   0.000000   0.030000   0.030000  0.0020000  0.0014000    0.012000    0.002000
1966   2  14  39170  -0.056588   0.027512  -0.0434790   0.0022130   0.000000   0.000000   0.030000   0.030000  0.0020000  0.0014000    0.012000    0.002000
1966   2  15  39171  -0.059188   0.028312  -0.0430219   0.0020660   0.000000   0.000000   0.030000   0.030000  0.0020000  0.0014000    0.012000    0.002000
1966   2  16  39172  -0.061688   0.029212  -0.0424558   0.0019930   0.000000   0.000000   0.030000   0.030000  0.0020000  0.0014000    0.012000    0.002000
1966   2  17  39173  -0.064187   0.030113  -0.0418527   0.0019920   0.000000   0.000000   0.030000   0.030000  0.0020000  0.0014000    0.012000    0.002000
1966   2  18  39174  -0.066687   0.031013  -0.0412697   0.0020320   0.000000   0.000000   0.030000   0.030000  0.0020000  0.0014000    0.012000    0.002000
1966   2  19  39175  -0.069187   0.031913  -0.0407526   0.0021290   0.000000   0.000000   0.030000   0.030000  0.0020000  0.0014000    0.012000    0.002000
1966   2  20  39176  -0.071686   0.032814  -0.0403465   0.0022620   0.000000   0.000000   0.030000   0.030000  0.0020000  0.0014000    0.012000    0.002000
1966   2  21  39177  -0.074086   0.033714  -0.0400874   0.0023870   0.000000   0.000000   0.030000   0.030000  0.0020000  0.0014000    0.012000    0.002000
1966   2  22  39178  -0.076486   0.034714  -0.0399423   0.0025070   0.000000   0.000000   0.030000   0.030000  0.0020000  0.0014000    0.012000    0.002000
1966   2  23  39179  -0.078786   0.035714  -0.0398872   0.0025640   0.000000   0.000000   0.030000   0.030000  0.0020000  0.0014000    0.012000    0.002000
1966   2  24  39180  -0.081185   0.036715  -0.0398701   0.0025830   0.000000   0.000000   0.030000   0.030000  0.0020000  0.0014000    0.012000    0.002000
1966   2  25  39181  -0.083485   0.037715  -0.0398430   0.0025410   0.000000   0.000000   0.030000   0.030000  0.0020000  0.0014000    0.012000    0.002000
1966   2  26  39182  -0.085685   0.038715  -0.0397540   0.0024530   0.000000   0.000000   0.030000   0.030000  0.0020000  0.0014000    0.012000    0.002000
1966   2  27  39183  -0.087885   0.039815  -0.0395519   0.0023290   0.000000   0.000000   0.030000   0.030000  0.0020000  0.0014000    0.012000    0.002000
1966   2  28  39184  -0.090084   0.040816  -0.0392028   0.0021920   0.000000   0.000000   0.030000   0.030000  0.0020000  0.0014000    0.012000    0.002000
1966   3   1  39185  -0.092184   0.041916  -0.0387397   0.0020680   0.000000   0.000000   0.030000   0.030000  0.0020000  0.0014000    0.012000    0.002000
1966   3   2  39186  -0.094284   0.043016  -0.0381796   0.0020060   0.000000   0.000000   0.030000   0.030000  0.0020000  0.0014000    0.012000    0.002000
1966   3   3  39187  -0.096383   0.044217  -0.0375985   0.0020530   0.000000   0.000000   0.030000   0.030000  0.0020000  0.0014000    0.012000    0.002000
1966   3   4  39188  -0.098383   0.045317  -0.0371384   0.0022300   0.000000   0.000000   0.030000   0.030000  0.0020000  0.0014000    0.012000    0.002000
1966   3   5  39189  -0.100283   0.046517  -0.0369144   0.0025260   0.000000   0.000000   0.030000   0.030000  0.0020000  0.0014000    0.012000    0.002000
1966   3   6  39190  -0.102183   0.047717  -0.0370243   0.0028620   0.000000   0.000000   0.030000   0.030000  0.0020000  0.0014000    0.012000    0.002000
1966   3   7  39191  -0.104082   0.049018  -0.0374522   0.0031470   0.000000   0.000000   0.030000   0.030000  0.0020000  0.0014000    0.012000    0.002000
1966   3   8  39192  -0.105882   0.050218  -0.0380931   0.0033000   0.000000   0.000000   0.030000   0.030000  0.0020000  0.0014000    0.012000    0.002000
1966   3   9  39193  -0.107682   0.051518  -0.0388050   0.0032870   0.000000   0.000000   0.030000   0.030000  0.0020000  0.0014000    0.012000    0.002000
1966   3  10  39194  -0.109382   0.052918  -0.0394289   0.0031310   0.000000   0.000000   0.030000   0.030000  0.0020000  0.0014000    0.012000    0.002000
1966   3  11  39195  -0.111081   0.054219  -0.0398578   0.0028910   0.000000   0.000000   0.030000   0.030000  0.0020000  0.0014000    0.012000    0.002000
1966   3  12  39196  -0.112781   0.055619  -0.0400267   0.0026390   0.000000   0.000000   0.030000   0.030000  0.0020000  0.0014000    0.012000    0.002000
1966   3  13  39197  -0.114381   0.057019  -0.0399596   0.0024100   0.000000   0.000000   0.030000   0.030000  0.0020000  0.0014000    0.012000    0.002000
1966   3  14  39198  -0.115980   0.058420  -0.0397016   0.0022660   0.000000   0.000000   0.030000   0.030000  0.0020000  0.0014000    0.012000    0.002000
1966   3  15  39199  -0.117480   0.059920  -0.0393305   0.0021860   0.000000   0.000000   0.030000   0.030000  0.0020000  0.0014000    0.012000    0.002000
1966   3  16  39200  -0.118980   0.061420  -0.0389094   0.0021840   0.000000   0.000000   0.030000   0.030000  0.0020000  0.0014000    0.012000    0.002000
1966   3  17  39201  -0.120480   0.063020  -0.0385313   0.0022610   0.000000   0.000000   0.030000   0.030000  0.0020000  0.0014000    0.012000    0.002000
1966   3  18  39202  -0.121879   0.064521  -0.0382572   0.0023790   0.000000   0.000000   0.030000   0.030000  0.0020000  0.0014000    0.012000    0.002000
1966   3  19  39203  -0.123279   0.066121  -0.0381291   0.0025390   0.000000   0.000000   0.030000   0.030000  0.0020000  0.0014000    0.012000    0.002000
1966   3  20  39204  -0.124679   0.067821  -0.0381580   0.0026980   0.000000   0.000000   0.030000   0.030000  0.0020000  0.0014000    0.012000    0.002000
1966   3  21  39205  -0.126079   0.069521  -0.0383499   0.0028510   0.000000   0.000000   0.030000   0.030000  0.0020000  0.0014000    0.012000    0.002000
1966   3  22  39206  -0.127478   0.071222  -0.0386658   0.0029640   0.000000   0.000000   0.030000   0.030000  0.0020000  0.0014000    0.012000    0.002000
1966   3  23  39207  -0.128778   0.072922  -0.0390578   0.0030090   0.000000   0.000000   0.030000   0.030000  0.0020000  0.0014000    0.012000    0.002000
1966   3  24  39208  -0.130078   0.074722  -0.0394807   0.0029970   0.000000   0.000000   0.030000   0.030000  0.0020000  0.0014000    0.012000    0.002000
1966   3  25  39209  -0.131377   0.076523  -0.0398586   0.0029290   0.000000   0.000000   0.030000   0.030000  0.0020000  0.0014000    0.012000    0.002000
1966   3  26  39210  -0.132677   0.078423  -0.0401325   0.0028010   0.000000   0.000000   0.030000   0.030000  0.0020000  0.0014000    0.012000    0.002000
1966   3  27  39211  -0.133977   0.080323  -0.0402724   0.0026470   0.000000   0.000000   0.030000   0.030000  0.0020000  0.0014000    0.012000    0.002000
1966   3  28  39212  -0.135277   0.082223  -0.0402493   0.0025020   0.000000   0.000000   0.030000   0.030000  0.0020000  0.0014000    0.012000    0.002000
1966   3  29  39213  -0.136576   0.084224  -0.0401132   0.0024070   0.000000   0.000000   0.030000   0.030000  0.0020000  0.0014000    0.012000    0.002000
1966   3  30  39214  -0.137876   0.086224  -0.0399131   0.0024010   0.000000   0.000000   0.030000   0.030000  0.0020000  0.0014000    0.012000    0.002000
1966   3  31  39215  -0.139176   0.088224  -0.0397550   0.0025040   0.000000   0.000000   0.030000   0.030000  0.0020000  0.0014000    0.012000    0.002000
1966   4   1  39216  -0.140375   0.090225  -0.0397789   0.0027320   0.000000   0.000000   0.030000   0.030000  0.0020000  0.0014000    0.012000    0.002000
1966   4   2  39217  -0.141675   0.092325  -0.0400538   0.0030250   0.000000   0.000000   0.030000   0.030000  0.0020000  0.0014000    0.012000    0.002000
1966   4   3  39218  -0.142975   0.094425  -0.0406388   0.0033170   0.000000   0.000000   0.030000   0.030000  0.0020000  0.0014000    0.012000    0.002000
1966   4   4  39219  -0.144175   0.096525  -0.0414887   0.0035220   0.000000   0.000000   0.030000   0.030000  0.0020000  0.0014000    0.012000    0.002000
1966   4   5  39220  -0.145474   0.098626  -0.0424526   0.0035780   0.000000   0.000000   0.030000   0.030000  0.0020000  0.0014000    0.012000    0.002000
1966   4   6  39221  -0.146674   0.100826  -0.0433985   0.0034700   0.000000   0.000000   0.030000   0.030000  0.0020000  0.0014000    0.012000    0.002000
1966   4   7  39222  -0.147874   0.102926  -0.0441794   0.0032460   0.000000   0.000000   0.030000   0.030000  0.0020000  0.0014000    0.012000    0.002000
1966   4   8  39223  -0.149074   0.105126  -0.0446923   0.0029670   0.000000   0.000000   0.030000   0.030000  0.0020000  0.0014000    0.012000    0.002000
1966   4   9  39224  -0.150273   0.107327  -0.0449192   0.0027040   0.000000   0.000000   0.030000   0.030000  0.0020000  0.0014000    0.012000    0.002000
1966   4  10  39225  -0.151473   0.109427  -0.0449321   0.0025070   0.000000   0.000000   0.030000   0.030000  0.0020000  0.0014000    0.012000    0.002000
1966   4  11  39226  -0.152573   0.111627  -0.0447820   0.0023980   0.000000   0.000000   0.030000   0.030000  0.0020000  0.0014000    0.012000    0.002000
1966   4  12  39227  -0.153672   0.113828  -0.0445679   0.0023780   0.000000   0.000000   0.030000   0.030000  0.0020000  0.0014000    0.012000    0.002000
1966   4  13  39228  -0.154772   0.116028  -0.0443738   0.0024350   0.000000   0.000000   0.030000   0.030000  0.0020000  0.0014000    0.012000    0.002000
1966   4  14  39229  -0.155772   0.118128  -0.0442667   0.0025500   0.000000   0.000000   0.030000   0.030000  0.0020000  0.0014000    0.012000    0.002000
1966   4  15  39230  -0.156772   0.120328  -0.0443066   0.0027140   0.000000   0.000000   0.030000   0.030000  0.0020000  0.0014000    0.012000    0.002000
1966   4  16  39231  -0.157771   0.122429  -0.0445095   0.0028730   0.000000   0.000000   0.030000   0.030000  0.0020000  0.0014000    0.012000    0.002000
1966   4  17  39232  -0.158771   0.124529  -0.0448795   0.0030340   0.000000   0.000000   0.030000   0.030000  0.0020000  0.0014000    0.012000    0.002000
1966   4  18  39233  -0.159571   0.126729  -0.0453774   0.0031540   0.000000   0.000000   0.030000   0.030000  0.0020000  0.0014000    0.012000    0.002000
1966   4  19  39234  -0.160471   0.128829  -0.0459803   0.0032120   0.000000   0.000000   0.030000   0.030000  0.0020000  0.0014000    0.012000    0.002000
1966   4  20  39235  -0.161270   0.130830  -0.0465982   0.0032040   0.000000   0.000000   0.030000   0.030000  0.0020000  0.0014000    0.012000    0.002000
1966   4  21  39236  -0.161970   0.132930  -0.0471831   0.0031240   0.000000   0.000000   0.030000   0.030000  0.0020000  0.0014000    0.012000    0.002000
1966   4  22  39237  -0.162670   0.134930  -0.0476450   0.0029910   0.000000   0.000000   0.030000   0.030000  0.0020000  0.0014000    0.012000    0.002000
1966   4  23  39238  -0.163269   0.137031  -0.0479519   0.0028100   0.000000   0.000000   0.030000   0.030000  0.0020000  0.0014000    0.012000    0.002000
1966   4  24  39239  -0.163769   0.138931  -0.0480748   0.0026200   0.000000   0.000000   0.030000   0.030000  0.0020000  0.0014000    0.012000    0.002000
1966   4  25  39240  -0.164269   0.140931  -0.0480247   0.0024720   0.000000   0.000000   0.030000   0.030000  0.0020000  0.0014000    0.012000    0.002000
1966   4  26  39241  -0.164669   0.142931  -0.0478666   0.0024170   0.000000   0.000000   0.030000   0.030000  0.0020000  0.0014000    0.012000    0.002000
1966   4  27  39242  -0.165068   0.144832  -0.0477145   0.0024690   0.000000   0.000000   0.030000   0.030000  0.0020000  0.0014000    0.012000    0.002000
1966   4  28  39243  -0.165368   0.146732  -0.0476714   0.0026400   0.000000   0.000000   0.030000   0.030000  0.0020000  0.0014000    0.012000    0.002000
1966   4  29  39244  -0.165668   0.148632  -0.0478323   0.0028830   0.000000   0.000000   0.030000   0.030000  0.0020000  0.0014000    0.012000    0.002000
1966   4  30  39245  -0.165768   0.150432  -0.0482652   0.0031610   0.000000   0.000000   0.030000   0.030000  0.0020000  0.0014000    0.012000    0.002000
1966   5   1  39246  -0.165867   0.152233  -0.0489601   0.0033950   0.000000   0.000000   0.030000   0.030000  0.0020000  0.0014000    0.012000    0.002000
1966   5   2  39247  -0.165967   0.154033  -0.0498270   0.0035060   0.000000   0.000000   0.030000   0.030000  0.0020000  0.0014000    0.012000    0.002000
1966   5   3  39248  -0.165967   0.155833  -0.0507429   0.0034800   0.000000   0.000000   0.030000   0.030000  0.0020000  0.0014000    0.012000    0.002000
1966   5   4  39249  -0.165866   0.157634  -0.0515498   0.0033140   0.000000   0.000000   0.030000   0.030000  0.0020000  0.0014000    0.012000    0.002000
1966   5   5  39250  -0.165766   0.159334  -0.0521497   0.0030570   0.000000   0.000000   0.030000   0.030000  0.0020000  0.0014000    0.012000    0.002000
1966   5   6  39251  -0.165566   0.161034  -0.0524656   0.0027680   0.000000   0.000000   0.030000   0.030000  0.0020000  0.0014000    0.012000    0.002000
1966   5   7  39252  -0.165366   0.162734  -0.0525196   0.0025210   0.000000   0.000000   0.030000   0.030000  0.0020000  0.0014000    0.012000    0.002000
1966   5   8  39253  -0.165065   0.164435  -0.0523545   0.0023530   0.000000   0.000000   0.030000   0.030000  0.0020000  0.0014000    0.012000    0.002000
1966   5   9  39254  -0.164665   0.166035  -0.0520774   0.0022790   0.000000   0.000000   0.030000   0.030000  0.0020000  0.0014000    0.012000    0.002000
1966   5  10  39255  -0.164265   0.167735  -0.0517613   0.0022910   0.000000   0.000000   0.030000   0.030000  0.0020000  0.0014000    0.012000    0.002000
1966   5  11  39256  -0.163765   0.169335  -0.0514922   0.0023600   0.000000   0.000000   0.030000   0.030000  0.0020000  0.0014000    0.012000    0.002000
1966   5  12  39257  -0.163264   0.171036  -0.0513161   0.0024750   0.000000   0.000000   0.030000   0.030000  0.0020000  0.0014000    0.012000    0.002000
1966   5  13  39258  -0.162664   0.172636  -0.0512580   0.0026110   0.000000   0.000000   0.030000   0.030000  0.0020000  0.0014000    0.012000    0.002000
1966   5  14  39259  -0.162064   0.174236  -0.0513469   0.0027350   0.000000   0.000000   0.030000   0.030000  0.0020000  0.0014000    0.012000    0.002000
1966   5  15  39260  -0.161463   0.175937  -0.0515298   0.0028250   0.000000   0.000000   0.030000   0.030000  0.0020000  0.0014000    0.012000    0.002000
1966   5  16  39261  -0.160663   0.177537  -0.0518027   0.0028920   0.000000   0.000000   0.030000   0.030000  0.0020000  0.0014000    0.012000    0.002000
1966   5  17  39262  -0.159963   0.179237  -0.0521036   0.0028890   0.000000   0.000000   0.030000   0.030000  0.0020000  0.0014000    0.012000    0.002000
1966   5  18  39263  -0.159163   0.180837  -0.0523685   0.0028190   0.000000   0.000000   0.030000   0.030000  0.0020000  0.0014000    0.012000    0.002000
1966   5  19  39264  -0.158362   0.182538  -0.0525374   0.0026790   0.000000   0.000000   0.030000   0.030000  0.0020000  0.0014000    0.012000    0.002000
1966   5  20  39265  -0.157462   0.184238  -0.0525193   0.0024770   0.000000   0.000000   0.030000   0.030000  0.0020000  0.0014000    0.012000    0.002000
1966   5  21  39266  -0.156562   0.186038  -0.0523062   0.0022780   0.000000   0.000000   0.030000   0.030000  0.0020000  0.0014000    0.012000    0.002000
1966   5  22  39267  -0.155662   0.187738  -0.0518941   0.0020980   0.000000   0.000000   0.030000   0.030000  0.0020000  0.0014000    0.012000    0.002000
1966   5  23  39268  -0.154661   0.189539  -0.0513370   0.0019950   0.000000   0.000000   0.030000   0.030000  0.0020000  0.0014000    0.012000    0.002000
1966   5  24  39269  -0.153661   0.191339  -0.0507399   0.0020090   0.000000   0.000000   0.030000   0.030000  0.0020000  0.0014000    0.012000    0.002000
1966   5  25  39270  -0.152661   0.193139  -0.0502118   0.0021330   0.000000   0.000000   0.030000   0.030000  0.0020000  0.0014000    0.012000    0.002000
1966   5  26  39271  -0.151660   0.195040  -0.0498537   0.0023390   0.000000   0.000000   0.030000   0.030000  0.0020000  0.0014000    0.012000    0.002000
1966   5  27  39272  -0.150560   0.196940  -0.0497096   0.0025640   0.000000   0.000000   0.030000   0.030000  0.0020000  0.0014000    0.012000    0.002000
1966   5  28  39273  -0.149460   0.198940  -0.0497915   0.0027690   0.000000   0.000000   0.030000   0.030000  0.0020000  0.0014000    0.012000    0.002000
1966   5  29  39274  -0.148360   0.200940  -0.0500394   0.0028870   0.000000   0.000000   0.030000   0.030000  0.0020000  0.0014000    0.012000    0.002000
1966   5  30  39275  -0.147259   0.202941  -0.0503433   0.0028810   0.000000   0.000000   0.030000   0.030000  0.0020000  0.0014000    0.012000    0.002000
1966   5  31  39276  -0.146159   0.204941  -0.0505772   0.0027470   0.000000   0.000000   0.030000   0.030000  0.0020000  0.0014000    0.012000    0.002000
1966   6   1  39277  -0.145059   0.207041  -0.0506241   0.0025140   0.000000   0.000000   0.030000   0.030000  0.0020000  0.0014000    0.012000    0.002000
1966   6   2  39278  -0.143859   0.209241  -0.0504090   0.0022350   0.000000   0.000000   0.030000   0.030000  0.0020000  0.0014000    0.012000    0.002000
1966   6   3  39279  -0.142758   0.211442  -0.0499289   0.0019710   0.000000   0.000000   0.030000   0.030000  0.0020000  0.0014000    0.012000    0.002000
1966   6   4  39280  -0.141658   0.213642  -0.0491928   0.0017690   0.000000   0.000000   0.030000   0.030000  0.0020000  0.0014000    0.012000    0.002000
1966   6   5  39281  -0.140458   0.215942  -0.0483057   0.0016640   0.000000   0.000000   0.030000   0.030000  0.0020000  0.0014000    0.012000    0.002000
1966   6   6  39282  -0.139357   0.218243  -0.0473596   0.0016380   0.000000   0.000000   0.030000   0.030000  0.0020000  0.0014000    0.012000    0.002000
1966   6   7  39283  -0.138157   0.220543  -0.0464365   0.0017080   0.000000   0.000000   0.030000   0.030000  0.0020000  0.0014000    0.012000    0.002000
1966   6   8  39284  -0.137057   0.222943  -0.0456024   0.0018210   0.000000   0.000000   0.030000   0.030000  0.0020000  0.0014000    0.012000    0.002000
1966   6   9  39285  -0.135857   0.225343  -0.0449083   0.0019730   0.000000   0.000000   0.030000   0.030000  0.0020000  0.0014000    0.012000    0.002000
1966   6  10  39286  -0.134756   0.227744  -0.0443692   0.0021280   0.000000   0.000000   0.030000   0.030000  0.0020000  0.0014000    0.012000    0.002000
1966   6  11  39287  -0.133556   0.230244  -0.0439771   0.0022630   0.000000   0.000000   0.030000   0.030000  0.0020000  0.0014000    0.012000    0.002000
1966   6  12  39288  -0.132456   0.232744  -0.0436930   0.0023610   0.000000   0.000000   0.030000   0.030000  0.0020000  0.0014000    0.012000    0.002000
1966   6  13  39289  -0.131256   0.235244  -0.0434809   0.0024060   0.000000   0.000000   0.030000   0.030000  0.0020000  0.0014000    0.012000    0.002000
1966   6  14  39290  -0.130155   0.237745  -0.0433048   0.0024010   0.000000   0.000000   0.030000   0.030000  0.0020000  0.0014000    0.012000    0.002000
1966   6  15  39291  -0.129055   0.240345  -0.0430717   0.0023120   0.000000   0.000000   0.030000   0.030000  0.0020000  0.0014000    0.012000    0.002000
1966   6  16  39292  -0.127855   0.242845  -0.0427286   0.0021740   0.000000   0.000000   0.030000   0.030000  0.0020000  0.0014000    0.012000    0.002000
1966   6  17  39293  -0.126754   0.245446  -0.0422175   0.0019920   0.000000   0.000000   0.030000   0.030000  0.0020000  0.0014000    0.012000    0.002000
1966   6  18  39294  -0.125554   0.248046  -0.0415244   0.0018180   0.000000   0.000000   0.030000   0.030000  0.0020000  0.0014000    0.012000    0.002000
1966   6  19  39295  -0.124454   0.250546  -0.0406833   0.0016950   0.000000   0.000000   0.030000   0.030000  0.0020000  0.0014000    0.012000    0.002000
1966   6  20  39296  -0.123254   0.253146  -0.0397702   0.0016780   0.000000   0.000000   0.030000   0.030000  0.0020000  0.0014000    0.012000    0.002000
1966   6  21  39297  -0.122153   0.255647  -0.0389001   0.0017820   0.000000   0.000000   0.030000   0.030000  0.0020000  0.0014000    0.012000    0.002000
1966   6  22  39298  -0.120953   0.258247  -0.0381850   0.0019810   0.000000   0.000000   0.030000   0.030000  0.0020000  0.0014000    0.012000    0.002000
1966   6  23  39299  -0.119753   0.260747  -0.0376959   0.0022110   0.000000   0.000000   0.030000   0.030000  0.0020000  0.0014000    0.012000    0.002000
1966   6  24  39300  -0.118652   0.263148  -0.0374168   0.0024100   0.000000   0.000000   0.030000   0.030000  0.0020000  0.0014000    0.012000    0.002000
1966   6  25  39301  -0.117452   0.265648  -0.0373057   0.0025310   0.000000   0.000000   0.030000   0.030000  0.0020000  0.0014000    0.012000    0.002000
1966   6  26  39302  -0.116252   0.268048  -0.0372476   0.0025310   0.000000   0.000000   0.030000   0.030000  0.0020000  0.0014000    0.012000    0.002000
1966   6  27  39303  -0.115052   0.270448  -0.0371385   0.0024110   0.000000   0.000000   0.030000   0.030000  0.0020000  0.0014000    0.012000    0.002000
1966   6  28  39304  -0.113851   0.272749  -0.0368474   0.0021960   0.000000   0.000000   0.030000   0.030000  0.0020000  0.0014000    0.012000    0.002000
1966   6  29  39305  -0.112551   0.275049  -0.0363342   0.0019430   0.000000   0.000000   0.030000   0.030000  0.0020000  0.0014000    0.012000    0.002000
1966   6  30  39306  -0.111351   0.277349  -0.0355551   0.0016830   0.000000   0.000000   0.030000   0.030000  0.0020000  0.0014000    0.012000    0.002000
1966   7   1  39307  -0.110151   0.279549  -0.0345360   0.0014810   0.000000   0.000000   0.030000   0.030000  0.0020000  0.0014000    0.012000    0.002000
1966   7   2  39308  -0.108850   0.281650  -0.0333529   0.0013460   0.000000   0.000000   0.030000   0.030000  0.0020000  0.0014000    0.012000    0.002000
1966   7   3  39309  -0.107550   0.283750  -0.0320668   0.0012870   0.000000   0.000000   0.030000   0.030000  0.0020000  0.0014000    0.012000    0.002000
1966   7   4  39310  -0.106250   0.285850  -0.0307727   0.0013170   0.000000   0.000000   0.030000   0.030000  0.0020000  0.0014000    0.012000    0.002000
1966   7   5  39311  -0.104949   0.287851  -0.0295406   0.0014070   0.000000   0.000000   0.030000   0.030000  0.0020000  0.0014000    0.012000    0.002000
1966   7   6  39312  -0.103649   0.289751  -0.0284195   0.0015330   0.000000   0.000000   0.030000   0.030000  0.0020000  0.0014000    0.012000    0.002000
1966   7   7  39313  -0.102249   0.291651  -0.0274204   0.0016590   0.000000   0.000000   0.030000   0.030000  0.0020000  0.0014000    0.012000    0.002000
1966   7   8  39314  -0.100949   0.293451  -0.0265513   0.0017690   0.000000   0.000000   0.030000   0.030000  0.0020000  0.0014000    0.012000    0.002000
1966   7   9  39315  -0.099548   0.295152  -0.0257662   0.0018430   0.000000   0.000000   0.030000   0.030000  0.0020000  0.0014000    0.012000    0.002000
1966   7  10  39316  -0.098148   0.296852  -0.0250311   0.0018780   0.000000   0.000000   0.030000   0.030000  0.0020000  0.0014000    0.012000    0.002000
1966   7  11  39317  -0.096748   0.298452  -0.0243130   0.0018570   0.000000   0.000000   0.030000   0.030000  0.0020000  0.0014000    0.012000    0.002000
1966   7  12  39318  -0.095348   0.300052  -0.0235459   0.0017890   0.000000   0.000000   0.030000   0.030000  0.0020000  0.0014000    0.012000    0.002000
1966   7  13  39319  -0.093847   0.301553  -0.0226818   0.0016670   0.000000   0.000000   0.030000   0.030000  0.0020000  0.0014000    0.012000    0.002000
1966   7  14  39320  -0.092447   0.303053  -0.0216747   0.0015040   0.000000   0.000000   0.030000   0.030000  0.0020000  0.0014000    0.012000    0.002000
1966   7  15  39321  -0.090947   0.304453  -0.0204966   0.0013310   0.000000   0.000000   0.030000   0.030000  0.0020000  0.0014000    0.012000    0.002000
1966   7  16  39322  -0.089546   0.305754  -0.0191785   0.0012040   0.000000   0.000000   0.030000   0.030000  0.0020000  0.0014000    0.012000    0.002000
1966   7  17  39323  -0.088046   0.307154  -0.0177544   0.0011680   0.000000   0.000000   0.030000   0.030000  0.0020000  0.0014000    0.012000    0.002000
1966   7  18  39324  -0.086546   0.308354  -0.0163753   0.0012670   0.000000   0.000000   0.030000   0.030000  0.0020000  0.0014000    0.012000    0.002000
1966   7  19  39325  -0.085046   0.309554  -0.0151391   0.0014770   0.000000   0.000000   0.030000   0.030000  0.0020000  0.0014000    0.012000    0.002000
1966   7  20  39326  -0.083445   0.310755  -0.0141720   0.0017660   0.000000   0.000000   0.030000   0.030000  0.0020000  0.0014000    0.012000    0.002000
1966   7  21  39327  -0.081945   0.311955  -0.0134869   0.0020450   0.000000   0.000000   0.030000   0.030000  0.0020000  0.0014000    0.012000    0.002000
1966   7  22  39328  -0.080345   0.313055  -0.0130508   0.0022340   0.000000   0.000000   0.030000   0.030000  0.0020000  0.0014000    0.012000    0.002000
1966   7  23  39329  -0.078845   0.314055  -0.0127287   0.0022860   0.000000   0.000000   0.030000   0.030000  0.0020000  0.0014000    0.012000    0.002000
1966   7  24  39330  -0.077244   0.315156  -0.0123956   0.0022080   0.000000   0.000000   0.030000   0.030000  0.0020000  0.0014000    0.012000    0.002000
1966   7  25  39331  -0.075744   0.316156  -0.0119185   0.0020140   0.000000   0.000000   0.030000   0.030000  0.0020000  0.0014000    0.012000    0.002000
1966   7  26  39332  -0.074144   0.317056  -0.0112254   0.0017780   0.000000   0.000000   0.030000   0.030000  0.0020000  0.0014000    0.012000    0.002000
1966   7  27  39333  -0.072543   0.318057  -0.0102953   0.0015460   0.000000   0.000000   0.030000   0.030000  0.0020000  0.0014000    0.012000    0.002000
1966   7  28  39334  -0.070943   0.318957  -0.0091642   0.0013830   0.000000   0.000000   0.030000   0.030000  0.0020000  0.0014000    0.012000    0.002000
1966   7  29  39335  -0.069343   0.319857  -0.0078951   0.0012830   0.000000   0.000000   0.030000   0.030000  0.0020000  0.0014000    0.012000    0.002000
1966   7  30  39336  -0.067643   0.320757  -0.0065580   0.0012580   0.000000   0.000000   0.030000   0.030000  0.0020000  0.0014000    0.012000    0.002000
1966   7  31  39337  -0.066042   0.321658  -0.0052469   0.0013120   0.000000   0.000000   0.030000   0.030000  0.0020000  0.0014000    0.012000    0.002000
1966   8   1  39338  -0.064442   0.322458  -0.0040228   0.0014290   0.000000   0.000000   0.030000   0.030000  0.0020000  0.0014000    0.012000    0.002000
1966   8   2  39339  -0.062742   0.323258  -0.0029396   0.0015890   0.000000   0.000000   0.030000   0.030000  0.0020000  0.0014000    0.012000    0.002000
1966   8   3  39340  -0.061142   0.324058  -0.0020155   0.0017540   0.000000   0.000000   0.030000   0.030000  0.0020000  0.0014000    0.012000    0.002000
1966   8   4  39341  -0.059441   0.324859  -0.0012634   0.0019190   0.000000   0.000000   0.030000   0.030000  0.0020000  0.0014000    0.012000    0.002000
1966   8   5  39342  -0.057741   0.325659  -0.0006523   0.0020510   0.000000   0.000000   0.030000   0.030000  0.0020000  0.0014000    0.012000    0.002000
1966   8   6  39343  -0.056141   0.326359  -0.0001492   0.0021240   0.000000   0.000000   0.030000   0.030000  0.0020000  0.0014000    0.012000    0.002000
1966   8   7  39344  -0.054440   0.327160   0.0002999   0.0021500   0.000000   0.000000   0.030000   0.030000  0.0020000  0.0014000    0.012000    0.002000
1966   8   8  39345  -0.052740   0.327860   0.0007500   0.0021200   0.000000   0.000000   0.030000   0.030000  0.0020000  0.0014000    0.012000    0.002000
1966   8   9  39346  -0.051040   0.328560   0.0012671   0.0020300   0.000000   0.000000   0.030000   0.030000  0.0020000  0.0014000    0.012000    0.002000
1966   8  10  39347  -0.049340   0.329160   0.0018832   0.0019130   0.000000   0.000000   0.030000   0.030000  0.0020000  0.0014000    0.012000    0.002000
1966   8  11  39348  -0.047639   0.329861   0.0026273   0.0017780   0.000000   0.000000   0.030000   0.030000  0.0020000  0.0014000    0.012000    0.002000
1966   8  12  39349  -0.045939   0.330461   0.0035114   0.0016610   0.000000   0.000000   0.030000   0.030000  0.0020000  0.0014000    0.012000    0.002000
1966   8  13  39350  -0.044239   0.331061   0.0044726   0.0016000   0.000000   0.000000   0.030000   0.030000  0.0020000  0.0014000    0.012000    0.002000
1966   8  14  39351  -0.042539   0.331561   0.0054427   0.0016610   0.000000   0.000000   0.030000   0.030000  0.0020000  0.0014000    0.012000    0.002000
1966   8  15  39352  -0.040838   0.332162   0.0062848   0.0018550   0.000000   0.000000   0.030000   0.030000  0.0020000  0.0014000    0.012000    0.002000
1966   8  16  39353  -0.039138   0.332662   0.0068869   0.0021550   0.000000   0.000000   0.030000   0.030000  0.0020000  0.0014000    0.012000    0.002000
1966   8  17  39354  -0.037438   0.333162   0.0071550   0.0024780   0.000000   0.000000   0.030000   0.030000  0.0020000  0.0014000    0.012000    0.002000
1966   8  18  39355  -0.035737   0.333563   0.0071321   0.0027400   0.000000   0.000000   0.030000   0.030000  0.0020000  0.0014000    0.012000    0.002000
1966   8  19  39356  -0.034037   0.334063   0.0069012   0.0028730   0.000000   0.000000   0.030000   0.030000  0.0020000  0.0014000    0.012000    0.002000
1966   8  20  39357  -0.032337   0.334463   0.0066223   0.0028370   0.000000   0.000000   0.030000   0.030000  0.0020000  0.0014000    0.012000    0.002000
1966   8  21  39358  -0.030637   0.334763   0.0064454   0.0026680   0.000000   0.000000   0.030000   0.030000  0.0020000  0.0014000    0.012000    0.002000
1966   8  22  39359  -0.028936   0.335064   0.0065045   0.0024170   0.000000   0.000000   0.030000   0.030000  0.0020000  0.0014000    0.012000    0.002000
1966   8  23  39360  -0.027136   0.335364   0.0068037   0.0021590   0.000000   0.000000   0.030000   0.030000  0.0020000  0.0014000    0.012000    0.002000
1966   8  24  39361  -0.025436   0.335564   0.0073488   0.0019410   0.000000   0.000000   0.030000   0.030000  0.0020000  0.0014000    0.012000    0.002000
1966   8  25  39362  -0.023736   0.335764   0.0080629   0.0018060   0.000000   0.000000   0.030000   0.030000  0.0020000  0.0014000    0.012000    0.002000
1966   8  26  39363  -0.022035   0.335965   0.0088770   0.0017610   0.000000   0.000000   0.030000   0.030000  0.0020000  0.0014000    0.012000    0.002000
1966   8  27  39364  -0.020335   0.336065   0.0097021   0.0017910   0.000000   0.000000   0.030000   0.030000  0.0020000  0.0014000    0.012000    0.002000
1966   8  28  39365  -0.018635   0.336165   0.0104632   0.0018880   0.000000   0.000000   0.030000   0.030000  0.0020000  0.0014000    0.012000    0.002000
1966   8  29  39366  -0.016934   0.336166   0.0111023   0.0020310   0.000000   0.000000   0.030000   0.030000  0.0020000  0.0014000    0.012000    0.002000
1966   8  30  39367  -0.015234   0.336166   0.0115844   0.0021850   0.000000   0.000000   0.030000   0.030000  0.0020000  0.0014000    0.012000    0.002000
1966   8  31  39368  -0.013434   0.336066   0.0119025   0.0023460   0.000000   0.000000   0.030000   0.030000  0.0020000  0.0014000    0.012000    0.002000
1966   9   1  39369  -0.011734   0.335966   0.0120817   0.0024690   0.000000   0.000000   0.030000   0.030000  0.0020000  0.0014000    0.012000    0.002000
1966   9   2  39370  -0.010033   0.335867   0.0121718   0.0025430   0.000000   0.000000   0.030000   0.030000  0.0020000  0.0014000    0.012000    0.002000
1966   9   3  39371  -0.008233   0.335667   0.0122069   0.0025580   0.000000   0.000000   0.030000   0.030000  0.0020000  0.0014000    0.012000    0.002000
1966   9   4  39372  -0.006533   0.335467   0.0122560   0.0025220   0.000000   0.000000   0.030000   0.030000  0.0020000  0.0014000    0.012000    0.002000
1966   9   5  39373  -0.004733   0.335167   0.0123691   0.0024240   0.000000   0.000000   0.030000   0.030000  0.0020000  0.0014000    0.012000    0.002000
1966   9   6  39374  -0.003032   0.334868   0.0125902   0.0022990   0.000000   0.000000   0.030000   0.030000  0.0020000  0.0014000    0.012000    0.002000
1966   9   7  39375  -0.001232   0.334468   0.0129573   0.0021570   0.000000   0.000000   0.030000   0.030000  0.0020000  0.0014000    0.012000    0.002000
1966   9   8  39376   0.000568   0.334068   0.0134634   0.0020250   0.000000   0.000000   0.030000   0.030000  0.0020000  0.0014000    0.012000    0.002000
1966   9   9  39377   0.002369   0.333569   0.0140816   0.0019410   0.000000   0.000000   0.030000   0.030000  0.0020000  0.0014000    0.012000    0.002000
1966   9  10  39378   0.004169   0.333069   0.0147407   0.0019480   0.000000   0.000000   0.030000   0.030000  0.0020000  0.0014000    0.012000    0.002000
1966   9  11  39379   0.005969   0.332569   0.0153248   0.0020770   0.000000   0.000000   0.030000   0.030000  0.0020000  0.0014000    0.012000    0.002000
1966   9  12  39380   0.007869   0.331969   0.0157249   0.0023400   0.000000   0.000000   0.030000   0.030000  0.0020000  0.0014000    0.012000    0.002000
1966   9  13  39381   0.009670   0.331370   0.0158170   0.0026720   0.000000   0.000000   0.030000   0.030000  0.0020000  0.0014000    0.012000    0.002000
1966   9  14  39382   0.011570   0.330670   0.0155641   0.0029950   0.000000   0.000000   0.030000   0.030000  0.0020000  0.0014000    0.012000    0.002000
1966   9  15  39383   0.013470   0.329970   0.0150322   0.0032250   0.000000   0.000000   0.030000   0.030000  0.0020000  0.0014000    0.012000    0.002000
1966   9  16  39384   0.015271   0.329271   0.0143624   0.0032740   0.000000   0.000000   0.030000   0.030000  0.0020000  0.0014000    0.012000    0.002000
1966   9  17  39385   0.017171   0.328471   0.0137245   0.0031540   0.000000   0.000000   0.030000   0.030000  0.0020000  0.0014000    0.012000    0.002000
1966   9  18  39386   0.019171   0.327671   0.0132896   0.0028920   0.000000   0.000000   0.030000   0.030000  0.0020000  0.0014000    0.012000    0.002000
1966   9  19  39387   0.021071   0.326771   0.0131367   0.0025930   0.000000   0.000000   0.030000   0.030000  0.0020000  0.0014000    0.012000    0.002000
1966   9  20  39388   0.022972   0.325972   0.0132728   0.0023250   0.000000   0.000000   0.030000   0.030000  0.0020000  0.0014000    0.012000    0.002000
1966   9  21  39389   0.024972   0.324972   0.0136489   0.0021310   0.000000   0.000000   0.030000   0.030000  0.0020000  0.0014000    0.012000    0.002000
1966   9  22  39390   0.026972   0.324072   0.0141560   0.0020520   0.000000   0.000000   0.030000   0.030000  0.0020000  0.0014000    0.012000    0.002000
1966   9  23  39391   0.028872   0.323072   0.0146932   0.0020680   0.000000   0.000000   0.030000   0.030000  0.0020000  0.0014000    0.012000    0.002000
1966   9  24  39392   0.030873   0.322073   0.0151833   0.0021620   0.000000   0.000000   0.030000   0.030000  0.0020000  0.0014000    0.012000    0.002000
1966   9  25  39393   0.032873   0.320973   0.0155424   0.0023080   0.000000   0.000000   0.030000   0.030000  0.0020000  0.0014000    0.012000    0.002000
1966   9  26  39394   0.034873   0.319873   0.0157395   0.0024810   0.000000   0.000000   0.030000   0.030000  0.0020000  0.0014000    0.012000    0.002000
1966   9  27  39395   0.036874   0.318774   0.0157596   0.0026660   0.000000   0.000000   0.030000   0.030000  0.0020000  0.0014000    0.012000    0.002000
1966   9  28  39396   0.038874   0.317674   0.0156147   0.0028090   0.000000   0.000000   0.030000   0.030000  0.0020000  0.0014000    0.012000    0.002000
1966   9  29  39397   0.040874   0.316474   0.0153358   0.0029190   0.000000   0.000000   0.030000   0.030000  0.0020000  0.0014000    0.012000    0.002000
1966   9  30  39398   0.042874   0.315274   0.0149770   0.0029700   0.000000   0.000000   0.030000   0.030000  0.0020000  0.0014000    0.012000    0.002000
1966  10   1  39399   0.044875   0.314075   0.0146071   0.0029570   0.000000   0.000000   0.030000   0.030000  0.0020000  0.0014000    0.012000    0.002000
1966  10   2  39400   0.046875   0.312775   0.0142732   0.0028730   0.000000   0.000000   0.030000   0.030000  0.0020000  0.0014000    0.012000    0.002000
1966  10   3  39401   0.048875   0.311575   0.0140553   0.0027450   0.000000   0.000000   0.030000   0.030000  0.0020000  0.0014000    0.012000    0.002000
1966  10   4  39402   0.050775   0.310175   0.0139804   0.0025850   0.000000   0.000000   0.030000   0.030000  0.0020000  0.0014000    0.012000    0.002000
1966  10   5  39403   0.052776   0.308876   0.0140735   0.0024330   0.000000   0.000000   0.030000   0.030000  0.0020000  0.0014000    0.012000    0.002000
1966  10   6  39404   0.054676   0.307576   0.0143007   0.0023020   0.000000   0.000000   0.030000   0.030000  0.0020000  0.0014000    0.012000    0.002000
1966  10   7  39405   0.056676   0.306176   0.0146348   0.0022460   0.000000   0.000000   0.030000   0.030000  0.0020000  0.0014000    0.012000    0.002000
1966  10   8  39406   0.058577   0.304777   0.0149629   0.0023060   0.000000   0.000000   0.030000   0.030000  0.0020000  0.0014000    0.012000    0.002000
1966  10   9  39407   0.060477   0.303277   0.0151630   0.0024840   0.000000   0.000000   0.030000   0.030000  0.0020000  0.0014000    0.012000    0.002000
1966  10  10  39408   0.062377   0.301877   0.0151421   0.0027600   0.000000   0.000000   0.030000   0.030000  0.0020000  0.0014000    0.012000    0.002000
1966  10  11  39409   0.064177   0.300377   0.0148102   0.0030740   0.000000   0.000000   0.030000   0.030000  0.0020000  0.0014000    0.012000    0.002000
1966  10  12  39410   0.066078   0.298878   0.0141914   0.0033380   0.000000   0.000000   0.030000   0.030000  0.0020000  0.0014000    0.012000    0.002000
1966  10  13  39411   0.067878   0.297278   0.0133595   0.0034790   0.000000   0.000000   0.030000   0.030000  0.0020000  0.0014000    0.012000    0.002000
1966  10  14  39412   0.069578   0.295778   0.0124636   0.0034510   0.000000   0.000000   0.030000   0.030000  0.0020000  0.0014000    0.012000    0.002000
1966  10  15  39413   0.071378   0.294178   0.0117037   0.0032470   0.000000   0.000000   0.030000   0.030000  0.0020000  0.0014000    0.012000    0.002000
1966  10  16  39414   0.073079   0.292579   0.0111848   0.0029610   0.000000   0.000000   0.030000   0.030000  0.0020000  0.0014000    0.012000    0.002000
1966  10  17  39415   0.074779   0.290979   0.0109669   0.0026610   0.000000   0.000000   0.030000   0.030000  0.0020000  0.0014000    0.012000    0.002000
1966  10  18  39416   0.076379   0.289279   0.0110311   0.0024150   0.000000   0.000000   0.030000   0.030000  0.0020000  0.0014000    0.012000    0.002000
1966  10  19  39417   0.077980   0.287580   0.0112912   0.0022740   0.000000   0.000000   0.030000   0.030000  0.0020000  0.0014000    0.012000    0.002000
1966  10  20  39418   0.079580   0.285880   0.0116353   0.0022440   0.000000   0.000000   0.030000   0.030000  0.0020000  0.0014000    0.012000    0.002000
1966  10  21  39419   0.081080   0.284180   0.0119634   0.0023050   0.000000   0.000000   0.030000   0.030000  0.0020000  0.0014000    0.012000    0.002000
1966  10  22  39420   0.082580   0.282380   0.0121855   0.0024390   0.000000   0.000000   0.030000   0.030000  0.0020000  0.0014000    0.012000    0.002000
1966  10  23  39421   0.084081   0.280581   0.0122647   0.0025970   0.000000   0.000000   0.030000   0.030000  0.0020000  0.0014000    0.012000    0.002000
1966  10  24  39422   0.085481   0.278781   0.0121778   0.0027650   0.000000   0.000000   0.030000   0.030000  0.0020000  0.0014000    0.012000    0.002000
1966  10  25  39423   0.086881   0.276981   0.0119309   0.0029060   0.000000   0.000000   0.030000   0.030000  0.0020000  0.0014000    0.012000    0.002000
1966  10  26  39424   0.088181   0.275081   0.0115490   0.0030200   0.000000   0.000000   0.030000   0.030000  0.0020000  0.0014000    0.012000    0.002000
1966  10  27  39425   0.089582   0.273282   0.0110981   0.0030710   0.000000   0.000000   0.030000   0.030000  0.0020000  0.0014000    0.012000    0.002000
1966  10  28  39426   0.090782   0.271282   0.0106082   0.0030680   0.000000   0.000000   0.030000   0.030000  0.0020000  0.0014000    0.012000    0.002000
1966  10  29  39427   0.092082   0.269382   0.0101634   0.0029910   0.000000   0.000000   0.030000   0.030000  0.0020000  0.0014000    0.012000    0.002000
1966  10  30  39428   0.093383   0.267383   0.0098245   0.0028700   0.000000   0.000000   0.030000   0.030000  0.0020000  0.0014000    0.012000    0.002000
1966  10  31  39429   0.094583   0.265383   0.0096156   0.0027160   0.000000   0.000000   0.030000   0.030000  0.0020000  0.0014000    0.012000    0.002000
1966  11   1  39430   0.095783   0.263383   0.0095847   0.0025500   0.000000   0.000000   0.030000   0.030000  0.0020000  0.0014000    0.012000    0.002000
1966  11   2  39431   0.096983   0.261383   0.0096948   0.0024290   0.000000   0.000000   0.030000   0.030000  0.0020000  0.0014000    0.012000    0.002000
1966  11   3  39432   0.098084   0.259284   0.0098940   0.0023670   0.000000   0.000000   0.030000   0.030000  0.0020000  0.0014000    0.012000    0.002000
1966  11   4  39433   0.099284   0.257184   0.0100971   0.0024130   0.000000   0.000000   0.030000   0.030000  0.0020000  0.0014000    0.012000    0.002000
1966  11   5  39434   0.100384   0.255084   0.0102112   0.0025660   0.000000   0.000000   0.030000   0.030000  0.0020000  0.0014000    0.012000    0.002000
1966  11   6  39435   0.101584   0.252884   0.0101233   0.0028140   0.000000   0.000000   0.030000   0.030000  0.0020000  0.0014000    0.012000    0.002000
1966  11   7  39436   0.102685   0.250785   0.0097554   0.0031060   0.000000   0.000000   0.030000   0.030000  0.0020000  0.0014000    0.012000    0.002000
1966  11   8  39437   0.103785   0.248585   0.0090946   0.0033870   0.000000   0.000000   0.030000   0.030000  0.0020000  0.0014000    0.012000    0.002000
1966  11   9  39438   0.104885   0.246385   0.0081907   0.0035810   0.000000   0.000000   0.030000   0.030000  0.0020000  0.0014000    0.012000    0.002000
1966  11  10  39439   0.105986   0.244186   0.0071708   0.0036200   0.000000   0.000000   0.030000   0.030000  0.0020000  0.0014000    0.012000    0.002000
1966  11  11  39440   0.107086   0.241986   0.0061959   0.0034950   0.000000   0.000000   0.030000   0.030000  0.0020000  0.0014000    0.012000    0.002000
1966  11  12  39441   0.108186   0.239786   0.0054160   0.0032390   0.000000   0.000000   0.030000   0.030000  0.0020000  0.0014000    0.012000    0.002000
1966  11  13  39442   0.109286   0.237586   0.0049182   0.0029230   0.000000   0.000000   0.030000   0.030000  0.0020000  0.0014000    0.012000    0.002000
1966  11  14  39443   0.110287   0.235287   0.0047423   0.0026300   0.000000   0.000000   0.030000   0.030000  0.0020000  0.0014000    0.012000    0.002000
1966  11  15  39444   0.111387   0.233087   0.0048194   0.0024130   0.000000   0.000000   0.030000   0.030000  0.0020000  0.0014000    0.012000    0.002000
1966  11  16  39445   0.112487   0.230787   0.0050695   0.0023070   0.000000   0.000000   0.030000   0.030000  0.0020000  0.0014000    0.012000    0.002000
1966  11  17  39446   0.113487   0.228587   0.0053697   0.0023060   0.000000   0.000000   0.030000   0.030000  0.0020000  0.0014000    0.012000    0.002000
1966  11  18  39447   0.114488   0.226388   0.0056108   0.0023930   0.000000   0.000000   0.030000   0.030000  0.0020000  0.0014000    0.012000    0.002000
1966  11  19  39448   0.115488   0.224188   0.0057589   0.0025150   0.000000   0.000000   0.030000   0.030000  0.0020000  0.0014000    0.012000    0.002000
1966  11  20  39449   0.116488   0.221988   0.0057660   0.0026610   0.000000   0.000000   0.030000   0.030000  0.0020000  0.0014000    0.012000    0.002000
1966  11  21  39450   0.117489   0.219789   0.0056201   0.0027980   0.000000   0.000000   0.030000   0.030000  0.0020000  0.0014000    0.012000    0.002000
1966  11  22  39451   0.118389   0.217589   0.0053613   0.0028920   0.000000   0.000000   0.030000   0.030000  0.0020000  0.0014000    0.012000    0.002000
1966  11  23  39452   0.119289   0.215389   0.0050224   0.0029480   0.000000   0.000000   0.030000   0.030000  0.0020000  0.0014000    0.012000    0.002000
1966  11  24  39453   0.120189   0.213289   0.0046755   0.0029360   0.000000   0.000000   0.030000   0.030000  0.0020000  0.0014000    0.012000    0.002000
1966  11  25  39454   0.120990   0.211190   0.0043626   0.0028510   0.000000   0.000000   0.030000   0.030000  0.0020000  0.0014000    0.012000    0.002000
1966  11  26  39455   0.121790   0.209090   0.0041728   0.0027190   0.000000   0.000000   0.030000   0.030000  0.0020000  0.0014000    0.012000    0.002000
1966  11  27  39456   0.122590   0.206990   0.0041389   0.0025450   0.000000   0.000000   0.030000   0.030000  0.0020000  0.0014000    0.012000    0.002000
1966  11  28  39457   0.123290   0.204990   0.0042790   0.0023540   0.000000   0.000000   0.030000   0.030000  0.0020000  0.0014000    0.012000    0.002000
1966  11  29  39458   0.123991   0.202991   0.0046021   0.0021860   0.000000   0.000000   0.030000   0.030000  0.0020000  0.0014000    0.012000    0.002000
1966  11  30  39459   0.124591   0.201091   0.0050662   0.0020800   0.000000   0.000000   0.030000   0.030000  0.0020000  0.0014000    0.012000    0.002000
1966  12   1  39460   0.125091   0.199191   0.0056014   0.0020680   0.000000   0.000000   0.030000   0.030000  0.0020000  0.0014000    0.012000    0.002000
1966  12   2  39461   0.125592   0.197292   0.0060735   0.0021750   0.000000   0.000000   0.030000   0.030000  0.0020000  0.0014000    0.012000    0.002000
1966  12   3  39462   0.125992   0.195492   0.0063906   0.0023740   0.000000   0.000000   0.030000   0.030000  0.0020000  0.0014000    0.012000    0.002000
1966  12   4  39463   0.126292   0.193792   0.0064877   0.0026380   0.000000   0.000000   0.030000   0.030000  0.0020000  0.0014000    0.012000    0.002000
1966  12   5  39464   0.126592   0.192092   0.0063069   0.0028980   0.000000   0.000000   0.030000   0.030000  0.0020000  0.0014000    0.012000    0.002000
1966  12   6  39465   0.126693   0.190493   0.0058930   0.0030940   0.000000   0.000000   0.030000   0.030000  0.0020000  0.0014000    0.012000    0.002000
1966  12   7  39466   0.126793   0.188893   0.0053481   0.0031740   0.000000   0.000000   0.030000   0.030000  0.0020000  0.0014000    0.012000    0.002000
1966  12   8  39467   0.126793   0.187293   0.0047822   0.0031240   0.000000   0.000000   0.030000   0.030000  0.0020000  0.0014000    0.012000    0.002000
1966  12   9  39468   0.126694   0.185894   0.0043324   0.0029470   0.000000   0.000000   0.030000   0.030000  0.0020000  0.0014000    0.012000    0.002000
1966  12  10  39469   0.126494   0.184494   0.0041055   0.0027010   0.000000   0.000000   0.030000   0.030000  0.0020000  0.0014000    0.012000    0.002000
1966  12  11  39470   0.126194   0.183094   0.0041146   0.0024550   0.000000   0.000000   0.030000   0.030000  0.0020000  0.0014000    0.012000    0.002000
1966  12  12  39471   0.125894   0.181794   0.0043667   0.0022350   0.000000   0.000000   0.030000   0.030000  0.0020000  0.0014000    0.012000    0.002000
1966  12  13  39472   0.125395   0.180595   0.0047919   0.0021140   0.000000   0.000000   0.030000   0.030000  0.0020000  0.0014000    0.012000    0.002000
1966  12  14  39473   0.124795   0.179395   0.0052840   0.0021000   0.000000   0.000000   0.030000   0.030000  0.0020000  0.0014000    0.012000    0.002000
1966  12  15  39474   0.124095   0.178295   0.0057531   0.0021650   0.000000   0.000000   0.030000   0.030000  0.0020000  0.0014000    0.012000    0.002000
1966  12  16  39475   0.123395   0.177295   0.0061162   0.0022880   0.000000   0.000000   0.030000   0.030000  0.0020000  0.0014000    0.012000    0.002000
1966  12  17  39476   0.122496   0.176296   0.0063514   0.0024240   0.000000   0.000000   0.030000   0.030000  0.0020000  0.0014000    0.012000    0.002000
1966  12  18  39477   0.121596   0.175296   0.0064495   0.0025550   0.000000   0.000000   0.030000   0.030000  0.0020000  0.0014000    0.012000    0.002000
1966  12  19  39478   0.120496   0.174396   0.0064306   0.0026580   0.000000   0.000000   0.030000   0.030000  0.0020000  0.0014000    0.012000    0.002000
1966  12  20  39479   0.119397   0.173497   0.0063297   0.0027040   0.000000   0.000000   0.030000   0.030000  0.0020000  0.0014000    0.012000    0.002000
1966  12  21  39480   0.118097   0.172697   0.0062199   0.0026960   0.000000   0.000000   0.030000   0.030000  0.0020000  0.0014000    0.012000    0.002000
1966  12  22  39481   0.116797   0.171897   0.0061480   0.0026290   0.000000   0.000000   0.030000   0.030000  0.0020000  0.0014000    0.012000    0.002000
1966  12  23  39482   0.115397   0.171097   0.0061711   0.0024970   0.000000   0.000000   0.030000   0.030000  0.0020000  0.0014000    0.012000    0.002000
1966  12  24  39483   0.113998   0.170398   0.0063502   0.0023300   0.000000   0.000000   0.030000   0.030000  0.0020000  0.0014000    0.012000    0.002000
1966  12  25  39484   0.112398   0.169698   0.0067094   0.0021190   0.000000   0.000000   0.030000   0.030000  0.0020000  0.0014000    0.012000    0.002000
1966  12  26  39485   0.110798   0.169098   0.0072815   0.0019230   0.000000   0.000000   0.030000   0.030000  0.0020000  0.0014000    0.012000    0.002000
1966  12  27  39486   0.109098   0.168498   0.0080286   0.0017740   0.000000   0.000000   0.030000   0.030000  0.0020000  0.0014000    0.012000    0.002000
1966  12  28  39487   0.107399   0.167899   0.0088837   0.0017240   0.000000   0.000000   0.030000   0.030000  0.0020000  0.0014000    0.012000    0.002000
1966  12  29  39488   0.105599   0.167299   0.0097229   0.0017870   0.000000   0.000000   0.030000   0.030000  0.0020000  0.0014000    0.012000    0.002000
1966  12  30  39489   0.103699   0.166699   0.0104540   0.0019560   0.000000   0.000000   0.030000   0.030000  0.0020000  0.0014000    0.012000    0.002000
1966  12  31  39490   0.101800   0.166200   0.0109891   0.0021800   0.000000   0.000000   0.030000   0.030000  0.0020000  0.0014000    0.012000    0.002000
