

                   INTERNATIONAL EARTH ROTATION SERVICE
                        EARTH ROTATION PARAMETERS
                          EOP (IERS) C04

  
             FORMAT(3(I4),I7,2(F11.6),2(F12.7),2(F12.6),2(F11.6),2(F12.7),2F12.6)
**********************************************************************************
  
      Date      MJD      x          y        UT1-UTC       LOD         dX        dY        x Err     y Err   UT1-UTC Err  Lod Err     dY Err       dY Err  
                         "          "           s           s          "         "           "          "          s         s            "           "
     (0h UTC)

1970   1   1  40587  -0.168000   0.120100   0.0034537   0.0031890   0.000000   0.000000   0.020000   0.020000  0.0015000  0.0010000    0.009000    0.002000
1970   1   2  40588  -0.170400   0.122700   0.0028768   0.0031300   0.000000   0.000000   0.020000   0.020000  0.0015000  0.0010000    0.009000    0.002000
1970   1   3  40589  -0.172800   0.125500   0.0024100   0.0029930   0.000000   0.000000   0.020000   0.020000  0.0015000  0.0010000    0.009000    0.002000
1970   1   4  40590  -0.175099   0.128201   0.0020982   0.0027960   0.000000   0.000000   0.020000   0.020000  0.0015000  0.0010000    0.009000    0.002000
1970   1   5  40591  -0.177399   0.131001   0.0019874   0.0026130   0.000000   0.000000   0.020000   0.020000  0.0015000  0.0010000    0.009000    0.002000
1970   1   6  40592  -0.179499   0.133901   0.0020255   0.0025080   0.000000   0.000000   0.020000   0.020000  0.0015000  0.0010000    0.009000    0.002000
1970   1   7  40593  -0.181598   0.136702   0.0020947   0.0025510   0.000000   0.000000   0.020000   0.020000  0.0015000  0.0010000    0.009000    0.002000
1970   1   8  40594  -0.183698   0.139602   0.0020619   0.0027490   0.000000   0.000000   0.020000   0.020000  0.0015000  0.0010000    0.009000    0.002000
1970   1   9  40595  -0.185598   0.142502   0.0017580   0.0030510   0.000000   0.000000   0.020000   0.020000  0.0015000  0.0010000    0.009000    0.002000
1970   1  10  40596  -0.187498   0.145402   0.0011312   0.0033790   0.000000   0.000000   0.020000   0.020000  0.0015000  0.0010000    0.009000    0.002000
1970   1  11  40597  -0.189297   0.148303   0.0002054   0.0036250   0.000000   0.000000   0.020000   0.020000  0.0015000  0.0010000    0.009000    0.002000
1970   1  12  40598  -0.190997   0.151303  -0.0009004   0.0037300   0.000000   0.000000   0.020000   0.020000  0.0015000  0.0010000    0.009000    0.002000
1970   1  13  40599  -0.192597   0.154203  -0.0020213   0.0036780   0.000000   0.000000   0.020000   0.020000  0.0015000  0.0010000    0.009000    0.002000
1970   1  14  40600  -0.194097   0.157203  -0.0030251   0.0034920   0.000000   0.000000   0.020000   0.020000  0.0015000  0.0010000    0.009000    0.002000
1970   1  15  40601  -0.195496   0.160204  -0.0038119   0.0032380   0.000000   0.000000   0.020000   0.020000  0.0015000  0.0010000    0.009000    0.002000
1970   1  16  40602  -0.196896   0.163204  -0.0043268   0.0029730   0.000000   0.000000   0.020000   0.020000  0.0015000  0.0010000    0.009000    0.002000
1970   1  17  40603  -0.198096   0.166104  -0.0045796   0.0027310   0.000000   0.000000   0.020000   0.020000  0.0015000  0.0010000    0.009000    0.002000
1970   1  18  40604  -0.199195   0.169105  -0.0046194   0.0025400   0.000000   0.000000   0.020000   0.020000  0.0015000  0.0010000    0.009000    0.002000
1970   1  19  40605  -0.200295   0.172105  -0.0045052   0.0024240   0.000000   0.000000   0.020000   0.020000  0.0015000  0.0010000    0.009000    0.002000
1970   1  20  40606  -0.201195   0.175105  -0.0043141   0.0023870   0.000000   0.000000   0.020000   0.020000  0.0015000  0.0010000    0.009000    0.002000
1970   1  21  40607  -0.201995   0.178105  -0.0041249   0.0024380   0.000000   0.000000   0.020000   0.020000  0.0015000  0.0010000    0.009000    0.002000
1970   1  22  40608  -0.202794   0.181006  -0.0040207   0.0025530   0.000000   0.000000   0.020000   0.020000  0.0015000  0.0010000    0.009000    0.002000
1970   1  23  40609  -0.203394   0.184006  -0.0040546   0.0027000   0.000000   0.000000   0.020000   0.020000  0.0015000  0.0010000    0.009000    0.002000
1970   1  24  40610  -0.203894   0.187006  -0.0042464   0.0028640   0.000000   0.000000   0.020000   0.020000  0.0015000  0.0010000    0.009000    0.002000
1970   1  25  40611  -0.204294   0.190006  -0.0045982   0.0030250   0.000000   0.000000   0.020000   0.020000  0.0015000  0.0010000    0.009000    0.002000
1970   1  26  40612  -0.204593   0.192907  -0.0051040   0.0031480   0.000000   0.000000   0.020000   0.020000  0.0015000  0.0010000    0.009000    0.002000
1970   1  27  40613  -0.204793   0.195907  -0.0056949   0.0032140   0.000000   0.000000   0.020000   0.020000  0.0015000  0.0010000    0.009000    0.002000
1970   1  28  40614  -0.204893   0.198907  -0.0063277   0.0032090   0.000000   0.000000   0.020000   0.020000  0.0015000  0.0010000    0.009000    0.002000
1970   1  29  40615  -0.204892   0.201808  -0.0069185   0.0031410   0.000000   0.000000   0.020000   0.020000  0.0015000  0.0010000    0.009000    0.002000
1970   1  30  40616  -0.204792   0.204808  -0.0073964   0.0030040   0.000000   0.000000   0.020000   0.020000  0.0015000  0.0010000    0.009000    0.002000
1970   1  31  40617  -0.204592   0.207808  -0.0077092   0.0028070   0.000000   0.000000   0.020000   0.020000  0.0015000  0.0010000    0.009000    0.002000
1970   2   1  40618  -0.204292   0.210808  -0.0078360   0.0026180   0.000000   0.000000   0.020000   0.020000  0.0015000  0.0010000    0.009000    0.002000
1970   2   2  40619  -0.203891   0.213709  -0.0077718   0.0024680   0.000000   0.000000   0.020000   0.020000  0.0015000  0.0010000    0.009000    0.002000
1970   2   3  40620  -0.203391   0.216709  -0.0076177   0.0024380   0.000000   0.000000   0.020000   0.020000  0.0015000  0.0010000    0.009000    0.002000
1970   2   4  40621  -0.202891   0.219709  -0.0075085   0.0025600   0.000000   0.000000   0.020000   0.020000  0.0015000  0.0010000    0.009000    0.002000
1970   2   5  40622  -0.202191   0.222709  -0.0075953   0.0028230   0.000000   0.000000   0.020000   0.020000  0.0015000  0.0010000    0.009000    0.002000
1970   2   6  40623  -0.201490   0.225710  -0.0079912   0.0031640   0.000000   0.000000   0.020000   0.020000  0.0015000  0.0010000    0.009000    0.002000
1970   2   7  40624  -0.200690   0.228710  -0.0087440   0.0035000   0.000000   0.000000   0.020000   0.020000  0.0015000  0.0010000    0.009000    0.002000
1970   2   8  40625  -0.199790   0.231710  -0.0097708   0.0037070   0.000000   0.000000   0.020000   0.020000  0.0015000  0.0010000    0.009000    0.002000
1970   2   9  40626  -0.198789   0.234711  -0.0109197   0.0037510   0.000000   0.000000   0.020000   0.020000  0.0015000  0.0010000    0.009000    0.002000
1970   2  10  40627  -0.197789   0.237811  -0.0120165   0.0036190   0.000000   0.000000   0.020000   0.020000  0.0015000  0.0010000    0.009000    0.002000
1970   2  11  40628  -0.196689   0.240811  -0.0129313   0.0033780   0.000000   0.000000   0.020000   0.020000  0.0015000  0.0010000    0.009000    0.002000
1970   2  12  40629  -0.195589   0.243811  -0.0135811   0.0031110   0.000000   0.000000   0.020000   0.020000  0.0015000  0.0010000    0.009000    0.002000
1970   2  13  40630  -0.194388   0.246912  -0.0139820   0.0028710   0.000000   0.000000   0.020000   0.020000  0.0015000  0.0010000    0.009000    0.002000
1970   2  14  40631  -0.193088   0.249912  -0.0141648   0.0026870   0.000000   0.000000   0.020000   0.020000  0.0015000  0.0010000    0.009000    0.002000
1970   2  15  40632  -0.191888   0.252912  -0.0141926   0.0025840   0.000000   0.000000   0.020000   0.020000  0.0015000  0.0010000    0.009000    0.002000
1970   2  16  40633  -0.190588   0.256012  -0.0141595   0.0025550   0.000000   0.000000   0.020000   0.020000  0.0015000  0.0010000    0.009000    0.002000
1970   2  17  40634  -0.189287   0.259013  -0.0141503   0.0026060   0.000000   0.000000   0.020000   0.020000  0.0015000  0.0010000    0.009000    0.002000
1970   2  18  40635  -0.187887   0.262013  -0.0142251   0.0027260   0.000000   0.000000   0.020000   0.020000  0.0015000  0.0010000    0.009000    0.002000
1970   2  19  40636  -0.186587   0.265013  -0.0144380   0.0028960   0.000000   0.000000   0.020000   0.020000  0.0015000  0.0010000    0.009000    0.002000
1970   2  20  40637  -0.185186   0.268014  -0.0148348   0.0030810   0.000000   0.000000   0.020000   0.020000  0.0015000  0.0010000    0.009000    0.002000
1970   2  21  40638  -0.183786   0.271014  -0.0154076   0.0032520   0.000000   0.000000   0.020000   0.020000  0.0015000  0.0010000    0.009000    0.002000
1970   2  22  40639  -0.182486   0.274014  -0.0161464   0.0033890   0.000000   0.000000   0.020000   0.020000  0.0015000  0.0010000    0.009000    0.002000
1970   2  23  40640  -0.181086   0.277014  -0.0169763   0.0034590   0.000000   0.000000   0.020000   0.020000  0.0015000  0.0010000    0.009000    0.002000
1970   2  24  40641  -0.179685   0.279915  -0.0178601   0.0034660   0.000000   0.000000   0.020000   0.020000  0.0015000  0.0010000    0.009000    0.002000
1970   2  25  40642  -0.178385   0.282815  -0.0187009   0.0033940   0.000000   0.000000   0.020000   0.020000  0.0015000  0.0010000    0.009000    0.002000
1970   2  26  40643  -0.177085   0.285715  -0.0194448   0.0032510   0.000000   0.000000   0.020000   0.020000  0.0015000  0.0010000    0.009000    0.002000
1970   2  27  40644  -0.175785   0.288615  -0.0200056   0.0030470   0.000000   0.000000   0.020000   0.020000  0.0015000  0.0010000    0.009000    0.002000
1970   2  28  40645  -0.174484   0.291516  -0.0203424   0.0028280   0.000000   0.000000   0.020000   0.020000  0.0015000  0.0010000    0.009000    0.002000
1970   3   1  40646  -0.173184   0.294316  -0.0204913   0.0026510   0.000000   0.000000   0.020000   0.020000  0.0015000  0.0010000    0.009000    0.002000
1970   3   2  40647  -0.171984   0.297116  -0.0205041   0.0025720   0.000000   0.000000   0.020000   0.020000  0.0015000  0.0010000    0.009000    0.002000
1970   3   3  40648  -0.170783   0.299817  -0.0204879   0.0026130   0.000000   0.000000   0.020000   0.020000  0.0015000  0.0010000    0.009000    0.002000
1970   3   4  40649  -0.169583   0.302617  -0.0205968   0.0028080   0.000000   0.000000   0.020000   0.020000  0.0015000  0.0010000    0.009000    0.002000
1970   3   5  40650  -0.168383   0.305317  -0.0209506   0.0031030   0.000000   0.000000   0.020000   0.020000  0.0015000  0.0010000    0.009000    0.002000
1970   3   6  40651  -0.167283   0.307917  -0.0216334   0.0034390   0.000000   0.000000   0.020000   0.020000  0.0015000  0.0010000    0.009000    0.002000
1970   3   7  40652  -0.166182   0.310618  -0.0226263   0.0037070   0.000000   0.000000   0.020000   0.020000  0.0015000  0.0010000    0.009000    0.002000
1970   3   8  40653  -0.165082   0.313218  -0.0238261   0.0038340   0.000000   0.000000   0.020000   0.020000  0.0015000  0.0010000    0.009000    0.002000
1970   3   9  40654  -0.163982   0.315718  -0.0250429   0.0037810   0.000000   0.000000   0.020000   0.020000  0.0015000  0.0010000    0.009000    0.002000
1970   3  10  40655  -0.162882   0.318318  -0.0261357   0.0035640   0.000000   0.000000   0.020000   0.020000  0.0015000  0.0010000    0.009000    0.002000
1970   3  11  40656  -0.161881   0.320819  -0.0269736   0.0032740   0.000000   0.000000   0.020000   0.020000  0.0015000  0.0010000    0.009000    0.002000
1970   3  12  40657  -0.160781   0.323219  -0.0275134   0.0029900   0.000000   0.000000   0.020000   0.020000  0.0015000  0.0010000    0.009000    0.002000
1970   3  13  40658  -0.159781   0.325619  -0.0277832   0.0027520   0.000000   0.000000   0.020000   0.020000  0.0015000  0.0010000    0.009000    0.002000
1970   3  14  40659  -0.158680   0.328020  -0.0278671   0.0026100   0.000000   0.000000   0.020000   0.020000  0.0015000  0.0010000    0.009000    0.002000
1970   3  15  40660  -0.157680   0.330320  -0.0278449   0.0025610   0.000000   0.000000   0.020000   0.020000  0.0015000  0.0010000    0.009000    0.002000
1970   3  16  40661  -0.156680   0.332620  -0.0278167   0.0025870   0.000000   0.000000   0.020000   0.020000  0.0015000  0.0010000    0.009000    0.002000
1970   3  17  40662  -0.155580   0.334920  -0.0278636   0.0026970   0.000000   0.000000   0.020000   0.020000  0.0015000  0.0010000    0.009000    0.002000
1970   3  18  40663  -0.154479   0.337121  -0.0280484   0.0028620   0.000000   0.000000   0.020000   0.020000  0.0015000  0.0010000    0.009000    0.002000
1970   3  19  40664  -0.153479   0.339221  -0.0284192   0.0030620   0.000000   0.000000   0.020000   0.020000  0.0015000  0.0010000    0.009000    0.002000
1970   3  20  40665  -0.152279   0.341421  -0.0289941   0.0032680   0.000000   0.000000   0.020000   0.020000  0.0015000  0.0010000    0.009000    0.002000
1970   3  21  40666  -0.151178   0.343522  -0.0297669   0.0034510   0.000000   0.000000   0.020000   0.020000  0.0015000  0.0010000    0.009000    0.002000
1970   3  22  40667  -0.149978   0.345522  -0.0306997   0.0035850   0.000000   0.000000   0.020000   0.020000  0.0015000  0.0010000    0.009000    0.002000
1970   3  23  40668  -0.148778   0.347522  -0.0317326   0.0036470   0.000000   0.000000   0.020000   0.020000  0.0015000  0.0010000    0.009000    0.002000
1970   3  24  40669  -0.147578   0.349522  -0.0327954   0.0036260   0.000000   0.000000   0.020000   0.020000  0.0015000  0.0010000    0.009000    0.002000
1970   3  25  40670  -0.146277   0.351423  -0.0337862   0.0035240   0.000000   0.000000   0.020000   0.020000  0.0015000  0.0010000    0.009000    0.002000
1970   3  26  40671  -0.144977   0.353323  -0.0346421   0.0033610   0.000000   0.000000   0.020000   0.020000  0.0015000  0.0010000    0.009000    0.002000
1970   3  27  40672  -0.143577   0.355123  -0.0353199   0.0031740   0.000000   0.000000   0.020000   0.020000  0.0015000  0.0010000    0.009000    0.002000
1970   3  28  40673  -0.142177   0.356923  -0.0358067   0.0030000   0.000000   0.000000   0.020000   0.020000  0.0015000  0.0010000    0.009000    0.002000
1970   3  29  40674  -0.140676   0.358624  -0.0361546   0.0029120   0.000000   0.000000   0.020000   0.020000  0.0015000  0.0010000    0.009000    0.002000
1970   3  30  40675  -0.139176   0.360424  -0.0364784   0.0029280   0.000000   0.000000   0.020000   0.020000  0.0015000  0.0010000    0.009000    0.002000
1970   3  31  40676  -0.137576   0.362024  -0.0368742   0.0030760   0.000000   0.000000   0.020000   0.020000  0.0015000  0.0010000    0.009000    0.002000
1970   4   1  40677  -0.135875   0.363625  -0.0374681   0.0033280   0.000000   0.000000   0.020000   0.020000  0.0015000  0.0010000    0.009000    0.002000
1970   4   2  40678  -0.134175   0.365225  -0.0383619   0.0036420   0.000000   0.000000   0.020000   0.020000  0.0015000  0.0010000    0.009000    0.002000
1970   4   3  40679  -0.132375   0.366725  -0.0395647   0.0039250   0.000000   0.000000   0.020000   0.020000  0.0015000  0.0010000    0.009000    0.002000
1970   4   4  40680  -0.130575   0.368225  -0.0409965   0.0041050   0.000000   0.000000   0.020000   0.020000  0.0015000  0.0010000    0.009000    0.002000
1970   4   5  40681  -0.128674   0.369726  -0.0425404   0.0041250   0.000000   0.000000   0.020000   0.020000  0.0015000  0.0010000    0.009000    0.002000
1970   4   6  40682  -0.126674   0.371126  -0.0440112   0.0039910   0.000000   0.000000   0.020000   0.020000  0.0015000  0.0010000    0.009000    0.002000
1970   4   7  40683  -0.124674   0.372426  -0.0452810   0.0037240   0.000000   0.000000   0.020000   0.020000  0.0015000  0.0010000    0.009000    0.002000
1970   4   8  40684  -0.122674   0.373726  -0.0462539   0.0034100   0.000000   0.000000   0.020000   0.020000  0.0015000  0.0010000    0.009000    0.002000
1970   4   9  40685  -0.120473   0.375027  -0.0469197   0.0031110   0.000000   0.000000   0.020000   0.020000  0.0015000  0.0010000    0.009000    0.002000
1970   4  10  40686  -0.118373   0.376227  -0.0473315   0.0028980   0.000000   0.000000   0.020000   0.020000  0.0015000  0.0010000    0.009000    0.002000
1970   4  11  40687  -0.116073   0.377427  -0.0475574   0.0027710   0.000000   0.000000   0.020000   0.020000  0.0015000  0.0010000    0.009000    0.002000
1970   4  12  40688  -0.113772   0.378628  -0.0477252   0.0027480   0.000000   0.000000   0.020000   0.020000  0.0015000  0.0010000    0.009000    0.002000
1970   4  13  40689  -0.111472   0.379728  -0.0479010   0.0027960   0.000000   0.000000   0.020000   0.020000  0.0015000  0.0010000    0.009000    0.002000
1970   4  14  40690  -0.109072   0.380828  -0.0481459   0.0029040   0.000000   0.000000   0.020000   0.020000  0.0015000  0.0010000    0.009000    0.002000
1970   4  15  40691  -0.106672   0.381828  -0.0485307   0.0030520   0.000000   0.000000   0.020000   0.020000  0.0015000  0.0010000    0.009000    0.002000
1970   4  16  40692  -0.104171   0.382829  -0.0490735   0.0032140   0.000000   0.000000   0.020000   0.020000  0.0015000  0.0010000    0.009000    0.002000
1970   4  17  40693  -0.101671   0.383829  -0.0497754   0.0033650   0.000000   0.000000   0.020000   0.020000  0.0015000  0.0010000    0.009000    0.002000
1970   4  18  40694  -0.099071   0.384729  -0.0506112   0.0034880   0.000000   0.000000   0.020000   0.020000  0.0015000  0.0010000    0.009000    0.002000
1970   4  19  40695  -0.096471   0.385629  -0.0515410   0.0035390   0.000000   0.000000   0.020000   0.020000  0.0015000  0.0010000    0.009000    0.002000
1970   4  20  40696  -0.093870   0.386530  -0.0524819   0.0035210   0.000000   0.000000   0.020000   0.020000  0.0015000  0.0010000    0.009000    0.002000
1970   4  21  40697  -0.091170   0.387430  -0.0533627   0.0034070   0.000000   0.000000   0.020000   0.020000  0.0015000  0.0010000    0.009000    0.002000
1970   4  22  40698  -0.088470   0.388230  -0.0540915   0.0032300   0.000000   0.000000   0.020000   0.020000  0.0015000  0.0010000    0.009000    0.002000
1970   4  23  40699  -0.085769   0.389031  -0.0546174   0.0030110   0.000000   0.000000   0.020000   0.020000  0.0015000  0.0010000    0.009000    0.002000
1970   4  24  40700  -0.083069   0.389731  -0.0549252   0.0028010   0.000000   0.000000   0.020000   0.020000  0.0015000  0.0010000    0.009000    0.002000
1970   4  25  40701  -0.080269   0.390531  -0.0550521   0.0026460   0.000000   0.000000   0.020000   0.020000  0.0015000  0.0010000    0.009000    0.002000
1970   4  26  40702  -0.077469   0.391231  -0.0550739   0.0026100   0.000000   0.000000   0.020000   0.020000  0.0015000  0.0010000    0.009000    0.002000
1970   4  27  40703  -0.074668   0.391932  -0.0551337   0.0027100   0.000000   0.000000   0.020000   0.020000  0.0015000  0.0010000    0.009000    0.002000
1970   4  28  40704  -0.071868   0.392632  -0.0553426   0.0029130   0.000000   0.000000   0.020000   0.020000  0.0015000  0.0010000    0.009000    0.002000
1970   4  29  40705  -0.068968   0.393232  -0.0558004   0.0031910   0.000000   0.000000   0.020000   0.020000  0.0015000  0.0010000    0.009000    0.002000
1970   4  30  40706  -0.066168   0.393932  -0.0565332   0.0034580   0.000000   0.000000   0.020000   0.020000  0.0015000  0.0010000    0.009000    0.002000
1970   5   1  40707  -0.063267   0.394533  -0.0575021   0.0036540   0.000000   0.000000   0.020000   0.020000  0.0015000  0.0010000    0.009000    0.002000
1970   5   2  40708  -0.060367   0.395133  -0.0586069   0.0037240   0.000000   0.000000   0.020000   0.020000  0.0015000  0.0010000    0.009000    0.002000
1970   5   3  40709  -0.057467   0.395733  -0.0597197   0.0036460   0.000000   0.000000   0.020000   0.020000  0.0015000  0.0010000    0.009000    0.002000
1970   5   4  40710  -0.054566   0.396334  -0.0606756   0.0034400   0.000000   0.000000   0.020000   0.020000  0.0015000  0.0010000    0.009000    0.002000
1970   5   5  40711  -0.051666   0.396834  -0.0613934   0.0031580   0.000000   0.000000   0.020000   0.020000  0.0015000  0.0010000    0.009000    0.002000
1970   5   6  40712  -0.048666   0.397434  -0.0618092   0.0028570   0.000000   0.000000   0.020000   0.020000  0.0015000  0.0010000    0.009000    0.002000
1970   5   7  40713  -0.045766   0.397934  -0.0619461   0.0026180   0.000000   0.000000   0.020000   0.020000  0.0015000  0.0010000    0.009000    0.002000
1970   5   8  40714  -0.042765   0.398435  -0.0618749   0.0024460   0.000000   0.000000   0.020000   0.020000  0.0015000  0.0010000    0.009000    0.002000
1970   5   9  40715  -0.039765   0.398935  -0.0616907   0.0023820   0.000000   0.000000   0.020000   0.020000  0.0015000  0.0010000    0.009000    0.002000
1970   5  10  40716  -0.036865   0.399435  -0.0614876   0.0024050   0.000000   0.000000   0.020000   0.020000  0.0015000  0.0010000    0.009000    0.002000
1970   5  11  40717  -0.033865   0.399935  -0.0613444   0.0024970   0.000000   0.000000   0.020000   0.020000  0.0015000  0.0010000    0.009000    0.002000
1970   5  12  40718  -0.030864   0.400336  -0.0613062   0.0026330   0.000000   0.000000   0.020000   0.020000  0.0015000  0.0010000    0.009000    0.002000
1970   5  13  40719  -0.027864   0.400736  -0.0614171   0.0027790   0.000000   0.000000   0.020000   0.020000  0.0015000  0.0010000    0.009000    0.002000
1970   5  14  40720  -0.024864   0.401136  -0.0616819   0.0029300   0.000000   0.000000   0.020000   0.020000  0.0015000  0.0010000    0.009000    0.002000
1970   5  15  40721  -0.021763   0.401537  -0.0620757   0.0030510   0.000000   0.000000   0.020000   0.020000  0.0015000  0.0010000    0.009000    0.002000
1970   5  16  40722  -0.018763   0.401937  -0.0625666   0.0031210   0.000000   0.000000   0.020000   0.020000  0.0015000  0.0010000    0.009000    0.002000
1970   5  17  40723  -0.015663   0.402237  -0.0631044   0.0031230   0.000000   0.000000   0.020000   0.020000  0.0015000  0.0010000    0.009000    0.002000
1970   5  18  40724  -0.012663   0.402637  -0.0635953   0.0030450   0.000000   0.000000   0.020000   0.020000  0.0015000  0.0010000    0.009000    0.002000
1970   5  19  40725  -0.009562   0.402838  -0.0639891   0.0029000   0.000000   0.000000   0.020000   0.020000  0.0015000  0.0010000    0.009000    0.002000
1970   5  20  40726  -0.006462   0.403138  -0.0641849   0.0026870   0.000000   0.000000   0.020000   0.020000  0.0015000  0.0010000    0.009000    0.002000
1970   5  21  40727  -0.003362   0.403338  -0.0641678   0.0024700   0.000000   0.000000   0.020000   0.020000  0.0015000  0.0010000    0.009000    0.002000
1970   5  22  40728  -0.000162   0.403538  -0.0639506   0.0022890   0.000000   0.000000   0.020000   0.020000  0.0015000  0.0010000    0.009000    0.002000
1970   5  23  40729   0.002939   0.403739  -0.0635994   0.0022190   0.000000   0.000000   0.020000   0.020000  0.0015000  0.0010000    0.009000    0.002000
1970   5  24  40730   0.006039   0.403939  -0.0632423   0.0022710   0.000000   0.000000   0.020000   0.020000  0.0015000  0.0010000    0.009000    0.002000
1970   5  25  40731   0.009239   0.404039  -0.0630021   0.0024550   0.000000   0.000000   0.020000   0.020000  0.0015000  0.0010000    0.009000    0.002000
1970   5  26  40732   0.012440   0.404040  -0.0629859   0.0027010   0.000000   0.000000   0.020000   0.020000  0.0015000  0.0010000    0.009000    0.002000
1970   5  27  40733   0.015640   0.404140  -0.0632248   0.0029610   0.000000   0.000000   0.020000   0.020000  0.0015000  0.0010000    0.009000    0.002000
1970   5  28  40734   0.018840   0.404040  -0.0636956   0.0031440   0.000000   0.000000   0.020000   0.020000  0.0015000  0.0010000    0.009000    0.002000
1970   5  29  40735   0.022040   0.404040  -0.0642934   0.0032220   0.000000   0.000000   0.020000   0.020000  0.0015000  0.0010000    0.009000    0.002000
1970   5  30  40736   0.025241   0.403941  -0.0649153   0.0031680   0.000000   0.000000   0.020000   0.020000  0.0015000  0.0010000    0.009000    0.002000
1970   5  31  40737   0.028541   0.403841  -0.0654091   0.0029940   0.000000   0.000000   0.020000   0.020000  0.0015000  0.0010000    0.009000    0.002000
1970   6   1  40738   0.031741   0.403641  -0.0656870   0.0027420   0.000000   0.000000   0.020000   0.020000  0.0015000  0.0010000    0.009000    0.002000
1970   6   2  40739   0.035041   0.403441  -0.0656948   0.0024760   0.000000   0.000000   0.020000   0.020000  0.0015000  0.0010000    0.009000    0.002000
1970   6   3  40740   0.038342   0.403142  -0.0654586   0.0022400   0.000000   0.000000   0.020000   0.020000  0.0015000  0.0010000    0.009000    0.002000
1970   6   4  40741   0.041542   0.402842  -0.0650195   0.0020660   0.000000   0.000000   0.020000   0.020000  0.0015000  0.0010000    0.009000    0.002000
1970   6   5  40742   0.044842   0.402442  -0.0644423   0.0019840   0.000000   0.000000   0.020000   0.020000  0.0015000  0.0010000    0.009000    0.002000
1970   6   6  40743   0.048143   0.402043  -0.0638391   0.0019940   0.000000   0.000000   0.020000   0.020000  0.0015000  0.0010000    0.009000    0.002000
1970   6   7  40744   0.051443   0.401643  -0.0632740   0.0020780   0.000000   0.000000   0.020000   0.020000  0.0015000  0.0010000    0.009000    0.002000
1970   6   8  40745   0.054743   0.401143  -0.0628328   0.0022150   0.000000   0.000000   0.020000   0.020000  0.0015000  0.0010000    0.009000    0.002000
1970   6   9  40746   0.058043   0.400543  -0.0625327   0.0023760   0.000000   0.000000   0.020000   0.020000  0.0015000  0.0010000    0.009000    0.002000
1970   6  10  40747   0.061344   0.399944  -0.0623935   0.0025260   0.000000   0.000000   0.020000   0.020000  0.0015000  0.0010000    0.009000    0.002000
1970   6  11  40748   0.064644   0.399244  -0.0623843   0.0026400   0.000000   0.000000   0.020000   0.020000  0.0015000  0.0010000    0.009000    0.002000
1970   6  12  40749   0.067944   0.398544  -0.0624682   0.0027090   0.000000   0.000000   0.020000   0.020000  0.0015000  0.0010000    0.009000    0.002000
1970   6  13  40750   0.071245   0.397745  -0.0625910   0.0027080   0.000000   0.000000   0.020000   0.020000  0.0015000  0.0010000    0.009000    0.002000
1970   6  14  40751   0.074445   0.396945  -0.0626788   0.0026480   0.000000   0.000000   0.020000   0.020000  0.0015000  0.0010000    0.009000    0.002000
1970   6  15  40752   0.077745   0.396045  -0.0626817   0.0025250   0.000000   0.000000   0.020000   0.020000  0.0015000  0.0010000    0.009000    0.002000
1970   6  16  40753   0.081045   0.395145  -0.0625185   0.0023300   0.000000   0.000000   0.020000   0.020000  0.0015000  0.0010000    0.009000    0.002000
1970   6  17  40754   0.084246   0.394146  -0.0621414   0.0021030   0.000000   0.000000   0.020000   0.020000  0.0015000  0.0010000    0.009000    0.002000
1970   6  18  40755   0.087446   0.393046  -0.0615502   0.0018950   0.000000   0.000000   0.020000   0.020000  0.0015000  0.0010000    0.009000    0.002000
1970   6  19  40756   0.090646   0.391946  -0.0607780   0.0017780   0.000000   0.000000   0.020000   0.020000  0.0015000  0.0010000    0.009000    0.002000
1970   6  20  40757   0.093846   0.390746  -0.0599599   0.0017900   0.000000   0.000000   0.020000   0.020000  0.0015000  0.0010000    0.009000    0.002000
1970   6  21  40758   0.096947   0.389547  -0.0592147   0.0019430   0.000000   0.000000   0.020000   0.020000  0.0015000  0.0010000    0.009000    0.002000
1970   6  22  40759   0.100047   0.388247  -0.0586875   0.0021950   0.000000   0.000000   0.020000   0.020000  0.0015000  0.0010000    0.009000    0.002000
1970   6  23  40760   0.103147   0.386847  -0.0584224   0.0024690   0.000000   0.000000   0.020000   0.020000  0.0015000  0.0010000    0.009000    0.002000
1970   6  24  40761   0.106248   0.385448  -0.0584152   0.0026800   0.000000   0.000000   0.020000   0.020000  0.0015000  0.0010000    0.009000    0.002000
1970   6  25  40762   0.109248   0.383948  -0.0585601   0.0027760   0.000000   0.000000   0.020000   0.020000  0.0015000  0.0010000    0.009000    0.002000
1970   6  26  40763   0.112248   0.382448  -0.0587379   0.0027270   0.000000   0.000000   0.020000   0.020000  0.0015000  0.0010000    0.009000    0.002000
1970   6  27  40764   0.115148   0.380848  -0.0587907   0.0025620   0.000000   0.000000   0.020000   0.020000  0.0015000  0.0010000    0.009000    0.002000
1970   6  28  40765   0.118149   0.379149  -0.0586466   0.0023200   0.000000   0.000000   0.020000   0.020000  0.0015000  0.0010000    0.009000    0.002000
1970   6  29  40766   0.120949   0.377449  -0.0582324   0.0020440   0.000000   0.000000   0.020000   0.020000  0.0015000  0.0010000    0.009000    0.002000
1970   6  30  40767   0.123849   0.375649  -0.0575622   0.0018040   0.000000   0.000000   0.020000   0.020000  0.0015000  0.0010000    0.009000    0.002000
1970   7   1  40768   0.126649   0.373749  -0.0566821   0.0016280   0.000000   0.000000   0.020000   0.020000  0.0015000  0.0010000    0.009000    0.002000
1970   7   2  40769   0.129350   0.371850  -0.0556659   0.0015360   0.000000   0.000000   0.020000   0.020000  0.0015000  0.0010000    0.009000    0.002000
1970   7   3  40770   0.132050   0.369850  -0.0546038   0.0015440   0.000000   0.000000   0.020000   0.020000  0.0015000  0.0010000    0.009000    0.002000
1970   7   4  40771   0.134750   0.367850  -0.0535906   0.0016210   0.000000   0.000000   0.020000   0.020000  0.0015000  0.0010000    0.009000    0.002000
1970   7   5  40772   0.137351   0.365751  -0.0526744   0.0017560   0.000000   0.000000   0.020000   0.020000  0.0015000  0.0010000    0.009000    0.002000
1970   7   6  40773   0.139951   0.363551  -0.0519243   0.0019240   0.000000   0.000000   0.020000   0.020000  0.0015000  0.0010000    0.009000    0.002000
1970   7   7  40774   0.142451   0.361351  -0.0513341   0.0020950   0.000000   0.000000   0.020000   0.020000  0.0015000  0.0010000    0.009000    0.002000
1970   7   8  40775   0.144951   0.359051  -0.0509070   0.0022440   0.000000   0.000000   0.020000   0.020000  0.0015000  0.0010000    0.009000    0.002000
1970   7   9  40776   0.147352   0.356752  -0.0506178   0.0023390   0.000000   0.000000   0.020000   0.020000  0.0015000  0.0010000    0.009000    0.002000
1970   7  10  40777   0.149752   0.354352  -0.0503956   0.0023870   0.000000   0.000000   0.020000   0.020000  0.0015000  0.0010000    0.009000    0.002000
1970   7  11  40778   0.152152   0.351952  -0.0501795   0.0023610   0.000000   0.000000   0.020000   0.020000  0.0015000  0.0010000    0.009000    0.002000
1970   7  12  40779   0.154452   0.349552  -0.0499143   0.0022790   0.000000   0.000000   0.020000   0.020000  0.0015000  0.0010000    0.009000    0.002000
1970   7  13  40780   0.156653   0.347053  -0.0495272   0.0021290   0.000000   0.000000   0.020000   0.020000  0.0015000  0.0010000    0.009000    0.002000
1970   7  14  40781   0.158853   0.344453  -0.0489700   0.0019400   0.000000   0.000000   0.020000   0.020000  0.0015000  0.0010000    0.009000    0.002000
1970   7  15  40782   0.161053   0.341853  -0.0482178   0.0017400   0.000000   0.000000   0.020000   0.020000  0.0015000  0.0010000    0.009000    0.002000
1970   7  16  40783   0.163154   0.339254  -0.0472867   0.0016030   0.000000   0.000000   0.020000   0.020000  0.0015000  0.0010000    0.009000    0.002000
1970   7  17  40784   0.165254   0.336554  -0.0462805   0.0015770   0.000000   0.000000   0.020000   0.020000  0.0015000  0.0010000    0.009000    0.002000
1970   7  18  40785   0.167254   0.333854  -0.0452984   0.0016850   0.000000   0.000000   0.020000   0.020000  0.0015000  0.0010000    0.009000    0.002000
1970   7  19  40786   0.169154   0.331154  -0.0445142   0.0019340   0.000000   0.000000   0.020000   0.020000  0.0015000  0.0010000    0.009000    0.002000
1970   7  20  40787   0.171055   0.328355  -0.0439980   0.0022380   0.000000   0.000000   0.020000   0.020000  0.0015000  0.0010000    0.009000    0.002000
1970   7  21  40788   0.172955   0.325555  -0.0437999   0.0025200   0.000000   0.000000   0.020000   0.020000  0.0015000  0.0010000    0.009000    0.002000
1970   7  22  40789   0.174755   0.322755  -0.0438077   0.0026700   0.000000   0.000000   0.020000   0.020000  0.0015000  0.0010000    0.009000    0.002000
1970   7  23  40790   0.176555   0.319855  -0.0439026   0.0026620   0.000000   0.000000   0.020000   0.020000  0.0015000  0.0010000    0.009000    0.002000
1970   7  24  40791   0.178256   0.317056  -0.0438974   0.0024850   0.000000   0.000000   0.020000   0.020000  0.0015000  0.0010000    0.009000    0.002000
1970   7  25  40792   0.179856   0.314156  -0.0436582   0.0022050   0.000000   0.000000   0.020000   0.020000  0.0015000  0.0010000    0.009000    0.002000
1970   7  26  40793   0.181456   0.311256  -0.0431171   0.0019020   0.000000   0.000000   0.020000   0.020000  0.0015000  0.0010000    0.009000    0.002000
1970   7  27  40794   0.183057   0.308257  -0.0422829   0.0016080   0.000000   0.000000   0.020000   0.020000  0.0015000  0.0010000    0.009000    0.002000
1970   7  28  40795   0.184557   0.305357  -0.0411848   0.0013910   0.000000   0.000000   0.020000   0.020000  0.0015000  0.0010000    0.009000    0.002000
1970   7  29  40796   0.185957   0.302357  -0.0399136   0.0012710   0.000000   0.000000   0.020000   0.020000  0.0015000  0.0010000    0.009000    0.002000
1970   7  30  40797   0.187357   0.299457  -0.0385574   0.0012310   0.000000   0.000000   0.020000   0.020000  0.0015000  0.0010000    0.009000    0.002000
1970   7  31  40798   0.188758   0.296458  -0.0372223   0.0012800   0.000000   0.000000   0.020000   0.020000  0.0015000  0.0010000    0.009000    0.002000
1970   8   1  40799   0.190058   0.293458  -0.0359591   0.0013930   0.000000   0.000000   0.020000   0.020000  0.0015000  0.0010000    0.009000    0.002000
1970   8   2  40800   0.191258   0.290458  -0.0348310   0.0015350   0.000000   0.000000   0.020000   0.020000  0.0015000  0.0010000    0.009000    0.002000
1970   8   3  40801   0.192458   0.287458  -0.0338628   0.0017090   0.000000   0.000000   0.020000   0.020000  0.0015000  0.0010000    0.009000    0.002000
1970   8   4  40802   0.193559   0.284559  -0.0330526   0.0018650   0.000000   0.000000   0.020000   0.020000  0.0015000  0.0010000    0.009000    0.002000
1970   8   5  40803   0.194659   0.281559  -0.0323895   0.0019900   0.000000   0.000000   0.020000   0.020000  0.0015000  0.0010000    0.009000    0.002000
1970   8   6  40804   0.195759   0.278559  -0.0318233   0.0020570   0.000000   0.000000   0.020000   0.020000  0.0015000  0.0010000    0.009000    0.002000
1970   8   7  40805   0.196660   0.275560  -0.0312912   0.0020590   0.000000   0.000000   0.020000   0.020000  0.0015000  0.0010000    0.009000    0.002000
1970   8   8  40806   0.197660   0.272560  -0.0307280   0.0019960   0.000000   0.000000   0.020000   0.020000  0.0015000  0.0010000    0.009000    0.002000
1970   8   9  40807   0.198560   0.269560  -0.0300849   0.0018880   0.000000   0.000000   0.020000   0.020000  0.0015000  0.0010000    0.009000    0.002000
1970   8  10  40808   0.199360   0.266560  -0.0293117   0.0017420   0.000000   0.000000   0.020000   0.020000  0.0015000  0.0010000    0.009000    0.002000
1970   8  11  40809   0.200161   0.263661  -0.0283955   0.0015970   0.000000   0.000000   0.020000   0.020000  0.0015000  0.0010000    0.009000    0.002000
1970   8  12  40810   0.200861   0.260661  -0.0273354   0.0014840   0.000000   0.000000   0.020000   0.020000  0.0015000  0.0010000    0.009000    0.002000
1970   8  13  40811   0.201561   0.257661  -0.0262112   0.0014550   0.000000   0.000000   0.020000   0.020000  0.0015000  0.0010000    0.009000    0.002000
1970   8  14  40812   0.202261   0.254661  -0.0251001   0.0015460   0.000000   0.000000   0.020000   0.020000  0.0015000  0.0010000    0.009000    0.002000
1970   8  15  40813   0.202862   0.251662  -0.0241709   0.0017890   0.000000   0.000000   0.020000   0.020000  0.0015000  0.0010000    0.009000    0.002000
1970   8  16  40814   0.203362   0.248662  -0.0235327   0.0021380   0.000000   0.000000   0.020000   0.020000  0.0015000  0.0010000    0.009000    0.002000
1970   8  17  40815   0.203862   0.245662  -0.0232736   0.0025090   0.000000   0.000000   0.020000   0.020000  0.0015000  0.0010000    0.009000    0.002000
1970   8  18  40816   0.204363   0.242663  -0.0233434   0.0027870   0.000000   0.000000   0.020000   0.020000  0.0015000  0.0010000    0.009000    0.002000
1970   8  19  40817   0.204763   0.239663  -0.0236133   0.0029120   0.000000   0.000000   0.020000   0.020000  0.0015000  0.0010000    0.009000    0.002000
1970   8  20  40818   0.205163   0.236663  -0.0239121   0.0028370   0.000000   0.000000   0.020000   0.020000  0.0015000  0.0010000    0.009000    0.002000
1970   8  21  40819   0.205463   0.233663  -0.0240560   0.0026010   0.000000   0.000000   0.020000   0.020000  0.0015000  0.0010000    0.009000    0.002000
1970   8  22  40820   0.205764   0.230564  -0.0239108   0.0022920   0.000000   0.000000   0.020000   0.020000  0.0015000  0.0010000    0.009000    0.002000
1970   8  23  40821   0.206064   0.227564  -0.0234636   0.0019930   0.000000   0.000000   0.020000   0.020000  0.0015000  0.0010000    0.009000    0.002000
1970   8  24  40822   0.206264   0.224464  -0.0227495   0.0017640   0.000000   0.000000   0.020000   0.020000  0.0015000  0.0010000    0.009000    0.002000
1970   8  25  40823   0.206464   0.221364  -0.0218543   0.0016320   0.000000   0.000000   0.020000   0.020000  0.0015000  0.0010000    0.009000    0.002000
1970   8  26  40824   0.206565   0.218265  -0.0208672   0.0015990   0.000000   0.000000   0.020000   0.020000  0.0015000  0.0010000    0.009000    0.002000
1970   8  27  40825   0.206665   0.215165  -0.0198900   0.0016510   0.000000   0.000000   0.020000   0.020000  0.0015000  0.0010000    0.009000    0.002000
1970   8  28  40826   0.206765   0.211965  -0.0190009   0.0017690   0.000000   0.000000   0.020000   0.020000  0.0015000  0.0010000    0.009000    0.002000
1970   8  29  40827   0.206766   0.208866  -0.0182537   0.0019330   0.000000   0.000000   0.020000   0.020000  0.0015000  0.0010000    0.009000    0.002000
1970   8  30  40828   0.206766   0.205666  -0.0176815   0.0021150   0.000000   0.000000   0.020000   0.020000  0.0015000  0.0010000    0.009000    0.002000
1970   8  31  40829   0.206666   0.202466  -0.0172894   0.0022890   0.000000   0.000000   0.020000   0.020000  0.0015000  0.0010000    0.009000    0.002000
1970   9   1  40830   0.206566   0.199266  -0.0170662   0.0024270   0.000000   0.000000   0.020000   0.020000  0.0015000  0.0010000    0.009000    0.002000
1970   9   2  40831   0.206467   0.195967  -0.0169441   0.0025190   0.000000   0.000000   0.020000   0.020000  0.0015000  0.0010000    0.009000    0.002000
1970   9   3  40832   0.206267   0.192767  -0.0168809   0.0025330   0.000000   0.000000   0.020000   0.020000  0.0015000  0.0010000    0.009000    0.002000
1970   9   4  40833   0.206067   0.189467  -0.0168078   0.0024790   0.000000   0.000000   0.020000   0.020000  0.0015000  0.0010000    0.009000    0.002000
1970   9   5  40834   0.205768   0.186168  -0.0166396   0.0023660   0.000000   0.000000   0.020000   0.020000  0.0015000  0.0010000    0.009000    0.002000
1970   9   6  40835   0.205468   0.182868  -0.0163464   0.0022120   0.000000   0.000000   0.020000   0.020000  0.0015000  0.0010000    0.009000    0.002000
1970   9   7  40836   0.205168   0.179568  -0.0158903   0.0020560   0.000000   0.000000   0.020000   0.020000  0.0015000  0.0010000    0.009000    0.002000
1970   9   8  40837   0.204768   0.176268  -0.0152761   0.0019140   0.000000   0.000000   0.020000   0.020000  0.0015000  0.0010000    0.009000    0.002000
1970   9   9  40838   0.204269   0.172869  -0.0145590   0.0018470   0.000000   0.000000   0.020000   0.020000  0.0015000  0.0010000    0.009000    0.002000
1970   9  10  40839   0.203869   0.169569  -0.0138248   0.0018870   0.000000   0.000000   0.020000   0.020000  0.0015000  0.0010000    0.009000    0.002000
1970   9  11  40840   0.203269   0.166169  -0.0131977   0.0020600   0.000000   0.000000   0.020000   0.020000  0.0015000  0.0010000    0.009000    0.002000
1970   9  12  40841   0.202769   0.162869  -0.0127955   0.0023450   0.000000   0.000000   0.020000   0.020000  0.0015000  0.0010000    0.009000    0.002000
1970   9  13  40842   0.202070   0.159470  -0.0127284   0.0027060   0.000000   0.000000   0.020000   0.020000  0.0015000  0.0010000    0.009000    0.002000
1970   9  14  40843   0.201470   0.156070  -0.0130192   0.0030420   0.000000   0.000000   0.020000   0.020000  0.0015000  0.0010000    0.009000    0.002000
1970   9  15  40844   0.200670   0.152670  -0.0135910   0.0032670   0.000000   0.000000   0.020000   0.020000  0.0015000  0.0010000    0.009000    0.002000
1970   9  16  40845   0.199971   0.149271  -0.0142999   0.0032990   0.000000   0.000000   0.020000   0.020000  0.0015000  0.0010000    0.009000    0.002000
1970   9  17  40846   0.199071   0.145871  -0.0149467   0.0031460   0.000000   0.000000   0.020000   0.020000  0.0015000  0.0010000    0.009000    0.002000
1970   9  18  40847   0.198171   0.142571  -0.0153696   0.0028670   0.000000   0.000000   0.020000   0.020000  0.0015000  0.0010000    0.009000    0.002000
1970   9  19  40848   0.197271   0.139171  -0.0154874   0.0025600   0.000000   0.000000   0.020000   0.020000  0.0015000  0.0010000    0.009000    0.002000
1970   9  20  40849   0.196272   0.135772  -0.0153163   0.0022900   0.000000   0.000000   0.020000   0.020000  0.0015000  0.0010000    0.009000    0.002000
1970   9  21  40850   0.195172   0.132472  -0.0149301   0.0021280   0.000000   0.000000   0.020000   0.020000  0.0015000  0.0010000    0.009000    0.002000
1970   9  22  40851   0.194072   0.129172  -0.0144290   0.0020670   0.000000   0.000000   0.020000   0.020000  0.0015000  0.0010000    0.009000    0.002000
1970   9  23  40852   0.192872   0.125772  -0.0139068   0.0021040   0.000000   0.000000   0.020000   0.020000  0.0015000  0.0010000    0.009000    0.002000
1970   9  24  40853   0.191673   0.122473  -0.0134706   0.0022160   0.000000   0.000000   0.020000   0.020000  0.0015000  0.0010000    0.009000    0.002000
1970   9  25  40854   0.190373   0.119173  -0.0131645   0.0023680   0.000000   0.000000   0.020000   0.020000  0.0015000  0.0010000    0.009000    0.002000
1970   9  26  40855   0.188973   0.115973  -0.0130343   0.0025550   0.000000   0.000000   0.020000   0.020000  0.0015000  0.0010000    0.009000    0.002000
1970   9  27  40856   0.187474   0.112674  -0.0130922   0.0027310   0.000000   0.000000   0.020000   0.020000  0.0015000  0.0010000    0.009000    0.002000
1970   9  28  40857   0.185974   0.109474  -0.0133070   0.0028810   0.000000   0.000000   0.020000   0.020000  0.0015000  0.0010000    0.009000    0.002000
1970   9  29  40858   0.184474   0.106274  -0.0136469   0.0029710   0.000000   0.000000   0.020000   0.020000  0.0015000  0.0010000    0.009000    0.002000
1970   9  30  40859   0.182774   0.103174  -0.0140467   0.0029960   0.000000   0.000000   0.020000   0.020000  0.0015000  0.0010000    0.009000    0.002000
1970  10   1  40860   0.181075   0.099975  -0.0144246   0.0029390   0.000000   0.000000   0.020000   0.020000  0.0015000  0.0010000    0.009000    0.002000
1970  10   2  40861   0.179275   0.096875  -0.0147224   0.0028260   0.000000   0.000000   0.020000   0.020000  0.0015000  0.0010000    0.009000    0.002000
1970  10   3  40862   0.177375   0.093875  -0.0148813   0.0026650   0.000000   0.000000   0.020000   0.020000  0.0015000  0.0010000    0.009000    0.002000
1970  10   4  40863   0.175475   0.090875  -0.0148651   0.0024930   0.000000   0.000000   0.020000   0.020000  0.0015000  0.0010000    0.009000    0.002000
1970  10   5  40864   0.173476   0.087876  -0.0146829   0.0023180   0.000000   0.000000   0.020000   0.020000  0.0015000  0.0010000    0.009000    0.002000
1970  10   6  40865   0.171376   0.084976  -0.0143398   0.0022100   0.000000   0.000000   0.020000   0.020000  0.0015000  0.0010000    0.009000    0.002000
1970  10   7  40866   0.169276   0.082076  -0.0139526   0.0022050   0.000000   0.000000   0.020000   0.020000  0.0015000  0.0010000    0.009000    0.002000
1970  10   8  40867   0.167077   0.079277  -0.0136195   0.0023280   0.000000   0.000000   0.020000   0.020000  0.0015000  0.0010000    0.009000    0.002000
1970  10   9  40868   0.164777   0.076477  -0.0134583   0.0025680   0.000000   0.000000   0.020000   0.020000  0.0015000  0.0010000    0.009000    0.002000
1970  10  10  40869   0.162377   0.073777  -0.0135922   0.0028790   0.000000   0.000000   0.020000   0.020000  0.0015000  0.0010000    0.009000    0.002000
1970  10  11  40870   0.159977   0.071077  -0.0140520   0.0032260   0.000000   0.000000   0.020000   0.020000  0.0015000  0.0010000    0.009000    0.002000
1970  10  12  40871   0.157478   0.068478  -0.0148319   0.0034950   0.000000   0.000000   0.020000   0.020000  0.0015000  0.0010000    0.009000    0.002000
1970  10  13  40872   0.154878   0.065978  -0.0158127   0.0036300   0.000000   0.000000   0.020000   0.020000  0.0015000  0.0010000    0.009000    0.002000
1970  10  14  40873   0.152278   0.063578  -0.0168526   0.0035880   0.000000   0.000000   0.020000   0.020000  0.0015000  0.0010000    0.009000    0.002000
1970  10  15  40874   0.149578   0.061178  -0.0177574   0.0033900   0.000000   0.000000   0.020000   0.020000  0.0015000  0.0010000    0.009000    0.002000
1970  10  16  40875   0.146779   0.058779  -0.0184123   0.0031040   0.000000   0.000000   0.020000   0.020000  0.0015000  0.0010000    0.009000    0.002000
1970  10  17  40876   0.143879   0.056579  -0.0187761   0.0028200   0.000000   0.000000   0.020000   0.020000  0.0015000  0.0010000    0.009000    0.002000
1970  10  18  40877   0.140979   0.054379  -0.0188870   0.0025990   0.000000   0.000000   0.020000   0.020000  0.0015000  0.0010000    0.009000    0.002000
1970  10  19  40878   0.138080   0.052280  -0.0188408   0.0024990   0.000000   0.000000   0.020000   0.020000  0.0015000  0.0010000    0.009000    0.002000
1970  10  20  40879   0.135080   0.050280  -0.0187417   0.0025110   0.000000   0.000000   0.020000   0.020000  0.0015000  0.0010000    0.009000    0.002000
1970  10  21  40880   0.131980   0.048280  -0.0186915   0.0026000   0.000000   0.000000   0.020000   0.020000  0.0015000  0.0010000    0.009000    0.002000
1970  10  22  40881   0.128880   0.046380  -0.0187723   0.0027490   0.000000   0.000000   0.020000   0.020000  0.0015000  0.0010000    0.009000    0.002000
1970  10  23  40882   0.125681   0.044581  -0.0190202   0.0029190   0.000000   0.000000   0.020000   0.020000  0.0015000  0.0010000    0.009000    0.002000
1970  10  24  40883   0.122481   0.042781  -0.0194410   0.0031030   0.000000   0.000000   0.020000   0.020000  0.0015000  0.0010000    0.009000    0.002000
1970  10  25  40884   0.119181   0.041181  -0.0200199   0.0032490   0.000000   0.000000   0.020000   0.020000  0.0015000  0.0010000    0.009000    0.002000
1970  10  26  40885   0.115981   0.039481  -0.0207347   0.0033530   0.000000   0.000000   0.020000   0.020000  0.0015000  0.0010000    0.009000    0.002000
1970  10  27  40886   0.112582   0.037982  -0.0215266   0.0034090   0.000000   0.000000   0.020000   0.020000  0.0015000  0.0010000    0.009000    0.002000
1970  10  28  40887   0.109282   0.036482  -0.0223314   0.0033870   0.000000   0.000000   0.020000   0.020000  0.0015000  0.0010000    0.009000    0.002000
1970  10  29  40888   0.105882   0.035082  -0.0230973   0.0033060   0.000000   0.000000   0.020000   0.020000  0.0015000  0.0010000    0.009000    0.002000
1970  10  30  40889   0.102483   0.033683  -0.0237431   0.0031580   0.000000   0.000000   0.020000   0.020000  0.0015000  0.0010000    0.009000    0.002000
1970  10  31  40890   0.098983   0.032383  -0.0242210   0.0029870   0.000000   0.000000   0.020000   0.020000  0.0015000  0.0010000    0.009000    0.002000
1970  11   1  40891   0.095583   0.031083  -0.0245278   0.0028200   0.000000   0.000000   0.020000   0.020000  0.0015000  0.0010000    0.009000    0.002000
1970  11   2  40892   0.092083   0.029883  -0.0246967   0.0027000   0.000000   0.000000   0.020000   0.020000  0.0015000  0.0010000    0.009000    0.002000
1970  11   3  40893   0.088684   0.028684  -0.0247775   0.0026690   0.000000   0.000000   0.020000   0.020000  0.0015000  0.0010000    0.009000    0.002000
1970  11   4  40894   0.085184   0.027484  -0.0248814   0.0027490   0.000000   0.000000   0.020000   0.020000  0.0015000  0.0010000    0.009000    0.002000
1970  11   5  40895   0.081684   0.026384  -0.0251212   0.0029390   0.000000   0.000000   0.020000   0.020000  0.0015000  0.0010000    0.009000    0.002000
1970  11   6  40896   0.078184   0.025284  -0.0255971   0.0032010   0.000000   0.000000   0.020000   0.020000  0.0015000  0.0010000    0.009000    0.002000
1970  11   7  40897   0.074685   0.024285  -0.0263529   0.0034900   0.000000   0.000000   0.020000   0.020000  0.0015000  0.0010000    0.009000    0.002000
1970  11   8  40898   0.071185   0.023185  -0.0273738   0.0037380   0.000000   0.000000   0.020000   0.020000  0.0015000  0.0010000    0.009000    0.002000
1970  11   9  40899   0.067785   0.022185  -0.0286026   0.0038700   0.000000   0.000000   0.020000   0.020000  0.0015000  0.0010000    0.009000    0.002000
1970  11  10  40900   0.064286   0.021186  -0.0298945   0.0038660   0.000000   0.000000   0.020000   0.020000  0.0015000  0.0010000    0.009000    0.002000
1970  11  11  40901   0.060786   0.020186  -0.0310953   0.0036930   0.000000   0.000000   0.020000   0.020000  0.0015000  0.0010000    0.009000    0.002000
1970  11  12  40902   0.057386   0.019286  -0.0320642   0.0034220   0.000000   0.000000   0.020000   0.020000  0.0015000  0.0010000    0.009000    0.002000
1970  11  13  40903   0.053986   0.018286  -0.0327370   0.0031030   0.000000   0.000000   0.020000   0.020000  0.0015000  0.0010000    0.009000    0.002000
1970  11  14  40904   0.050487   0.017287  -0.0331039   0.0028220   0.000000   0.000000   0.020000   0.020000  0.0015000  0.0010000    0.009000    0.002000
1970  11  15  40905   0.047087   0.016387  -0.0332317   0.0026330   0.000000   0.000000   0.020000   0.020000  0.0015000  0.0010000    0.009000    0.002000
1970  11  16  40906   0.043687   0.015387  -0.0332256   0.0025550   0.000000   0.000000   0.020000   0.020000  0.0015000  0.0010000    0.009000    0.002000
1970  11  17  40907   0.040287   0.014487  -0.0331844   0.0025770   0.000000   0.000000   0.020000   0.020000  0.0015000  0.0010000    0.009000    0.002000
1970  11  18  40908   0.036988   0.013588  -0.0332153   0.0026710   0.000000   0.000000   0.020000   0.020000  0.0015000  0.0010000    0.009000    0.002000
1970  11  19  40909   0.033588   0.012588  -0.0333491   0.0028040   0.000000   0.000000   0.020000   0.020000  0.0015000  0.0010000    0.009000    0.002000
1970  11  20  40910   0.030288   0.011688  -0.0336360   0.0029470   0.000000   0.000000   0.020000   0.020000  0.0015000  0.0010000    0.009000    0.002000
1970  11  21  40911   0.026989   0.010789  -0.0340578   0.0030840   0.000000   0.000000   0.020000   0.020000  0.0015000  0.0010000    0.009000    0.002000
1970  11  22  40912   0.023689   0.009889  -0.0346117   0.0031870   0.000000   0.000000   0.020000   0.020000  0.0015000  0.0010000    0.009000    0.002000
1970  11  23  40913   0.020389   0.009089  -0.0352345   0.0032380   0.000000   0.000000   0.020000   0.020000  0.0015000  0.0010000    0.009000    0.002000
1970  11  24  40914   0.017089   0.008189  -0.0358764   0.0032260   0.000000   0.000000   0.020000   0.020000  0.0015000  0.0010000    0.009000    0.002000
1970  11  25  40915   0.013890   0.007390  -0.0364742   0.0031490   0.000000   0.000000   0.020000   0.020000  0.0015000  0.0010000    0.009000    0.002000
1970  11  26  40916   0.010690   0.006590  -0.0369651   0.0030040   0.000000   0.000000   0.020000   0.020000  0.0015000  0.0010000    0.009000    0.002000
1970  11  27  40917   0.007490   0.005790  -0.0372989   0.0028270   0.000000   0.000000   0.020000   0.020000  0.0015000  0.0010000    0.009000    0.002000
1970  11  28  40918   0.004390   0.005090  -0.0374348   0.0026380   0.000000   0.000000   0.020000   0.020000  0.0015000  0.0010000    0.009000    0.002000
1970  11  29  40919   0.001191   0.004291  -0.0374046   0.0024810   0.000000   0.000000   0.020000   0.020000  0.0015000  0.0010000    0.009000    0.002000
1970  11  30  40920  -0.001909   0.003691  -0.0372435   0.0024020   0.000000   0.000000   0.020000   0.020000  0.0015000  0.0010000    0.009000    0.002000
1970  12   1  40921  -0.005009   0.002991  -0.0370663   0.0024340   0.000000   0.000000   0.020000   0.020000  0.0015000  0.0010000    0.009000    0.002000
1970  12   2  40922  -0.008108   0.002392  -0.0369702   0.0025830   0.000000   0.000000   0.020000   0.020000  0.0015000  0.0010000    0.009000    0.002000
1970  12   3  40923  -0.011208   0.001892  -0.0370710   0.0028100   0.000000   0.000000   0.020000   0.020000  0.0015000  0.0010000    0.009000    0.002000
1970  12   4  40924  -0.014208   0.001392  -0.0374199   0.0030780   0.000000   0.000000   0.020000   0.020000  0.0015000  0.0010000    0.009000    0.002000
1970  12   5  40925  -0.017208   0.000992  -0.0380237   0.0032970   0.000000   0.000000   0.020000   0.020000  0.0015000  0.0010000    0.009000    0.002000
1970  12   6  40926  -0.020207   0.000593  -0.0388016   0.0034200   0.000000   0.000000   0.020000   0.020000  0.0015000  0.0010000    0.009000    0.002000
1970  12   7  40927  -0.023207   0.000293  -0.0396394   0.0034120   0.000000   0.000000   0.020000   0.020000  0.0015000  0.0010000    0.009000    0.002000
1970  12   8  40928  -0.026207  -0.000007  -0.0404023   0.0032710   0.000000   0.000000   0.020000   0.020000  0.0015000  0.0010000    0.009000    0.002000
1970  12   9  40929  -0.029106  -0.000206  -0.0409671   0.0030280   0.000000   0.000000   0.020000   0.020000  0.0015000  0.0010000    0.009000    0.002000
1970  12  10  40930  -0.032106  -0.000306  -0.0412510   0.0027360   0.000000   0.000000   0.020000   0.020000  0.0015000  0.0010000    0.009000    0.002000
1970  12  11  40931  -0.035006  -0.000306  -0.0412448   0.0024490   0.000000   0.000000   0.020000   0.020000  0.0015000  0.0010000    0.009000    0.002000
1970  12  12  40932  -0.037806  -0.000306  -0.0409917   0.0022410   0.000000   0.000000   0.020000   0.020000  0.0015000  0.0010000    0.009000    0.002000
1970  12  13  40933  -0.040705  -0.000205  -0.0405805   0.0021230   0.000000   0.000000   0.020000   0.020000  0.0015000  0.0010000    0.009000    0.002000
1970  12  14  40934  -0.043605  -0.000005  -0.0401024   0.0021170   0.000000   0.000000   0.020000   0.020000  0.0015000  0.0010000    0.009000    0.002000
1970  12  15  40935  -0.046405   0.000295  -0.0396423   0.0021840   0.000000   0.000000   0.020000   0.020000  0.0015000  0.0010000    0.009000    0.002000
1970  12  16  40936  -0.049305   0.000595  -0.0392971   0.0023120   0.000000   0.000000   0.020000   0.020000  0.0015000  0.0010000    0.009000    0.002000
1970  12  17  40937  -0.052104   0.001096  -0.0390900   0.0024560   0.000000   0.000000   0.020000   0.020000  0.0015000  0.0010000    0.009000    0.002000
1970  12  18  40938  -0.054904   0.001596  -0.0390248   0.0025990   0.000000   0.000000   0.020000   0.020000  0.0015000  0.0010000    0.009000    0.002000
1970  12  19  40939  -0.057704   0.002196  -0.0390867   0.0027180   0.000000   0.000000   0.020000   0.020000  0.0015000  0.0010000    0.009000    0.002000
1970  12  20  40940  -0.060503   0.002797  -0.0392635   0.0027980   0.000000   0.000000   0.020000   0.020000  0.0015000  0.0010000    0.009000    0.002000
1970  12  21  40941  -0.063303   0.003597  -0.0394834   0.0028200   0.000000   0.000000   0.020000   0.020000  0.0015000  0.0010000    0.009000    0.002000
1970  12  22  40942  -0.066103   0.004397  -0.0397032   0.0027910   0.000000   0.000000   0.020000   0.020000  0.0015000  0.0010000    0.009000    0.002000
1970  12  23  40943  -0.068903   0.005397  -0.0398551   0.0026950   0.000000   0.000000   0.020000   0.020000  0.0015000  0.0010000    0.009000    0.002000
1970  12  24  40944  -0.071602   0.006398  -0.0398989   0.0025760   0.000000   0.000000   0.020000   0.020000  0.0015000  0.0010000    0.009000    0.002000
1970  12  25  40945  -0.074402   0.007398  -0.0398198   0.0024360   0.000000   0.000000   0.020000   0.020000  0.0015000  0.0010000    0.009000    0.002000
1970  12  26  40946  -0.077202   0.008598  -0.0395856   0.0023000   0.000000   0.000000   0.020000   0.020000  0.0015000  0.0010000    0.009000    0.002000
1970  12  27  40947  -0.079902   0.009898  -0.0392505   0.0022250   0.000000   0.000000   0.020000   0.020000  0.0015000  0.0010000    0.009000    0.002000
1970  12  28  40948  -0.082701   0.011199  -0.0388893   0.0022530   0.000000   0.000000   0.020000   0.020000  0.0015000  0.0010000    0.009000    0.002000
1970  12  29  40949  -0.085501   0.012599  -0.0386082   0.0024060   0.000000   0.000000   0.020000   0.020000  0.0015000  0.0010000    0.009000    0.002000
1970  12  30  40950  -0.088201   0.014099  -0.0385581   0.0026790   0.000000   0.000000   0.020000   0.020000  0.0015000  0.0010000    0.009000    0.002000
1970  12  31  40951  -0.091000   0.015600  -0.0387929   0.0029840   0.000000   0.000000   0.020000   0.020000  0.0015000  0.0010000    0.009000    0.002000
