

                   INTERNATIONAL EARTH ROTATION AND REFERENCE SYSTEMS SERVICE
                        EARTH ORIENTATION PARAMETERS
                          EOP (IERS) 05 C04

  
             FORMAT(3(I4),I7,2(F11.6),2(F12.7),2(F11.6),2(F11.6),2(F11.7),2F12.6)
**********************************************************************************
  
      Date      MJD      x          y        UT1-UTC       LOD         dX        dY        x Err     y Err   UT1-UTC Err  LOD Err     dY Err       dY Err  
                         "          "           s           s          "         "           "          "          s         s            "           "
     (0h UTC)

2008   1   1  54466  -0.080518   0.258431  -0.2733249   0.0010341  -0.000433   0.000823   0.000012   0.000015  0.0001474  0.0000019    0.000062    0.000127
2008   1   2  54467  -0.081854   0.260082  -0.2743095   0.0009269  -0.000278   0.000575   0.000012   0.000015  0.0000227  0.0000021    0.000063    0.000128
2008   1   3  54468  -0.083363   0.261986  -0.2751916   0.0008029  -0.000034   0.000182   0.000012   0.000016  0.0000123  0.0000022    0.000068    0.000138
2008   1   4  54469  -0.085546   0.263861  -0.2759539   0.0006924   0.000211  -0.000203   0.000013   0.000019  0.0000174  0.0000021    0.000097    0.000194
2008   1   5  54470  -0.087912   0.265565  -0.2766100   0.0006129   0.000303  -0.000352   0.000013   0.000021  0.0000283  0.0000022    0.000177    0.000323
2008   1   6  54471  -0.090277   0.267180  -0.2772037   0.0005533   0.000295  -0.000378   0.000013   0.000021  0.0000329  0.0000024    0.000123    0.000246
2008   1   7  54472  -0.092587   0.268844  -0.2777499   0.0005300   0.000170  -0.000158   0.000012   0.000020  0.0000212  0.0000024    0.000051    0.000116
2008   1   8  54473  -0.094443   0.270672  -0.2782627   0.0005541   0.000049   0.000077   0.000013   0.000016  0.0000138  0.0000024    0.000051    0.000116
2008   1   9  54474  -0.096010   0.272662  -0.2788589   0.0006510  -0.000011   0.000229   0.000015   0.000016  0.0000216  0.0000024    0.000052    0.000116
2008   1  10  54475  -0.097645   0.274960  -0.2795806   0.0008237   0.000007   0.000245   0.000015   0.000016  0.0000758  0.0000024    0.000098    0.000208
2008   1  11  54476  -0.099541   0.277532  -0.2804622   0.0009821   0.000067   0.000166   0.000015   0.000020  0.0000597  0.0000023    0.000145    0.000282
2008   1  12  54477  -0.101595   0.280146  -0.2815510   0.0011633   0.000116   0.000072   0.000013   0.000031  0.0000572  0.0000023    0.000145    0.000283
2008   1  13  54478  -0.103384   0.282855  -0.2828278   0.0013337   0.000140  -0.000043   0.000012   0.000025  0.0000444  0.0000023    0.000111    0.000261
2008   1  14  54479  -0.104993   0.285781  -0.2842185   0.0014149   0.000101  -0.000032   0.000014   0.000024  0.0000441  0.0000023    0.000078    0.000124
2008   1  15  54480  -0.106909   0.288697  -0.2855964   0.0013689   0.000034   0.000025   0.000015   0.000023  0.0000356  0.0000024    0.000078    0.000123
2008   1  16  54481  -0.108857   0.291069  -0.2869110   0.0011941  -0.000013   0.000094   0.000014   0.000023  0.0000294  0.0000025    0.000078    0.000124
2008   1  17  54482  -0.110442   0.292997  -0.2880145   0.0009323  -0.000030   0.000131   0.000015   0.000023  0.0000300  0.0000026    0.000104    0.000181
2008   1  18  54483  -0.112145   0.295007  -0.2888042   0.0006619  -0.000023   0.000128   0.000018   0.000019  0.0000259  0.0000027    0.000113    0.000206
2008   1  19  54484  -0.113984   0.297121  -0.2893449   0.0004644  -0.000007   0.000096   0.000018   0.000019  0.0000265  0.0000027    0.000113    0.000206
2008   1  20  54485  -0.115091   0.299204  -0.2897954   0.0004221  -0.000007   0.000051   0.000014   0.000018  0.0000335  0.0000025    0.000113    0.000244
2008   1  21  54486  -0.115093   0.301655  -0.2902243   0.0005252   0.000012   0.000021   0.000016   0.000017  0.0001073  0.0000023    0.000113    0.000168
2008   1  22  54487  -0.115058   0.304503  -0.2908377   0.0007053   0.000048  -0.000009   0.000022   0.000020  0.0001151  0.0000023    0.000113    0.000165
2008   1  23  54488  -0.115365   0.306822  -0.2916538   0.0009702   0.000107   0.000005   0.000016   0.000030  0.0000593  0.0000024    0.000113    0.000165
2008   1  24  54489  -0.115854   0.309065  -0.2927418   0.0012259   0.000170   0.000041   0.000013   0.000020  0.0000477  0.0000024    0.000109    0.000167
2008   1  25  54490  -0.116630   0.311591  -0.2940899   0.0014193   0.000208   0.000080   0.000012   0.000016  0.0000356  0.0000024    0.000099    0.000172
2008   1  26  54491  -0.117460   0.313934  -0.2955854   0.0015105   0.000200   0.000102   0.000012   0.000019  0.0000357  0.0000024    0.000099    0.000172
2008   1  27  54492  -0.117833   0.316516  -0.2971298   0.0015019   0.000158   0.000106   0.000012   0.000019  0.0000287  0.0000022    0.000104    0.000166
2008   1  28  54493  -0.117979   0.319384  -0.2985840   0.0014255   0.000104   0.000104   0.000014   0.000019  0.0000304  0.0000021    0.000205    0.000136
2008   1  29  54494  -0.118469   0.321872  -0.2999554   0.0012486   0.000094   0.000097   0.000013   0.000018  0.0000228  0.0000021    0.000064    0.000116
2008   1  30  54495  -0.119164   0.324122  -0.3011510   0.0010312   0.000126   0.000102   0.000011   0.000019  0.0000290  0.0000021    0.000065    0.000117
2008   1  31  54496  -0.119646   0.326498  -0.3020200   0.0008015   0.000189   0.000114   0.000011   0.000030  0.0000462  0.0000021    0.000099    0.000183
2008   2   1  54497  -0.119692   0.329174  -0.3027574   0.0006520   0.000236   0.000131   0.000011   0.000019  0.0000292  0.0000021    0.000117    0.000218
2008   2   2  54498  -0.119525   0.332401  -0.3033766   0.0005983   0.000224   0.000148   0.000010   0.000015  0.0000325  0.0000020    0.000117    0.000219
2008   2   3  54499  -0.119847   0.335649  -0.3039695   0.0005646   0.000167   0.000159   0.000011   0.000014  0.0000235  0.0000020    0.000095    0.000182
2008   2   4  54500  -0.120535   0.338409  -0.3045232   0.0006184   0.000119   0.000144   0.000011   0.000013  0.0000183  0.0000019    0.000053    0.000104
2008   2   5  54501  -0.120850   0.341173  -0.3052085   0.0007842   0.000121   0.000100   0.000011   0.000013  0.0000193  0.0000019    0.000053    0.000106
2008   2   6  54502  -0.121287   0.344072  -0.3060590   0.0009813   0.000188   0.000033   0.000012   0.000017  0.0000293  0.0000019    0.000053    0.000106
2008   2   7  54503  -0.122056   0.346927  -0.3071699   0.0012051   0.000260  -0.000032   0.000012   0.000026  0.0000385  0.0000019    0.000080    0.000166
2008   2   8  54504  -0.122857   0.349492  -0.3084729   0.0014338   0.000261  -0.000067   0.000010   0.000018  0.0000239  0.0000019    0.000093    0.000198
2008   2   9  54505  -0.123511   0.352015  -0.3099734   0.0015604   0.000159  -0.000062   0.000011   0.000018  0.0000269  0.0000019    0.000093    0.000198
2008   2  10  54506  -0.123989   0.354883  -0.3115698   0.0016328   0.000046  -0.000045   0.000011   0.000017  0.0000256  0.0000019    0.000103    0.000194
2008   2  11  54507  -0.124729   0.357734  -0.3132037   0.0016260  -0.000057  -0.000015   0.000010   0.000013  0.0000268  0.0000018    0.000082    0.000161
2008   2  12  54508  -0.125665   0.359978  -0.3148295   0.0014488  -0.000068   0.000002   0.000010   0.000012  0.0000306  0.0000018    0.000114    0.000159
2008   2  13  54509  -0.126123   0.361950  -0.3161605   0.0012318  -0.000006   0.000008   0.000013   0.000010  0.0000359  0.0000017    0.000113    0.000159
2008   2  14  54510  -0.125770   0.364441  -0.3172947   0.0010179   0.000092   0.000004   0.000012   0.000012  0.0000418  0.0000018    0.000074    0.000180
2008   2  15  54511  -0.125295   0.367219  -0.3182352   0.0007650   0.000165  -0.000003   0.000010   0.000016  0.0000293  0.0000018    0.000069    0.000185
2008   2  16  54512  -0.125278   0.369486  -0.3189163   0.0005939   0.000179  -0.000010   0.000010   0.000016  0.0000358  0.0000018    0.000069    0.000185
2008   2  17  54513  -0.125723   0.371465  -0.3194663   0.0005516   0.000186  -0.000019   0.000010   0.000016  0.0000333  0.0000018    0.000069    0.000185
2008   2  18  54514  -0.126456   0.373954  -0.3200697   0.0006861   0.000160  -0.000030   0.000009   0.000016  0.0000232  0.0000017    0.000066    0.000123
2008   2  19  54515  -0.126924   0.376808  -0.3208714   0.0009357   0.000136  -0.000048   0.000009   0.000014  0.0000218  0.0000016    0.000066    0.000120
2008   2  20  54516  -0.127188   0.379604  -0.3219276   0.0011511   0.000116  -0.000065   0.000009   0.000014  0.0000351  0.0000016    0.000078    0.000144
2008   2  21  54517  -0.127356   0.382182  -0.3231617   0.0013034   0.000149  -0.000035   0.000009   0.000014  0.0000383  0.0000016    0.000084    0.000161
2008   2  22  54518  -0.127404   0.384941  -0.3245005   0.0013471   0.000203  -0.000001   0.000010   0.000012  0.0000318  0.0000016    0.000115    0.000267
2008   2  23  54519  -0.127451   0.387885  -0.3258408   0.0013102   0.000263   0.000008   0.000010   0.000012  0.0000396  0.0000016    0.000118    0.000282
2008   2  24  54520  -0.127216   0.390919  -0.3271038   0.0012158   0.000330   0.000006   0.000010   0.000014  0.0000404  0.0000015    0.000098    0.000195
2008   2  25  54521  -0.126855   0.393877  -0.3282890   0.0010904   0.000334  -0.000011   0.000011   0.000012  0.0000278  0.0000014    0.000064    0.000098
2008   2  26  54522  -0.126358   0.396463  -0.3292834   0.0008824   0.000268   0.000027   0.000011   0.000010  0.0000183  0.0000014    0.000054    0.000086
2008   2  27  54523  -0.125418   0.398999  -0.3300639   0.0006456   0.000207   0.000056   0.000011   0.000012  0.0000230  0.0000013    0.000080    0.000128
2008   2  28  54524  -0.124166   0.401656  -0.3306173   0.0004544   0.000207   0.000046   0.000016   0.000012  0.0000372  0.0000013    0.000114    0.000214
2008   2  29  54525  -0.122843   0.404090  -0.3309726   0.0002955   0.000265  -0.000011   0.000010   0.000010  0.0000278  0.0000014    0.000072    0.000143
2008   3   1  54526  -0.121341   0.406776  -0.3312053   0.0002261   0.000315  -0.000074   0.000008   0.000013  0.0000376  0.0000014    0.000071    0.000140
2008   3   2  54527  -0.120120   0.409813  -0.3314096   0.0002655   0.000346  -0.000111   0.000011   0.000025  0.0000471  0.0000015    0.000063    0.000116
2008   3   3  54528  -0.119091   0.412745  -0.3317943   0.0003857   0.000343  -0.000109   0.000017   0.000024  0.0000219  0.0000015    0.000040    0.000065
2008   3   4  54529  -0.118130   0.415926  -0.3322407   0.0005952   0.000322  -0.000077   0.000012   0.000013  0.0000137  0.0000014    0.000040    0.000065
2008   3   5  54530  -0.117006   0.418980  -0.3329799   0.0008897   0.000297  -0.000054   0.000012   0.000012  0.0000176  0.0000014    0.000041    0.000065
2008   3   6  54531  -0.115702   0.421804  -0.3339920   0.0011624   0.000264  -0.000043   0.000019   0.000012  0.0000339  0.0000015    0.000076    0.000141
2008   3   7  54532  -0.114746   0.424357  -0.3352608   0.0013865   0.000217  -0.000041   0.000023   0.000010  0.0000274  0.0000015    0.000111    0.000277
2008   3   8  54533  -0.113409   0.426723  -0.3367791   0.0015504   0.000161  -0.000034   0.000020   0.000010  0.0000330  0.0000015    0.000111    0.000278
2008   3   9  54534  -0.111920   0.429394  -0.3383316   0.0015337   0.000155  -0.000003   0.000011   0.000011  0.0000352  0.0000014    0.000111    0.000277
2008   3  10  54535  -0.110683   0.431804  -0.3398205   0.0013617   0.000179   0.000026   0.000008   0.000011  0.0000309  0.0000015    0.000042    0.000104
2008   3  11  54536  -0.109345   0.434479  -0.3410475   0.0010967   0.000248   0.000050   0.000008   0.000014  0.0000195  0.0000015    0.000041    0.000101
2008   3  12  54537  -0.108001   0.437581  -0.3420795   0.0008108   0.000282   0.000040   0.000008   0.000014  0.0000145  0.0000015    0.000041    0.000101
2008   3  13  54538  -0.106544   0.440444  -0.3428311   0.0005876   0.000280   0.000009   0.000009   0.000013  0.0000196  0.0000016    0.000047    0.000113
2008   3  14  54539  -0.104857   0.443274  -0.3433409   0.0004591   0.000259  -0.000010   0.000011   0.000013  0.0000308  0.0000016    0.000090    0.000199
2008   3  15  54540  -0.103000   0.446048  -0.3437593   0.0004508   0.000256   0.000010   0.000021   0.000014  0.0000392  0.0000016    0.000099    0.000212
2008   3  16  54541  -0.100921   0.448946  -0.3442790   0.0005677   0.000279   0.000054   0.000029   0.000015  0.0000432  0.0000017    0.000074    0.000135
2008   3  17  54542  -0.098566   0.452097  -0.3449234   0.0007762   0.000320   0.000076   0.000023   0.000012  0.0000211  0.0000018    0.000037    0.000070
2008   3  18  54543  -0.096312   0.455122  -0.3458067   0.0010165   0.000346   0.000048   0.000012   0.000011  0.0000118  0.0000017    0.000037    0.000070
2008   3  19  54544  -0.094086   0.457949  -0.3469823   0.0012526   0.000341  -0.000059   0.000009   0.000011  0.0000123  0.0000017    0.000064    0.000097
2008   3  20  54545  -0.091541   0.460915  -0.3483093   0.0013912   0.000266  -0.000155   0.000009   0.000011  0.0000238  0.0000017    0.000128    0.000241
2008   3  21  54546  -0.088881   0.463894  -0.3496996   0.0014578   0.000151  -0.000192   0.000009   0.000011  0.0000367  0.0000016    0.000141    0.000290
2008   3  22  54547  -0.086154   0.467024  -0.3512374   0.0014667   0.000043  -0.000149   0.000010   0.000012  0.0000483  0.0000016    0.000142    0.000291
2008   3  23  54548  -0.083341   0.470230  -0.3526641   0.0014217   0.000009  -0.000039   0.000012   0.000015  0.0000360  0.0000016    0.000101    0.000195
2008   3  24  54549  -0.080731   0.473141  -0.3540554   0.0013051   0.000065   0.000057   0.000011   0.000013  0.0000300  0.0000015    0.000039    0.000073
2008   3  25  54550  -0.078460   0.475860  -0.3552959   0.0011500   0.000183   0.000091   0.000009   0.000011  0.0000140  0.0000015    0.000042    0.000073
2008   3  26  54551  -0.076250   0.478391  -0.3563463   0.0009717   0.000306   0.000072   0.000011   0.000014  0.0000148  0.0000015    0.000042    0.000073
2008   3  27  54552  -0.074083   0.480693  -0.3572250   0.0007885   0.000390   0.000006   0.000011   0.000014  0.0000193  0.0000016    0.000047    0.000078
2008   3  28  54553  -0.072212   0.482897  -0.3579613   0.0006745   0.000419  -0.000062   0.000009   0.000014  0.0000228  0.0000015    0.000073    0.000099
2008   3  29  54554  -0.070630   0.484987  -0.3585963   0.0006385   0.000404  -0.000092   0.000009   0.000014  0.0000300  0.0000014    0.000077    0.000101
2008   3  30  54555  -0.068726   0.486715  -0.3592498   0.0007149   0.000335  -0.000090   0.000012   0.000011  0.0000425  0.0000014    0.000077    0.000106
2008   3  31  54556  -0.066547   0.488210  -0.3600366   0.0008768   0.000286  -0.000064   0.000021   0.000010  0.0000297  0.0000014    0.000054    0.000089
2008   4   1  54557  -0.064468   0.489849  -0.3610018   0.0010906   0.000250  -0.000056   0.000026   0.000010  0.0000216  0.0000015    0.000054    0.000089
2008   4   2  54558  -0.062001   0.491696  -0.3621677   0.0013313   0.000247  -0.000083   0.000022   0.000010  0.0000264  0.0000015    0.000054    0.000089
2008   4   3  54559  -0.058977   0.493603  -0.3636691   0.0015641   0.000263  -0.000115   0.000012   0.000010  0.0000338  0.0000015    0.000078    0.000133
2008   4   4  54560  -0.056088   0.495414  -0.3652814   0.0017569   0.000279  -0.000112   0.000009   0.000010  0.0000253  0.0000014    0.000088    0.000153
2008   4   5  54561  -0.053615   0.497079  -0.3671185   0.0019056   0.000272  -0.000048   0.000010   0.000010  0.0000320  0.0000014    0.000088    0.000153
2008   4   6  54562  -0.050890   0.498778  -0.3690424   0.0018750   0.000210   0.000047   0.000011   0.000011  0.0000312  0.0000014    0.000074    0.000134
2008   4   7  54563  -0.047910   0.500494  -0.3708240   0.0015951   0.000146   0.000122   0.000008   0.000014  0.0000221  0.0000014    0.000044    0.000083
2008   4   8  54564  -0.045122   0.502463  -0.3722199   0.0012137   0.000114   0.000086   0.000007   0.000024  0.0000156  0.0000014    0.000038    0.000084
2008   4   9  54565  -0.042936   0.504777  -0.3732792   0.0008792   0.000147   0.000013   0.000007   0.000023  0.0000192  0.0000014    0.000038    0.000084
2008   4  10  54566  -0.041093   0.506877  -0.3740514   0.0006450   0.000212  -0.000081   0.000008   0.000012  0.0000306  0.0000015    0.000056    0.000102
2008   4  11  54567  -0.038897   0.508686  -0.3746259   0.0005329   0.000264  -0.000150   0.000008   0.000009  0.0000253  0.0000014    0.000064    0.000107
2008   4  12  54568  -0.036607   0.510400  -0.3751907   0.0005557   0.000265  -0.000166   0.000011   0.000009  0.0000285  0.0000014    0.000064    0.000107
2008   4  13  54569  -0.034187   0.511896  -0.3757651   0.0006909   0.000222  -0.000110   0.000017   0.000010  0.0000257  0.0000014    0.000057    0.000101
2008   4  14  54570  -0.031606   0.513002  -0.3765740   0.0009396   0.000183  -0.000068   0.000010   0.000010  0.0000199  0.0000014    0.000037    0.000081
2008   4  15  54571  -0.029049   0.513854  -0.3776517   0.0011873   0.000194  -0.000047   0.000008   0.000009  0.0000142  0.0000014    0.000037    0.000080
2008   4  16  54572  -0.026490   0.514628  -0.3789167   0.0013055   0.000264  -0.000058   0.000010   0.000010  0.0000158  0.0000015    0.000037    0.000081
2008   4  17  54573  -0.023653   0.515698  -0.3802461   0.0013581   0.000343  -0.000096   0.000010   0.000010  0.0000212  0.0000014    0.000062    0.000129
2008   4  18  54574  -0.020403   0.517384  -0.3816091   0.0013487   0.000371  -0.000142   0.000008   0.000010  0.0000235  0.0000014    0.000080    0.000156
2008   4  19  54575  -0.016954   0.519417  -0.3829436   0.0012943   0.000327  -0.000187   0.000008   0.000010  0.0000288  0.0000014    0.000080    0.000156
2008   4  20  54576  -0.013741   0.521654  -0.3841649   0.0011676   0.000279  -0.000232   0.000007   0.000012  0.0000312  0.0000014    0.000091    0.000158
2008   4  21  54577  -0.010960   0.523852  -0.3852451   0.0009873   0.000241  -0.000258   0.000007   0.000019  0.0000263  0.0000014    0.000070    0.000133
2008   4  22  54578  -0.008271   0.525843  -0.3861470   0.0008368   0.000265  -0.000245   0.000007   0.000012  0.0000261  0.0000013    0.000069    0.000132
2008   4  23  54579  -0.005757   0.527505  -0.3869338   0.0007083   0.000297  -0.000235   0.000007   0.000010  0.0000370  0.0000013    0.000069    0.000132
2008   4  24  54580  -0.003101   0.528468  -0.3875918   0.0006168   0.000327  -0.000202   0.000007   0.000010  0.0000349  0.0000013    0.000074    0.000134
2008   4  25  54581  -0.000052   0.529183  -0.3881944   0.0005796   0.000328  -0.000165   0.000007   0.000012  0.0000264  0.0000014    0.000096    0.000138
2008   4  26  54582   0.003070   0.529960  -0.3887900   0.0006008   0.000304  -0.000138   0.000008   0.000014  0.0000314  0.0000014    0.000098    0.000138
2008   4  27  54583   0.006178   0.530771  -0.3893850   0.0006956   0.000306  -0.000127   0.000010   0.000013  0.0000338  0.0000014    0.000073    0.000121
2008   4  28  54584   0.009546   0.531807  -0.3902034   0.0008842   0.000308  -0.000138   0.000009   0.000011  0.0000258  0.0000013    0.000037    0.000075
2008   4  29  54585   0.012905   0.533220  -0.3912164   0.0011521   0.000316  -0.000160   0.000009   0.000009  0.0000173  0.0000013    0.000039    0.000080
2008   4  30  54586   0.015979   0.534730  -0.3925144   0.0014496   0.000316  -0.000186   0.000009   0.000009  0.0000212  0.0000013    0.000052    0.000106
2008   5   1  54587   0.018945   0.536072  -0.3941033   0.0016517   0.000315  -0.000215   0.000007   0.000011  0.0000370  0.0000013    0.000071    0.000149
2008   5   2  54588   0.021729   0.537052  -0.3957762   0.0017791   0.000318  -0.000249   0.000007   0.000011  0.0000480  0.0000012    0.000078    0.000165
2008   5   3  54589   0.024417   0.537751  -0.3976160   0.0018597   0.000326  -0.000278   0.000007   0.000012  0.0000405  0.0000012    0.000077    0.000161
2008   5   4  54590   0.027072   0.538356  -0.3994698   0.0018068   0.000299  -0.000292   0.000007   0.000012  0.0000359  0.0000013    0.000056    0.000109
2008   5   5  54591   0.029983   0.538612  -0.4011514   0.0015759   0.000314  -0.000254   0.000009   0.000010  0.0000359  0.0000013    0.000056    0.000109
2008   5   6  54592   0.033504   0.538803  -0.4025763   0.0012530   0.000346  -0.000171   0.000010   0.000012  0.0000334  0.0000012    0.000056    0.000110
2008   5   7  54593   0.036879   0.539339  -0.4036558   0.0009522   0.000396  -0.000071   0.000010   0.000018  0.0000309  0.0000012    0.000057    0.000117
2008   5   8  54594   0.039759   0.539921  -0.4045499   0.0008151   0.000416   0.000008   0.000010   0.000020  0.0000230  0.0000012    0.000061    0.000143
2008   5   9  54595   0.042467   0.540710  -0.4054286   0.0008746   0.000380   0.000036   0.000007   0.000021  0.0000315  0.0000012    0.000061    0.000146
2008   5  10  54596   0.044806   0.541524  -0.4063691   0.0010252   0.000309   0.000005   0.000007   0.000014  0.0000447  0.0000013    0.000061    0.000145
2008   5  11  54597   0.047303   0.541877  -0.4074534   0.0012699   0.000270  -0.000054   0.000008   0.000013  0.0000329  0.0000013    0.000043    0.000067
2008   5  12  54598   0.050015   0.542302  -0.4088953   0.0014979   0.000273  -0.000129   0.000009   0.000012  0.0000215  0.0000013    0.000043    0.000065
2008   5  13  54599   0.052825   0.542615  -0.4104732   0.0016323   0.000331  -0.000181   0.000011   0.000010  0.0000176  0.0000013    0.000043    0.000065
2008   5  14  54600   0.056360   0.542683  -0.4121417   0.0016840   0.000391  -0.000203   0.000009   0.000012  0.0000250  0.0000013    0.000043    0.000065
2008   5  15  54601   0.060244   0.542695  -0.4138017   0.0016309   0.000404  -0.000174   0.000009   0.000022  0.0000301  0.0000013    0.000065    0.000111
2008   5  16  54602   0.064134   0.542688  -0.4154045   0.0015256   0.000339  -0.000089   0.000010   0.000023  0.0000211  0.0000013    0.000076    0.000143
2008   5  17  54603   0.067952   0.542713  -0.4168357   0.0013180   0.000218   0.000026   0.000011   0.000013  0.0000283  0.0000013    0.000076    0.000143
2008   5  18  54604   0.071432   0.542735  -0.4179950   0.0010971   0.000121   0.000081   0.000019   0.000010  0.0000421  0.0000014    0.000081    0.000151
2008   5  19  54605   0.074584   0.542766  -0.4190419   0.0008933   0.000082   0.000055   0.000024   0.000010  0.0000394  0.0000014    0.000174    0.000297
2008   5  20  54606   0.077667   0.542714  -0.4198165   0.0006440   0.000120  -0.000069   0.000019   0.000012  0.0000426  0.0000014    0.000175    0.000298
2008   5  21  54607   0.080922   0.542431  -0.4203599   0.0004533   0.000206  -0.000197   0.000010   0.000012  0.0000525  0.0000014    0.000171    0.000297
2008   5  22  54608   0.084332   0.541937  -0.4207793   0.0003290   0.000270  -0.000302   0.000010   0.000011  0.0000330  0.0000014    0.000078    0.000216
2008   5  23  54609   0.088187   0.541573  -0.4210412   0.0002795   0.000248  -0.000365   0.000009   0.000013  0.0000220  0.0000014    0.000072    0.000206
2008   5  24  54610   0.092218   0.541536  -0.4213206   0.0003386   0.000127  -0.000404   0.000008   0.000013  0.0000300  0.0000015    0.000072    0.000206
2008   5  25  54611   0.096093   0.541381  -0.4217246   0.0004968  -0.000006  -0.000450   0.000010   0.000011  0.0000435  0.0000014    0.000072    0.000192
2008   5  26  54612   0.100024   0.541342  -0.4222990   0.0006968  -0.000083  -0.000455   0.000020   0.000013  0.0000526  0.0000014    0.000101    0.000176
2008   5  27  54613   0.103782   0.541566  -0.4230542   0.0008583  -0.000006  -0.000412   0.000018   0.000013  0.0000441  0.0000014    0.000105    0.000175
2008   5  28  54614   0.107516   0.541495  -0.4240138   0.0010165   0.000141  -0.000278   0.000009   0.000010  0.0000324  0.0000014    0.000105    0.000175
2008   5  29  54615   0.111242   0.541246  -0.4251535   0.0011760   0.000309  -0.000087   0.000007   0.000012  0.0000362  0.0000014    0.000119    0.000196
2008   5  30  54616   0.114489   0.540725  -0.4263455   0.0012748   0.000419   0.000076   0.000007   0.000012  0.0000356  0.0000014    0.000245    0.000345
2008   5  31  54617   0.117315   0.540139  -0.4275781   0.0012271   0.000442   0.000131   0.000009   0.000010  0.0000500  0.0000014    0.000272    0.000368
2008   6   1  54618   0.119959   0.539820  -0.4287452   0.0010419   0.000424   0.000030   0.000010   0.000010  0.0000453  0.0000014    0.000100    0.000217
2008   6   2  54619   0.122622   0.539305  -0.4296804   0.0008136   0.000369  -0.000115   0.000011   0.000010  0.0000249  0.0000014    0.000039    0.000094
2008   6   3  54620   0.125631   0.538525  -0.4303408   0.0005642   0.000305  -0.000229   0.000019   0.000012  0.0000178  0.0000014    0.000047    0.000104
2008   6   4  54621   0.129040   0.537463  -0.4307707   0.0003693   0.000252  -0.000195   0.000024   0.000012  0.0000225  0.0000013    0.000070    0.000155
2008   6   5  54622   0.132809   0.536175  -0.4310981   0.0003044   0.000271   0.000036   0.000025   0.000013  0.0000348  0.0000013    0.000148    0.000269
2008   6   6  54623   0.136458   0.534993  -0.4314388   0.0003545   0.000166  -0.000041   0.000020   0.000013  0.0000208  0.0000014    0.000080    0.000142
2008   6   7  54624   0.139883   0.533833  -0.4319046   0.0005317   0.000127  -0.000259   0.000011   0.000012  0.0000260  0.0000014    0.000078    0.000139
2008   6   8  54625   0.143258   0.532823  -0.4325423   0.0007200   0.000157  -0.000522   0.000011   0.000010  0.0000497  0.0000014    0.000080    0.000135
2008   6   9  54626   0.146553   0.531775  -0.4333234   0.0008475   0.000225  -0.000664   0.000020   0.000009  0.0000275  0.0000014    0.000097    0.000117
2008   6  10  54627   0.150166   0.530557  -0.4342575   0.0009809   0.000283  -0.000548   0.000018   0.000009  0.0000153  0.0000014    0.000095    0.000122
2008   6  11  54628   0.153705   0.529301  -0.4352647   0.0009904   0.000278  -0.000182   0.000010   0.000012  0.0000163  0.0000014    0.000089    0.000144
2008   6  12  54629   0.157075   0.527729  -0.4361931   0.0008367   0.000230   0.000256   0.000009   0.000023  0.0000277  0.0000014    0.000086    0.000167
2008   6  13  54630   0.160588   0.526134  -0.4369430   0.0006543   0.000168   0.000553   0.000009   0.000023  0.0000552  0.0000014    0.000086    0.000173
2008   6  14  54631   0.163902   0.524779  -0.4375020   0.0004597   0.000124   0.000590   0.000007   0.000013  0.0000581  0.0000014    0.000081    0.000154
2008   6  15  54632   0.166782   0.523391  -0.4378377   0.0002497   0.000128   0.000390   0.000007   0.000013  0.0000514  0.0000013    0.000050    0.000071
2008   6  16  54633   0.169555   0.521987  -0.4380038   0.0001268   0.000184   0.000074   0.000007   0.000020  0.0000210  0.0000013    0.000050    0.000071
2008   6  17  54634   0.172444   0.520664  -0.4380594   0.0000323   0.000280  -0.000209   0.000009   0.000013  0.0000127  0.0000012    0.000050    0.000071
2008   6  18  54635   0.175192   0.519138  -0.4380325  -0.0000463   0.000386  -0.000359   0.000015   0.000013  0.0000169  0.0000013    0.000054    0.000076
2008   6  19  54636   0.177786   0.517494  -0.4379630  -0.0000713   0.000463  -0.000372   0.000010   0.000020  0.0000323  0.0000012    0.000102    0.000177
2008   6  20  54637   0.180430   0.515915  -0.4379043  -0.0000432   0.000482  -0.000309   0.000010   0.000013  0.0000243  0.0000013    0.000071    0.000130
2008   6  21  54638   0.183605   0.514425  -0.4379194   0.0000890   0.000422  -0.000246   0.000018   0.000012  0.0000298  0.0000013    0.000057    0.000104
2008   6  22  54639   0.187013   0.512956  -0.4381071   0.0002898   0.000319  -0.000231   0.000023   0.000012  0.0000465  0.0000013    0.000055    0.000102
2008   6  23  54640   0.190277   0.511407  -0.4385288   0.0005457   0.000249  -0.000285   0.000018   0.000012  0.0000381  0.0000013    0.000074    0.000212
2008   6  24  54641   0.193401   0.509965  -0.4391957   0.0007709   0.000264  -0.000364   0.000010   0.000013  0.0000299  0.0000014    0.000078    0.000223
2008   6  25  54642   0.196490   0.508452  -0.4400671   0.0009346   0.000358  -0.000406   0.000010   0.000014  0.0000373  0.0000014    0.000104    0.000271
2008   6  26  54643   0.199475   0.507168  -0.4410481   0.0010297   0.000358  -0.000413   0.000016   0.000024  0.0000406  0.0000014    0.000188    0.000388
2008   6  27  54644   0.201835   0.505865  -0.4420667   0.0009967   0.000216  -0.000397   0.000010   0.000024  0.0000279  0.0000014    0.000235    0.000454
2008   6  28  54645   0.204215   0.504068  -0.4429941   0.0008784   0.000030  -0.000271   0.000010   0.000014  0.0000334  0.0000014    0.000208    0.000440
2008   6  29  54646   0.206558   0.502154  -0.4437828   0.0007024  -0.000097  -0.000093   0.000017   0.000011  0.0000486  0.0000014    0.000140    0.000201
2008   6  30  54647   0.208746   0.499913  -0.4443982   0.0004931  -0.000074  -0.000004   0.000010   0.000014  0.0000280  0.0000015    0.000066    0.000079
2008   7   1  54648   0.211207   0.497565  -0.4447532   0.0002798   0.000118  -0.000084   0.000008   0.000014  0.0000192  0.0000015    0.000066    0.000079
2008   7   2  54649   0.213599   0.495394  -0.4449369   0.0001451   0.000373  -0.000339   0.000010   0.000011  0.0000256  0.0000015    0.000073    0.000091
2008   7   3  54650   0.216115   0.493310  -0.4450828   0.0001730   0.000513  -0.000644   0.000010   0.000014  0.0000507  0.0000015    0.000116    0.000200
2008   7   4  54651   0.218853   0.491262  -0.4453562   0.0003448   0.000441  -0.000850   0.000011   0.000025  0.0000587  0.0000014    0.000121    0.000228
2008   7   5  54652   0.221710   0.489121  -0.4458310   0.0005432   0.000240  -0.000892   0.000020   0.000025  0.0000638  0.0000014    0.000121    0.000228
2008   7   6  54653   0.224671   0.487296  -0.4464744   0.0007104   0.000107  -0.000784   0.000027   0.000013  0.0000602  0.0000015    0.000069    0.000104
2008   7   7  54654   0.227267   0.485516  -0.4472545   0.0008080   0.000143  -0.000573   0.000021   0.000010  0.0000400  0.0000015    0.000068    0.000102
2008   7   8  54655   0.229613   0.483320  -0.4480621   0.0007596   0.000261  -0.000337   0.000011   0.000010  0.0000315  0.0000015    0.000074    0.000112
2008   7   9  54656   0.231902   0.481187  -0.4487510   0.0006389   0.000254  -0.000159   0.000011   0.000010  0.0000387  0.0000014    0.000110    0.000172
2008   7  10  54657   0.234161   0.479244  -0.4493245   0.0004900   0.000217  -0.000125   0.000020   0.000013  0.0000433  0.0000014    0.000114    0.000227
2008   7  11  54658   0.236498   0.477332  -0.4497312   0.0002750   0.000266  -0.000238   0.000021   0.000022  0.0000335  0.0000014    0.000084    0.000161
2008   7  12  54659   0.238786   0.475018  -0.4498641   0.0000318   0.000268  -0.000327   0.000011   0.000014  0.0000405  0.0000014    0.000077    0.000143
2008   7  13  54660   0.241228   0.472521  -0.4498040  -0.0001695   0.000249  -0.000340   0.000008   0.000010  0.0000543  0.0000014    0.000071    0.000112
2008   7  14  54661   0.243374   0.469978  -0.4495447  -0.0003065   0.000287  -0.000336   0.000008   0.000012  0.0000226  0.0000014    0.000052    0.000061
2008   7  15  54662   0.245311   0.467009  -0.4491875  -0.0003870   0.000356  -0.000370   0.000010   0.000012  0.0000138  0.0000014    0.000052    0.000061
2008   7  16  54663   0.247854   0.464131  -0.4487812  -0.0003970   0.000386  -0.000452   0.000016   0.000009  0.0000179  0.0000014    0.000061    0.000072
2008   7  17  54664   0.250612   0.461620  -0.4484149  -0.0003311   0.000316  -0.000517   0.000010   0.000009  0.0000418  0.0000013    0.000160    0.000267
2008   7  18  54665   0.252929   0.459184  -0.4481623  -0.0001979   0.000150  -0.000501   0.000008   0.000009  0.0000424  0.0000014    0.000106    0.000248
2008   7  19  54666   0.254963   0.456639  -0.4480689   0.0000019  -0.000004  -0.000406   0.000008   0.000009  0.0000513  0.0000014    0.000087    0.000204
2008   7  20  54667   0.257197   0.453837  -0.4482059   0.0002637  -0.000062  -0.000301   0.000010   0.000009  0.0000635  0.0000014    0.000076    0.000131
2008   7  21  54668   0.259627   0.450947  -0.4486067   0.0005129  -0.000016  -0.000261   0.000017   0.000010  0.0000291  0.0000014    0.000051    0.000060
2008   7  22  54669   0.262216   0.447684  -0.4492297   0.0006827   0.000085  -0.000314   0.000011   0.000009  0.0000188  0.0000014    0.000051    0.000060
2008   7  23  54670   0.265099   0.444193  -0.4499521   0.0007559   0.000168  -0.000423   0.000011   0.000009  0.0000246  0.0000014    0.000054    0.000065
2008   7  24  54671   0.267771   0.440773  -0.4507186   0.0007698   0.000195  -0.000503   0.000020   0.000009  0.0000392  0.0000014    0.000152    0.000242
2008   7  25  54672   0.270285   0.437444  -0.4514702   0.0007079   0.000175  -0.000485   0.000024   0.000009  0.0000284  0.0000014    0.000122    0.000269
2008   7  26  54673   0.272824   0.434848  -0.4520990   0.0005449   0.000163  -0.000378   0.000024   0.000009  0.0000352  0.0000014    0.000098    0.000216
2008   7  27  54674   0.274997   0.432444  -0.4525148   0.0003214   0.000188  -0.000267   0.000025   0.000010  0.0000577  0.0000016    0.000083    0.000147
2008   7  28  54675   0.276728   0.429716  -0.4527192   0.0001032   0.000220  -0.000231   0.000021   0.000013  0.0000219  0.0000017    0.000056    0.000072
2008   7  29  54676   0.278251   0.426859  -0.4527688   0.0000016   0.000200  -0.000284   0.000011   0.000014  0.0000126  0.0000016    0.000060    0.000078
2008   7  30  54677   0.279455   0.424114  -0.4527463   0.0000165   0.000084  -0.000371   0.000008   0.000014  0.0000163  0.0000016    0.000084    0.000115
2008   7  31  54678   0.280196   0.421388  -0.4528043   0.0001105   0.000077  -0.000436   0.000008   0.000021  0.0000390  0.0000015    0.000135    0.000198
2008   8   1  54679   0.281057   0.418325  -0.4530167   0.0002910   0.000186  -0.000442   0.000008   0.000014  0.0000396  0.0000015    0.000132    0.000148
2008   8   2  54680   0.282267   0.415116  -0.4534440   0.0005112   0.000267  -0.000391   0.000008   0.000011  0.0000463  0.0000015    0.000131    0.000145
2008   8   3  54681   0.283668   0.411649  -0.4540562   0.0006899   0.000278  -0.000336   0.000009   0.000014  0.0000565  0.0000014    0.000101    0.000112
2008   8   4  54682   0.285284   0.408122  -0.4548322   0.0007935   0.000228  -0.000323   0.000011   0.000021  0.0000322  0.0000014    0.000053    0.000060
2008   8   5  54683   0.286903   0.404698  -0.4556212   0.0007415   0.000129  -0.000353   0.000011   0.000013  0.0000211  0.0000014    0.000058    0.000065
2008   8   6  54684   0.288567   0.401356  -0.4562935   0.0005971   0.000015  -0.000394   0.000012   0.000010  0.0000275  0.0000015    0.000087    0.000098
2008   8   7  54685   0.289985   0.398458  -0.4568056   0.0004063  -0.000093  -0.000393   0.000017   0.000012  0.0000430  0.0000015    0.000179    0.000200
2008   8   8  54686   0.290736   0.395608  -0.4571419   0.0002186  -0.000175  -0.000326   0.000010   0.000012  0.0000301  0.0000015    0.000143    0.000161
2008   8   9  54687   0.291419   0.392708  -0.4572848   0.0000835  -0.000218  -0.000224   0.000008   0.000010  0.0000371  0.0000015    0.000140    0.000157
2008   8  10  54688   0.291926   0.389552  -0.4572770  -0.0000598  -0.000205  -0.000157   0.000008   0.000012  0.0000592  0.0000015    0.000118    0.000144
2008   8  11  54689   0.292381   0.386046  -0.4571615  -0.0001703  -0.000132  -0.000160   0.000007   0.000013  0.0000590  0.0000015    0.000040    0.000065
2008   8  12  54690   0.292757   0.382737  -0.4569337  -0.0002279  -0.000005  -0.000235   0.000007   0.000012  0.0000614  0.0000014    0.000039    0.000066
2008   8  13  54691   0.292973   0.379398  -0.4567215  -0.0001734   0.000161  -0.000349   0.000007   0.000012  0.0000655  0.0000014    0.000035    0.000069
2008   8  14  54692   0.293045   0.376415  -0.4566076  -0.0000600   0.000207  -0.000437   0.000008   0.000013  0.0000646  0.0000014    0.000029    0.000054
2008   8  15  54693   0.292934   0.373462  -0.4566320   0.0000882   0.000167  -0.000437   0.000010   0.000024  0.0000612  0.0000014    0.000030    0.000056
2008   8  16  54694   0.293593   0.370648  -0.4568158   0.0002596   0.000176  -0.000411   0.000010   0.000026  0.0000607  0.0000014    0.000042    0.000091
2008   8  17  54695   0.294237   0.368120  -0.4571515   0.0004325   0.000160  -0.000411   0.000008   0.000014  0.0000636  0.0000014    0.000049    0.000109
2008   8  18  54696   0.294451   0.365156  -0.4577068   0.0006508   0.000126  -0.000420   0.000008   0.000010  0.0000634  0.0000014    0.000042    0.000083
2008   8  19  54697   0.294800   0.361915  -0.4584629   0.0008212   0.000101  -0.000397   0.000010   0.000009  0.0000650  0.0000014    0.000042    0.000081
2008   8  20  54698   0.295364   0.358777  -0.4593116   0.0008562   0.000092  -0.000382   0.000010   0.000009  0.0000694  0.0000014    0.000046    0.000093
2008   8  21  54699   0.296119   0.355698  -0.4601259   0.0007449   0.000115  -0.000403   0.000010   0.000009  0.0000702  0.0000015    0.000031    0.000063
2008   8  22  54700   0.297015   0.352356  -0.4607930   0.0005544   0.000162  -0.000371   0.000010   0.000009  0.0000711  0.0000015    0.000027    0.000061
2008   8  23  54701   0.298046   0.349121  -0.4612558   0.0003490   0.000177  -0.000300   0.000010   0.000009  0.0000715  0.0000015    0.000035    0.000085
2008   8  24  54702   0.298587   0.346176  -0.4615030   0.0001685   0.000157  -0.000294   0.000017   0.000010  0.0000724  0.0000015    0.000037    0.000096
2008   8  25  54703   0.298217   0.343120  -0.4615989   0.0000464   0.000174  -0.000351   0.000011   0.000010  0.0000622  0.0000015    0.000033    0.000083
2008   8  26  54704   0.297840   0.339545  -0.4616540   0.0000753   0.000171  -0.000348   0.000008   0.000010  0.0000544  0.0000016    0.000039    0.000082
2008   8  27  54705   0.298080   0.335928  -0.4617878   0.0002203   0.000133  -0.000291   0.000010   0.000010  0.0000560  0.0000016    0.000060    0.000099
2008   8  28  54706   0.298240   0.332655  -0.4620706   0.0003709   0.000118  -0.000250   0.000011   0.000010  0.0000529  0.0000016    0.000074    0.000114
2008   8  29  54707   0.298282   0.329554  -0.4625432   0.0006040   0.000121  -0.000217   0.000012   0.000013  0.0000401  0.0000016    0.000074    0.000119
2008   8  30  54708   0.298470   0.326229  -0.4633211   0.0008742   0.000135  -0.000206   0.000022   0.000022  0.0000476  0.0000016    0.000074    0.000119
2008   8  31  54709   0.298633   0.322419  -0.4642939   0.0010148   0.000155  -0.000236   0.000028   0.000013  0.0000668  0.0000015    0.000087    0.000139
2008   9   1  54710   0.298683   0.318600  -0.4653507   0.0010416   0.000168  -0.000304   0.000026   0.000010  0.0000570  0.0000014    0.000282    0.000446
2008   9   2  54711   0.298909   0.314724  -0.4663807   0.0009685   0.000155  -0.000374   0.000020   0.000013  0.0000201  0.0000014    0.000109    0.000147
2008   9   3  54712   0.299209   0.310903  -0.4672705   0.0007939   0.000106  -0.000389   0.000010   0.000012  0.0000126  0.0000014    0.000051    0.000073
2008   9   4  54713   0.299095   0.307295  -0.4679758   0.0005885   0.000060  -0.000379   0.000008   0.000009  0.0000164  0.0000014    0.000038    0.000064
2008   9   5  54714   0.298665   0.303576  -0.4684813   0.0003896   0.000052  -0.000399   0.000007   0.000009  0.0000323  0.0000014    0.000045    0.000084
2008   9   6  54715   0.298273   0.299970  -0.4687921   0.0002304   0.000064  -0.000378   0.000007   0.000009  0.0000429  0.0000014    0.000061    0.000121
2008   9   7  54716   0.297886   0.296479  -0.4689678   0.0001240   0.000091  -0.000326   0.000008   0.000009  0.0000581  0.0000014    0.000066    0.000122
2008   9   8  54717   0.297544   0.293090  -0.4690765   0.0001193   0.000132  -0.000305   0.000010   0.000009  0.0000284  0.0000014    0.000058    0.000079
2008   9   9  54718   0.297280   0.289856  -0.4692109   0.0002026   0.000168  -0.000332   0.000010   0.000009  0.0000174  0.0000014    0.000062    0.000085
2008   9  10  54719   0.296890   0.286725  -0.4694613   0.0003152   0.000184  -0.000372   0.000007   0.000009  0.0000227  0.0000014    0.000083    0.000129
2008   9  11  54720   0.296463   0.283808  -0.4698574   0.0004876   0.000184  -0.000400   0.000007   0.000009  0.0000416  0.0000014    0.000122    0.000251
2008   9  12  54721   0.295818   0.280850  -0.4704777   0.0007674   0.000161  -0.000417   0.000009   0.000009  0.0000315  0.0000014    0.000096    0.000192
2008   9  13  54722   0.294482   0.277778  -0.4714111   0.0010887   0.000150  -0.000430   0.000009   0.000011  0.0000385  0.0000014    0.000091    0.000181
2008   9  14  54723   0.292810   0.274626  -0.4726444   0.0013392   0.000170  -0.000456   0.000008   0.000012  0.0000594  0.0000014    0.000330    0.000643
2008   9  15  54724   0.291474   0.271355  -0.4741048   0.0015288   0.000197  -0.000496   0.000008   0.000010  0.0000359  0.0000014    0.000214    0.000360
2008   9  16  54725   0.290463   0.268227  -0.4757071   0.0016196   0.000194  -0.000523   0.000008   0.000010  0.0000233  0.0000015    0.000114    0.000191
2008   9  17  54726   0.289400   0.265112  -0.4773281   0.0015700   0.000143  -0.000496   0.000008   0.000012  0.0000303  0.0000015    0.000110    0.000184
2008   9  18  54727   0.287859   0.261747  -0.4787923   0.0013719   0.000059  -0.000398   0.000008   0.000012  0.0000393  0.0000015    0.000087    0.000147
2008   9  19  54728   0.285992   0.258237  -0.4800172   0.0010899  -0.000022  -0.000255   0.000011   0.000010  0.0000250  0.0000014    0.000084    0.000142
2008   9  20  54729   0.284171   0.254692  -0.4809872   0.0008457  -0.000070  -0.000126   0.000010   0.000010  0.0000307  0.0000014    0.000084    0.000142
2008   9  21  54730   0.282221   0.251283  -0.4816989   0.0006472  -0.000074  -0.000065   0.000008   0.000013  0.0000499  0.0000013    0.000074    0.000133
2008   9  22  54731   0.280175   0.247889  -0.4822768   0.0005653  -0.000039  -0.000082   0.000007   0.000023  0.0000286  0.0000012    0.000049    0.000101
2008   9  23  54732   0.278318   0.244363  -0.4828558   0.0006046   0.000020  -0.000170   0.000007   0.000026  0.0000183  0.0000012    0.000052    0.000109
2008   9  24  54733   0.276539   0.240956  -0.4835158   0.0007094   0.000083  -0.000314   0.000007   0.000022  0.0000241  0.0000012    0.000068    0.000146
2008   9  25  54734   0.274739   0.237689  -0.4843159   0.0009283   0.000075  -0.000322   0.000007   0.000013  0.0000399  0.0000012    0.000091    0.000158
2008   9  26  54735   0.273025   0.234466  -0.4853677   0.0011673   0.000009  -0.000229   0.000007   0.000013  0.0000292  0.0000012    0.000084    0.000107
2008   9  27  54736   0.271307   0.231100  -0.4866201   0.0013171  -0.000050  -0.000200   0.000007   0.000023  0.0000360  0.0000012    0.000083    0.000105
2008   9  28  54737   0.269795   0.227972  -0.4879928   0.0014170  -0.000075  -0.000262   0.000009   0.000023  0.0000479  0.0000012    0.000071    0.000104
2008   9  29  54738   0.268291   0.225434  -0.4894212   0.0014014  -0.000066  -0.000373   0.000010   0.000013  0.0000218  0.0000013    0.000042    0.000095
2008   9  30  54739   0.266465   0.222886  -0.4907808   0.0012868  -0.000029  -0.000479   0.000008   0.000013  0.0000139  0.0000013    0.000042    0.000096
2008  10   1  54740   0.264567   0.220353  -0.4919925   0.0011037   0.000025  -0.000523   0.000010   0.000020  0.0000190  0.0000014    0.000050    0.000112
2008  10   2  54741   0.262465   0.217735  -0.4929896   0.0008659   0.000067  -0.000499   0.000010   0.000013  0.0000386  0.0000014    0.000130    0.000265
2008  10   3  54742   0.259825   0.215043  -0.4937436   0.0006396   0.000065  -0.000437   0.000008   0.000010  0.0000297  0.0000014    0.000090    0.000165
2008  10   4  54743   0.256833   0.212359  -0.4942886   0.0004520   0.000039  -0.000349   0.000008   0.000010  0.0000347  0.0000014    0.000074    0.000136
2008  10   5  54744   0.254321   0.209799  -0.4946807   0.0003635   0.000015  -0.000280   0.000007   0.000009  0.0000438  0.0000014    0.000075    0.000135
2008  10   6  54745   0.252102   0.207630  -0.4950254   0.0003379   0.000009  -0.000267   0.000007   0.000008  0.0000329  0.0000012    0.000109    0.000180
2008  10   7  54746   0.249678   0.205626  -0.4953586   0.0003955   0.000035  -0.000289   0.000006   0.000010  0.0000235  0.0000011    0.000119    0.000196
2008  10   8  54747   0.247169   0.203518  -0.4958384   0.0005662   0.000104  -0.000296   0.000007   0.000017  0.0000304  0.0000012    0.000151    0.000272
2008  10   9  54748   0.244815   0.200856  -0.4965254   0.0007798   0.000116  -0.000359   0.000007   0.000010  0.0000396  0.0000012    0.000099    0.000218
2008  10  10  54749   0.242350   0.197893  -0.4974181   0.0010087   0.000002  -0.000529   0.000006   0.000008  0.0000266  0.0000012    0.000060    0.000129
2008  10  11  54750   0.239642   0.194748  -0.4985493   0.0012481  -0.000125  -0.000661   0.000007   0.000008  0.0000327  0.0000013    0.000052    0.000109
2008  10  12  54751   0.237086   0.191760  -0.4999174   0.0014546  -0.000194  -0.000679   0.000009   0.000010  0.0000521  0.0000014    0.000051    0.000106
2008  10  13  54752   0.234771   0.189187  -0.5014458   0.0015652  -0.000199  -0.000594   0.000016   0.000013  0.0000491  0.0000013    0.000068    0.000118
2008  10  14  54753   0.232513   0.186853  -0.5030225   0.0015748  -0.000149  -0.000439   0.000010   0.000013  0.0000340  0.0000013    0.000070    0.000119
2008  10  15  54754   0.229761   0.184753  -0.5045323   0.0014579  -0.000088  -0.000314   0.000008   0.000013  0.0000236  0.0000013    0.000070    0.000119
2008  10  16  54755   0.227026   0.182529  -0.5059199   0.0012974  -0.000057  -0.000292   0.000007   0.000011  0.0000298  0.0000013    0.000074    0.000131
2008  10  17  54756   0.224417   0.180348  -0.5071361   0.0011323  -0.000057  -0.000345   0.000007   0.000009  0.0000414  0.0000013    0.000086    0.000192
2008  10  18  54757   0.221608   0.177889  -0.5081579   0.0009792  -0.000064  -0.000391   0.000007   0.000009  0.0000451  0.0000013    0.000087    0.000199
2008  10  19  54758   0.218908   0.175231  -0.5090665   0.0009541  -0.000060  -0.000388   0.000008   0.000009  0.0000422  0.0000014    0.000074    0.000146
2008  10  20  54759   0.216214   0.172842  -0.5100322   0.0010202  -0.000047  -0.000341   0.000007   0.000009  0.0000210  0.0000013    0.000043    0.000072
2008  10  21  54760   0.213653   0.170616  -0.5111117   0.0011567  -0.000033  -0.000287   0.000007   0.000009  0.0000133  0.0000013    0.000043    0.000072
2008  10  22  54761   0.211283   0.168748  -0.5123381   0.0013189  -0.000021  -0.000268   0.000007   0.000009  0.0000178  0.0000013    0.000043    0.000072
2008  10  23  54762   0.208404   0.166909  -0.5137491   0.0014811  -0.000019  -0.000305   0.000007   0.000011  0.0000375  0.0000013    0.000071    0.000127
2008  10  24  54763   0.204986   0.164942  -0.5153291   0.0016254  -0.000026  -0.000384   0.000007   0.000022  0.0000337  0.0000014    0.000088    0.000171
2008  10  25  54764   0.201207   0.162562  -0.5169811   0.0016527  -0.000040  -0.000452   0.000008   0.000029  0.0000396  0.0000013    0.000088    0.000171
2008  10  26  54765   0.197758   0.159959  -0.5186123   0.0016011  -0.000056  -0.000468   0.000010   0.000024  0.0000635  0.0000014    0.000088    0.000173
2008  10  27  54766   0.195243   0.157946  -0.5202056   0.0015485  -0.000071  -0.000439   0.000017   0.000012  0.0000483  0.0000014    0.000083    0.000184
2008  10  28  54767   0.193290   0.156742  -0.5216960   0.0014244  -0.000092  -0.000399   0.000010   0.000012  0.0000348  0.0000014    0.000083    0.000184
2008  10  29  54768   0.191164   0.155880  -0.5230065   0.0011802  -0.000115  -0.000369   0.000008   0.000024  0.0000387  0.0000014    0.000083    0.000184
2008  10  30  54769   0.188430   0.154427  -0.5240846   0.0009594  -0.000135  -0.000349   0.000007   0.000031  0.0000469  0.0000014    0.000120    0.000204
2008  10  31  54770   0.185660   0.152975  -0.5249660   0.0008133  -0.000140  -0.000316   0.000007   0.000032  0.0000331  0.0000014    0.000137    0.000209
2008  11   1  54771   0.182588   0.151540  -0.5256965   0.0006688  -0.000126  -0.000263   0.000008   0.000026  0.0000297  0.0000014    0.000137    0.000209
2008  11   2  54772   0.179411   0.149706  -0.5263177   0.0006225  -0.000098  -0.000215   0.000008   0.000015  0.0000403  0.0000014    0.000099    0.000155
2008  11   3  54773   0.176480   0.148523  -0.5269350   0.0006354  -0.000067  -0.000212   0.000008   0.000014  0.0000242  0.0000015    0.000048    0.000078
2008  11   4  54774   0.173273   0.147798  -0.5275935   0.0006654  -0.000045  -0.000268   0.000008   0.000014  0.0000142  0.0000014    0.000049    0.000078
2008  11   5  54775   0.169764   0.146769  -0.5283096   0.0007778  -0.000031  -0.000355   0.000008   0.000014  0.0000170  0.0000014    0.000057    0.000092
2008  11   6  54776   0.166493   0.145662  -0.5291555   0.0009397  -0.000035  -0.000415   0.000008   0.000012  0.0000254  0.0000014    0.000177    0.000304
2008  11   7  54777   0.163790   0.144795  -0.5301897   0.0011339  -0.000068  -0.000401   0.000008   0.000010  0.0000314  0.0000014    0.000139    0.000245
2008  11   8  54778   0.160883   0.143918  -0.5314327   0.0013472  -0.000080  -0.000323   0.000008   0.000010  0.0000365  0.0000014    0.000116    0.000203
2008  11   9  54779   0.157697   0.143046  -0.5328911   0.0015613  -0.000070  -0.000243   0.000010   0.000010  0.0000401  0.0000015    0.000102    0.000170
2008  11  10  54780   0.154056   0.142298  -0.5345185   0.0016575  -0.000077  -0.000206   0.000011   0.000010  0.0000228  0.0000015    0.000070    0.000107
2008  11  11  54781   0.150256   0.141179  -0.5361812   0.0016347  -0.000111  -0.000211   0.000009   0.000013  0.0000168  0.0000015    0.000070    0.000107
2008  11  12  54782   0.146723   0.140329  -0.5377942   0.0015116  -0.000157  -0.000218   0.000009   0.000012  0.0000210  0.0000015    0.000070    0.000107
2008  11  13  54783   0.142569   0.139420  -0.5392040   0.0012668  -0.000194  -0.000228   0.000008   0.000010  0.0000276  0.0000015    0.000070    0.000126
2008  11  14  54784   0.138286   0.138015  -0.5403138   0.0009907  -0.000210  -0.000266   0.000008   0.000010  0.0000253  0.0000015    0.000070    0.000131
2008  11  15  54785   0.134488   0.136903  -0.5411751   0.0007974  -0.000206  -0.000348   0.000009   0.000011  0.0000303  0.0000015    0.000070    0.000131
2008  11  16  54786   0.130895   0.136201  -0.5419325   0.0008240  -0.000187  -0.000434   0.000009   0.000015  0.0000465  0.0000015    0.000074    0.000140
2008  11  17  54787   0.126956   0.135811  -0.5427774   0.0009640  -0.000157  -0.000470   0.000011   0.000024  0.0000436  0.0000016    0.000190    0.000780
2008  11  18  54788   0.123260   0.135483  -0.5438702   0.0012239  -0.000124  -0.000425   0.000011   0.000014  0.0000430  0.0000015    0.000197    0.000673
2008  11  19  54789   0.120568   0.135153  -0.5452889   0.0015683  -0.000096  -0.000307   0.000011   0.000011  0.0000500  0.0000015    0.000213    0.000481
2008  11  20  54790   0.118512   0.135221  -0.5469498   0.0017596  -0.000060  -0.000184   0.000022   0.000012  0.0000484  0.0000015    0.000156    0.000290
2008  11  21  54791   0.116955   0.135542  -0.5487688   0.0018520  -0.000048  -0.000120   0.000023   0.000012  0.0000402  0.0000015    0.000098    0.000183
2008  11  22  54792   0.115396   0.136064  -0.5506440   0.0018678  -0.000099  -0.000136   0.000013   0.000010  0.0000457  0.0000015    0.000096    0.000180
2008  11  23  54793   0.113331   0.136326  -0.5524731   0.0017588  -0.000191  -0.000193   0.000014   0.000011  0.0000599  0.0000015    0.000088    0.000169
2008  11  24  54794   0.110898   0.136679  -0.5541758   0.0016088  -0.000266  -0.000228   0.000024   0.000010  0.0000360  0.0000015    0.000060    0.000127
2008  11  25  54795   0.107875   0.137389  -0.5557035   0.0014607  -0.000273  -0.000191   0.000029   0.000010  0.0000231  0.0000016    0.000064    0.000133
2008  11  26  54796   0.104393   0.137226  -0.5570760   0.0013080  -0.000201  -0.000088   0.000029   0.000013  0.0000256  0.0000016    0.000083    0.000163
2008  11  27  54797   0.101223   0.136602  -0.5583175   0.0011549  -0.000139  -0.000019   0.000029   0.000014  0.0000436  0.0000015    0.000131    0.000244
2008  11  28  54798   0.098312   0.136283  -0.5593852   0.0010220  -0.000114  -0.000025   0.000028   0.000014  0.0000691  0.0000015    0.000286    0.000812
2008  11  29  54799   0.095124   0.135972  -0.5603262   0.0009250  -0.000097  -0.000082   0.000028   0.000015  0.0000633  0.0000015    0.000331    0.001587
2008  11  30  54800   0.091651   0.135657  -0.5611941   0.0008735  -0.000102  -0.000181   0.000029   0.000016  0.0000474  0.0000015    0.000082    0.000247
2008  12   1  54801   0.088214   0.135400  -0.5620864   0.0009277  -0.000120  -0.000279   0.000021   0.000023  0.0000244  0.0000015    0.000047    0.000136
2008  12   2  54802   0.084636   0.135265  -0.5630625   0.0010399  -0.000113  -0.000310   0.000011   0.000013  0.0000157  0.0000014    0.000051    0.000147
2008  12   3  54803   0.080514   0.135198  -0.5641272   0.0011013  -0.000052  -0.000238   0.000011   0.000010  0.0000197  0.0000014    0.000072    0.000211
2008  12   4  54804   0.075970   0.135125  -0.5653013   0.0012450  -0.000072  -0.000192   0.000021   0.000012  0.0000357  0.0000014    0.000113    0.000248
2008  12   5  54805   0.071784   0.135296  -0.5666532   0.0014649  -0.000162  -0.000203   0.000027   0.000013  0.0000314  0.0000015    0.000094    0.000154
2008  12   6  54806   0.068104   0.135402  -0.5681879   0.0016065  -0.000217  -0.000218   0.000029   0.000010  0.0000355  0.0000015    0.000093    0.000151
2008  12   7  54807   0.064622   0.135224  -0.5698303   0.0016892  -0.000230  -0.000238   0.000031   0.000011  0.0000422  0.0000015    0.000093    0.000151
2008  12   8  54808   0.061481   0.134665  -0.5715214   0.0016468  -0.000233  -0.000273   0.000029   0.000014  0.0000332  0.0000015    0.000051    0.000087
2008  12   9  54809   0.059065   0.134344  -0.5731128   0.0014806  -0.000232  -0.000302   0.000027   0.000023  0.0000231  0.0000015    0.000049    0.000085
2008  12  10  54810   0.056681   0.134920  -0.5744886   0.0012615  -0.000218  -0.000290   0.000028   0.000013  0.0000195  0.0000015    0.000049    0.000085
2008  12  11  54811   0.053628   0.135076  -0.5756288   0.0009882  -0.000196  -0.000233   0.000028   0.000010  0.0000275  0.0000015    0.000054    0.000095
2008  12  12  54812   0.050458   0.134610  -0.5764898   0.0007562  -0.000179  -0.000158   0.000022   0.000013  0.0000271  0.0000015    0.000080    0.000150
2008  12  13  54813   0.047244   0.134519  -0.5771525   0.0006771  -0.000181  -0.000106   0.000012   0.000015  0.0000280  0.0000015    0.000083    0.000157
2008  12  14  54814   0.044730   0.134383  -0.5778550   0.0008047  -0.000210  -0.000108   0.000012   0.000015  0.0000318  0.0000015    0.000078    0.000131
2008  12  15  54815   0.042798   0.134553  -0.5787737   0.0010602  -0.000250  -0.000151   0.000012   0.000014  0.0000217  0.0000015    0.000060    0.000076
2008  12  16  54816   0.040105   0.134967  -0.5799209   0.0012706  -0.000271  -0.000194   0.000012   0.000015  0.0000127  0.0000016    0.000060    0.000076
2008  12  17  54817   0.036846   0.135126  -0.5812555   0.0013806  -0.000245  -0.000204   0.000011   0.000027  0.0000144  0.0000016    0.000060    0.000087
2008  12  18  54818   0.033676   0.135528  -0.5826919   0.0014448  -0.000175  -0.000179   0.000009   0.000034  0.0000370  0.0000016    0.000064    0.000193
2008  12  19  54819   0.030509   0.136099  -0.5841327   0.0014476  -0.000095  -0.000143   0.000011   0.000034  0.0000301  0.0000016    0.000079    0.000205
2008  12  20  54820   0.027492   0.136620  -0.5855089   0.0013357  -0.000008  -0.000169   0.000020   0.000029  0.0000308  0.0000016    0.000097    0.000200
2008  12  21  54821   0.024445   0.137422  -0.5867294   0.0011115   0.000031  -0.000245   0.000013   0.000016  0.0000413  0.0000016    0.000090    0.000178
2008  12  22  54822   0.021192   0.138212  -0.5877454   0.0009134  -0.000038  -0.000286   0.000013   0.000012  0.0000272  0.0000016    0.000057    0.000118
2008  12  23  54823   0.017888   0.138746  -0.5885801   0.0007343  -0.000201  -0.000237   0.000012   0.000012  0.0000180  0.0000016    0.000062    0.000127
2008  12  24  54824   0.014497   0.139074  -0.5892161   0.0005284  -0.000388  -0.000112   0.000012   0.000012  0.0000242  0.0000016    0.000090    0.000187
2008  12  25  54825   0.010815   0.139527  -0.5896185   0.0003366  -0.000509  -0.000021   0.000012   0.000014  0.0000569  0.0000016    0.000177    0.000379
2008  12  26  54826   0.006686   0.139969  -0.5898603   0.0002187  -0.000543  -0.000028   0.000009   0.000015  0.0000724  0.0000016    0.000259    0.000584
2008  12  27  54827   0.002802   0.140529  -0.5900578   0.0002346  -0.000524  -0.000105   0.000009   0.000013  0.0000592  0.0000016    0.000186    0.000364
2008  12  28  54828  -0.001039   0.141784  -0.5903146   0.0002837  -0.000471  -0.000189   0.000013   0.000013  0.0000503  0.0000015    0.000058    0.000104
2008  12  29  54829  -0.005305   0.143150  -0.5906663   0.0003833  -0.000378  -0.000255   0.000019   0.000015  0.0000329  0.0000015    0.000059    0.000105
2008  12  30  54830  -0.009634   0.144194  -0.5911490   0.0005723  -0.000268  -0.000287   0.000011   0.000014  0.0000231  0.0000014    0.000063    0.000113
2008  12  31  54831  -0.013453   0.145106  -0.5918671   0.0008261  -0.000173  -0.000274   0.000009   0.000013  0.0000284  0.0000015    0.000086    0.000161
