

                   INTERNATIONAL EARTH ROTATION SERVICE
                        EARTH ROTATION PARAMETERS
                          EOP (IERS) C04

  
             FORMAT(3(I4),I7,2(F11.6),2(F12.7),2(F12.6),2(F11.6),2(F12.7),2F12.6)
**********************************************************************************
  
      Date      MJD      x          y        UT1-UTC       LOD         dX        dY        x Err     y Err   UT1-UTC Err  Lod Err     dY Err       dY Err  
                         "          "           s           s          "         "           "          "          s         s            "           "
     (0h UTC)

1990   1   1  47892  -0.133919   0.162571   0.3287330   0.0019543   0.000380  -0.000651   0.002718   0.002646  0.0000393  0.0000442    0.000167    0.000165
1990   1   2  47893  -0.135138   0.165918   0.3266804   0.0021497   0.000279  -0.000597   0.000533   0.000507  0.0000396  0.0000416    0.000169    0.000164
1990   1   3  47894  -0.136529   0.170184   0.3244692   0.0022618   0.000170  -0.000263   0.000292   0.000277  0.0000440  0.0000503    0.000189    0.000182
1990   1   4  47895  -0.138194   0.174748   0.3221991   0.0022593   0.000100   0.000358   0.000398   0.000374  0.0000610  0.0000729    0.000271    0.000247
1990   1   5  47896  -0.139624   0.178072   0.3199901   0.0021363   0.000124   0.000659   0.000717   0.000645  0.0001018  0.0000822    0.000517    0.000381
1990   1   6  47897  -0.140887   0.180033   0.3179537   0.0019162   0.000211   0.000585   0.001576   0.001566  0.0001034  0.0000798    0.000461    0.000402
1990   1   7  47898  -0.142606   0.181710   0.3161649   0.0016481   0.000299   0.000291   0.000844   0.000840  0.0000578  0.0000806    0.000215    0.000255
1990   1   8  47899  -0.145220   0.184154   0.3146410   0.0013964   0.000331  -0.000040   0.000477   0.000468  0.0000577  0.0000563    0.000214    0.000253
1990   1   9  47900  -0.148110   0.186590   0.3133354   0.0012231   0.000218  -0.000036   0.000390   0.000376  0.0000549  0.0000540    0.000177    0.000209
1990   1  10  47901  -0.150473   0.188587   0.3121485   0.0011718   0.000051   0.000067   0.000401   0.000367  0.0000503  0.0000590    0.000132    0.000153
1990   1  11  47902  -0.152076   0.190561   0.3109507   0.0012535  -0.000120   0.000101   0.000518   0.000476  0.0000631  0.0000570    0.000169    0.000181
1990   1  12  47903  -0.153866   0.193367   0.3096182   0.0014420  -0.000042   0.000026   0.000634   0.000651  0.0000637  0.0000512    0.000220    0.000200
1990   1  13  47904  -0.156092   0.196795   0.3080658   0.0016788   0.000301  -0.000125   0.000426   0.000471  0.0000392  0.0000510    0.000158    0.000150
1990   1  14  47905  -0.158066   0.199996   0.3062780   0.0018812   0.000430  -0.000188   0.000348   0.000387  0.0000382  0.0000675    0.000155    0.000147
1990   1  15  47906  -0.159531   0.202801   0.3043303   0.0019804   0.000361  -0.000159   0.000527   0.000631  0.0000959  0.0002654    0.000385    0.000368
1990   1  16  47907  -0.160780   0.205454   0.3023450   0.0019628   0.000240  -0.000073   0.001702   0.001925  0.0004926  0.0001013    0.001288    0.001679
1990   1  17  47908  -0.162261   0.208414   0.3004285   0.0018637   0.000169   0.000045   0.000904   0.000829  0.0001067  0.0002706    0.000376    0.000438
1990   1  18  47909  -0.164135   0.211628   0.2986356   0.0017332   0.000186   0.000085   0.000406   0.000369  0.0000486  0.0000780    0.000173    0.000198
1990   1  19  47910  -0.166293   0.215030   0.2969734   0.0016055   0.000240   0.000007   0.000367   0.000356  0.0000493  0.0000595    0.000149    0.000177
1990   1  20  47911  -0.169106   0.218451   0.2954280   0.0014864   0.000201  -0.000150   0.000464   0.000476  0.0000704  0.0001463    0.000175    0.000214
1990   1  21  47912  -0.172610   0.221765   0.2939952   0.0013710   0.000108  -0.000318   0.001556   0.001218  0.0002433  0.0000870    0.000492    0.000553
1990   1  22  47913  -0.176272   0.224904   0.2926719   0.0012733   0.000129  -0.000426   0.000698   0.000699  0.0001035  0.0001457    0.000289    0.000311
1990   1  23  47914  -0.179523   0.226791   0.2914271   0.0012301   0.000252  -0.000397   0.000347   0.000371  0.0000480  0.0000789    0.000143    0.000149
1990   1  24  47915  -0.181888   0.229041   0.2901844   0.0012796   0.000345  -0.000237   0.000401   0.000439  0.0000543  0.0000802    0.000161    0.000176
1990   1  25  47916  -0.183722   0.232544   0.2888375   0.0014300   0.000309  -0.000078   0.000843   0.000912  0.0001124  0.0001631    0.000326    0.000400
1990   1  26  47917  -0.185335   0.235988   0.2872954   0.0016576   0.000224  -0.000014   0.001928   0.001605  0.0002720  0.0000977    0.000679    0.000718
1990   1  27  47918  -0.187092   0.239306   0.2855020   0.0019328   0.000247  -0.000033   0.000628   0.000668  0.0000830  0.0001550    0.000275    0.000265
1990   1  28  47919  -0.189263   0.243720   0.2834262   0.0022292   0.000411  -0.000084   0.000293   0.000350  0.0000381  0.0000590    0.000145    0.000140
1990   1  29  47920  -0.191773   0.247959   0.2810616   0.0025090   0.000290  -0.000153   0.000253   0.000285  0.0000349  0.0000453    0.000131    0.000132
1990   1  30  47921  -0.193652   0.251102   0.2784459   0.0027163  -0.000036  -0.000202   0.000335   0.000299  0.0000525  0.0000647    0.000171    0.000200
1990   1  31  47922  -0.194261   0.253642   0.2756767   0.0027964  -0.000211  -0.000189   0.000576   0.000512  0.0000946  0.0000873    0.000279    0.000342
1990   2   1  47923  -0.195074   0.257110   0.2728975   0.0027295  -0.000199  -0.000101   0.000784   0.000934  0.0001221  0.0000750    0.000331    0.000389
1990   2   2  47924  -0.197335   0.261365   0.2702467   0.0025459  -0.000016   0.000055   0.000414   0.000499  0.0000554  0.0000843    0.000183    0.000228
1990   2   3  47925  -0.199686   0.265373   0.2678129   0.0023102   0.000145   0.000142   0.000525   0.000617  0.0000465  0.0000857    0.000157    0.000199
1990   2   4  47926  -0.201047   0.269139   0.2656116   0.0020943   0.000229   0.000128   0.001351   0.001317  0.0001160  0.0002139    0.000306    0.000484
1990   2   5  47927  -0.201559   0.272864   0.2635919   0.0019582   0.000272   0.000055   0.003122   0.001401  0.0003812  0.0001042    0.000446    0.000922
1990   2   6  47928  -0.202198   0.276567   0.2616533   0.0019406   0.000326  -0.000024   0.000732   0.000692  0.0000924  0.0002120    0.000329    0.000303
1990   2   7  47929  -0.203699   0.279471   0.2596697   0.0020466   0.000181  -0.000170   0.000354   0.000337  0.0000429  0.0000720    0.000186    0.000151
1990   2   8  47930  -0.205299   0.283415   0.2575304   0.0022380  -0.000139  -0.000383   0.000422   0.000338  0.0000516  0.0000775    0.000212    0.000186
1990   2   9  47931  -0.205455   0.287603   0.2551825   0.0024516  -0.000362  -0.000534   0.000871   0.000536  0.0001121  0.0001942    0.000360    0.000418
1990   2  10  47932  -0.205172   0.291431   0.2526357   0.0026342  -0.000313  -0.000549   0.002153   0.001430  0.0003367  0.0001236    0.000574    0.000971
1990   2  11  47933  -0.205180   0.295285   0.2499373   0.0027572  -0.000094  -0.000443   0.000875   0.000942  0.0001352  0.0001957    0.000414    0.000368
1990   2  12  47934  -0.204990   0.299314   0.2471509   0.0028048   0.000078  -0.000277   0.000381   0.000341  0.0000547  0.0000876    0.000200    0.000170
1990   2  13  47935  -0.204031   0.303227   0.2443563   0.0027638   0.000077  -0.000101   0.000340   0.000205  0.0000400  0.0000499    0.000154    0.000147
1990   2  14  47936  -0.202750   0.306928   0.2416460   0.0026446   0.000036  -0.000056   0.000413   0.000257  0.0000451  0.0000489    0.000197    0.000203
1990   2  15  47937  -0.202438   0.311573   0.2390820   0.0024803   0.000093  -0.000091   0.000415   0.000424  0.0000578  0.0000592    0.000226    0.000225
1990   2  16  47938  -0.201773   0.315964   0.2366918   0.0023003   0.000173  -0.000067   0.000398   0.000320  0.0000733  0.0000588    0.000193    0.000183
1990   2  17  47939  -0.201345   0.320198   0.2344786   0.0021262   0.000257  -0.000161   0.000284   0.000206  0.0000598  0.0000618    0.000204    0.000162
1990   2  18  47940  -0.201324   0.323373   0.2324275   0.0019712   0.000175  -0.000202   0.000273   0.000233  0.0000503  0.0000540    0.000220    0.000189
1990   2  19  47941  -0.201179   0.326671   0.2305164   0.0018313  -0.000005  -0.000247   0.000304   0.000319  0.0000481  0.0000546    0.000213    0.000235
1990   2  20  47942  -0.201164   0.329933   0.2287391   0.0017089  -0.000167  -0.000350   0.000365   0.000410  0.0000590  0.0000602    0.000253    0.000290
1990   2  21  47943  -0.202494   0.332886   0.2270691   0.0016514  -0.000132  -0.000388   0.000459   0.000528  0.0000723  0.0000591    0.000220    0.000253
1990   2  22  47944  -0.203673   0.336166   0.2254060   0.0017211   0.000143  -0.000261   0.000434   0.000462  0.0000592  0.0000627    0.000216    0.000181
1990   2  23  47945  -0.203766   0.339640   0.2236010   0.0019287   0.000393  -0.000160   0.000549   0.000570  0.0000532  0.0000557    0.000230    0.000162
1990   2  24  47946  -0.202885   0.343154   0.2215349   0.0022196   0.000495  -0.000168   0.001676   0.001740  0.0000523  0.0000567    0.000233    0.000159
1990   2  25  47947  -0.201569   0.346703   0.2191689   0.0025078   0.000483  -0.000232   0.001710   0.002221  0.0000603  0.0000567    0.000234    0.000246
1990   2  26  47948  -0.199735   0.350191   0.2165508   0.0027102   0.000390  -0.000312   0.000333   0.000452  0.0000612  0.0000608    0.000234    0.000262
1990   2  27  47949  -0.197359   0.353799   0.2137985   0.0027679   0.000269  -0.000359   0.000330   0.000447  0.0000612  0.0000620    0.000234    0.000262
1990   2  28  47950  -0.194746   0.357801   0.2110691   0.0026629   0.000218  -0.000283   0.000385   0.000476  0.0000629  0.0000638    0.000244    0.000263
1990   3   1  47951  -0.193309   0.362695   0.2085135   0.0024256   0.000194  -0.000179   0.000686   0.000609  0.0000663  0.0000645    0.000266    0.000266
1990   3   2  47952  -0.193546   0.367964   0.2062333   0.0021287   0.000164  -0.000152   0.001053   0.000908  0.0000661  0.0000576    0.000266    0.000264
1990   3   3  47953  -0.193800   0.371809   0.2042440   0.0018610   0.000143  -0.000155   0.000589   0.000597  0.0000489  0.0000569    0.000189    0.000168
1990   3   4  47954  -0.193592   0.374439   0.2024785   0.0016916   0.000130  -0.000162   0.000374   0.000384  0.0000476  0.0000482    0.000184    0.000163
1990   3   5  47955  -0.193224   0.377159   0.2008191   0.0016444   0.000147  -0.000051   0.000519   0.000538  0.0000476  0.0000491    0.000184    0.000163
1990   3   6  47956  -0.192660   0.380600   0.1991499   0.0017073   0.000165   0.000080   0.001272   0.001515  0.0000505  0.0000587    0.000182    0.000171
1990   3   7  47957  -0.191872   0.384542   0.1973746   0.0018572   0.000161   0.000139   0.000519   0.000596  0.0000698  0.0000574    0.000176    0.000222
1990   3   8  47958  -0.191137   0.388462   0.1954203   0.0020660   0.000122   0.000075   0.000420   0.000472  0.0000643  0.0000611    0.000177    0.000195
1990   3   9  47959  -0.190574   0.392219   0.1932437   0.0023006   0.000038  -0.000147   0.000413   0.000445  0.0000523  0.0000562    0.000177    0.000146
1990   3  10  47960  -0.189877   0.396211   0.1908347   0.0025073   0.000009  -0.000349   0.000551   0.000588  0.0000481  0.0000499    0.000177    0.000131
1990   3  11  47961  -0.188547   0.400367   0.1882544   0.0026204   0.000040  -0.000465   0.001548   0.001866  0.0000476  0.0000543    0.000177    0.000130
1990   3  12  47962  -0.186556   0.404335   0.1856225   0.0026054   0.000081  -0.000490   0.001842   0.002029  0.0000605  0.0000551    0.000203    0.000196
1990   3  13  47963  -0.185031   0.407951   0.1830694   0.0024781   0.000091  -0.000435   0.000431   0.000382  0.0000626  0.0000633    0.000207    0.000209
1990   3  14  47964  -0.184796   0.411232   0.1806853   0.0022938   0.000039  -0.000324   0.000441   0.000394  0.0000661  0.0000737    0.000215    0.000220
1990   3  15  47965  -0.185631   0.414108   0.1784921   0.0021224  -0.000129  -0.000189   0.000514   0.000480  0.0000848  0.0000941    0.000249    0.000263
1990   3  16  47966  -0.185523   0.416189   0.1764416   0.0020010  -0.000142  -0.000164   0.000684   0.000568  0.0001221  0.0001114    0.000258    0.000229
1990   3  17  47967  -0.184898   0.418282   0.1744819   0.0019269  -0.000083  -0.000201   0.000835   0.000569  0.0001381  0.0000994    0.000243    0.000196
1990   3  18  47968  -0.184654   0.421187   0.1725714   0.0018971  -0.000062  -0.000228   0.000663   0.000557  0.0000766  0.0001029    0.000265    0.000205
1990   3  19  47969  -0.183880   0.424579   0.1706650   0.0019192  -0.000039  -0.000251   0.000660   0.000613  0.0000678  0.0000723    0.000276    0.000212
1990   3  20  47970  -0.181749   0.427783   0.1687064   0.0020072   0.000039  -0.000290   0.000849   0.000875  0.0000680  0.0000729    0.000272    0.000212
1990   3  21  47971  -0.179191   0.430980   0.1666226   0.0021675   0.000115  -0.000303   0.000781   0.000788  0.0000779  0.0000612    0.000177    0.000219
1990   3  22  47972  -0.176958   0.434632   0.1643449   0.0023901   0.000137  -0.000261   0.000669   0.000352  0.0000544  0.0000541    0.000152    0.000171
1990   3  23  47973  -0.175019   0.438864   0.1618227   0.0026462   0.000088  -0.000082   0.000644   0.000190  0.0000302  0.0000429    0.000113    0.000106
1990   3  24  47974  -0.172700   0.442824   0.1590475   0.0029132  -0.000070  -0.000212   0.000396   0.000168  0.0000313  0.0000346    0.000122    0.000114
1990   3  25  47975  -0.170598   0.446568   0.1560134   0.0031544  -0.000226  -0.000403   0.000331   0.000217  0.0000389  0.0000354    0.000151    0.000149
1990   3  26  47976  -0.168895   0.450261   0.1527795   0.0032860  -0.000296  -0.000448   0.000954   0.000661  0.0000396  0.0000343    0.000140    0.000151
1990   3  27  47977  -0.166965   0.453931   0.1494972   0.0032369  -0.000277  -0.000413   0.000590   0.000266  0.0000296  0.0000352    0.000089    0.000105
1990   3  28  47978  -0.164586   0.457412   0.1463589   0.0030027  -0.000178  -0.000341   0.000312   0.000146  0.0000308  0.0000331    0.000094    0.000107
1990   3  29  47979  -0.162615   0.460477   0.1435236   0.0026562  -0.000012  -0.000296   0.000327   0.000203  0.0000366  0.0000388    0.000124    0.000116
1990   3  30  47980  -0.160815   0.462949   0.1410467   0.0023035   0.000068  -0.000240   0.000393   0.000337  0.0000468  0.0000448    0.000157    0.000115
1990   3  31  47981  -0.158829   0.465354   0.1388878   0.0020367   0.000085  -0.000220   0.000510   0.000397  0.0000530  0.0000499    0.000158    0.000110
1990   4   1  47982  -0.156708   0.468170   0.1369292   0.0019138   0.000082  -0.000242   0.001375   0.001172  0.0000529  0.0000484    0.000159    0.000112
1990   4   2  47983  -0.154800   0.471475   0.1350168   0.0019432   0.000061  -0.000244   0.000514   0.000481  0.0000438  0.0000498    0.000170    0.000154
1990   4   3  47984  -0.152072   0.474798   0.1330118   0.0020859   0.000038  -0.000188   0.000322   0.000302  0.0000466  0.0000528    0.000183    0.000166
1990   4   4  47985  -0.148186   0.477818   0.1308303   0.0022771   0.000018  -0.000023   0.000450   0.000440  0.0000618  0.0000619    0.000241    0.000227
1990   4   5  47986  -0.145740   0.480993   0.1284577   0.0024466   0.000071   0.000117   0.000563   0.000670  0.0000772  0.0000688    0.000248    0.000251
1990   4   6  47987  -0.143565   0.483919   0.1259490   0.0025530   0.000096   0.000139   0.000754   0.000938  0.0000759  0.0000666    0.000222    0.000225
1990   4   7  47988  -0.140440   0.486781   0.1233716   0.0025973   0.000061   0.000066   0.000854   0.000865  0.0000559  0.0000652    0.000316    0.000205
1990   4   8  47989  -0.136341   0.489924   0.1207785   0.0025941  -0.000023  -0.000054   0.000418   0.000428  0.0000545  0.0000552    0.000341    0.000204
1990   4   9  47990  -0.132134   0.493070   0.1182076   0.0025479  -0.000176  -0.000046   0.000478   0.000489  0.0000545  0.0000548    0.000341    0.000204
1990   4  10  47991  -0.128452   0.496089   0.1157028   0.0024552  -0.000321   0.000008   0.001419   0.001413  0.0000551  0.0000559    0.000296    0.000204
1990   4  11  47992  -0.125357   0.499007   0.1133102   0.0023206  -0.000388   0.000027   0.000509   0.000477  0.0000572  0.0000560    0.000216    0.000206
1990   4  12  47993  -0.122928   0.502305   0.1110659   0.0021614  -0.000335  -0.000028   0.000351   0.000335  0.0000569  0.0000569    0.000208    0.000205
1990   4  13  47994  -0.120833   0.506073   0.1089829   0.0020030  -0.000131  -0.000217   0.000379   0.000389  0.0000566  0.0000582    0.000191    0.000198
1990   4  14  47995  -0.118000   0.508716   0.1070472   0.0018745   0.000071  -0.000293   0.000423   0.000408  0.0000594  0.0000593    0.000193    0.000178
1990   4  15  47996  -0.114890   0.511132   0.1052147   0.0017935   0.000133  -0.000193   0.000468   0.000414  0.0000621  0.0000640    0.000200    0.000168
1990   4  16  47997  -0.112106   0.514039   0.1034370   0.0017664   0.000050  -0.000024   0.000726   0.000720  0.0000686  0.0000624    0.000219    0.000179
1990   4  17  47998  -0.109611   0.516811   0.1016571   0.0018130  -0.000061   0.000000   0.000490   0.000546  0.0000628  0.0000590    0.000208    0.000179
1990   4  18  47999  -0.107336   0.518859   0.0997873   0.0019697  -0.000081  -0.000366   0.000312   0.000393  0.0000493  0.0000555    0.000176    0.000174
1990   4  19  48000  -0.105110   0.520631   0.0976980   0.0022279  -0.000032  -0.000446   0.000300   0.000368  0.0000482  0.0000515    0.000165    0.000200
1990   4  20  48001  -0.101792   0.523090   0.0953207   0.0025160   0.000128  -0.000261   0.000376   0.000339  0.0000538  0.0000527    0.000144    0.000209
1990   4  21  48002  -0.098795   0.525875   0.0926708   0.0027655   0.000205  -0.000065   0.000605   0.000437  0.0000573  0.0000568    0.000134    0.000199
1990   4  22  48003  -0.096960   0.528609   0.0898152   0.0029270   0.000173   0.000036   0.000911   0.000854  0.0000598  0.0000571    0.000169    0.000196
1990   4  23  48004  -0.095747   0.531155   0.0868621   0.0029574   0.000097  -0.000007   0.000423   0.000360  0.0000568  0.0000542    0.000167    0.000186
1990   4  24  48005  -0.094150   0.533498   0.0839545   0.0028282   0.000052  -0.000260   0.000343   0.000234  0.0000487  0.0000519    0.000140    0.000160
1990   4  25  48006  -0.092204   0.535134   0.0812507   0.0025520  -0.000029  -0.000359   0.000440   0.000294  0.0000470  0.0000493    0.000139    0.000164
1990   4  26  48007  -0.089963   0.536355   0.0788690   0.0021960  -0.000143  -0.000272   0.000430   0.000382  0.0000500  0.0000455    0.000161    0.000171
1990   4  27  48008  -0.087440   0.538065   0.0768436   0.0018656  -0.000251  -0.000203   0.000281   0.000263  0.0000439  0.0000479    0.000135    0.000117
1990   4  28  48009  -0.084948   0.540188   0.0750969   0.0016333  -0.000240  -0.000219   0.000280   0.000271  0.0000459  0.0000466    0.000164    0.000132
1990   4  29  48010  -0.082707   0.542142   0.0735282   0.0015266  -0.000233  -0.000169   0.000304   0.000302  0.0000494  0.0000496    0.000220    0.000165
1990   4  30  48011  -0.080638   0.543701   0.0720050   0.0015575  -0.000265  -0.000046   0.000688   0.000711  0.0000533  0.0000690    0.000241    0.000182
1990   5   1  48012  -0.078463   0.545131   0.0703946   0.0016952  -0.000283   0.000041   0.001063   0.001206  0.0000887  0.0000641    0.000250    0.000246
1990   5   2  48013  -0.075974   0.546640   0.0686157   0.0018764  -0.000253   0.000014   0.000553   0.000588  0.0000748  0.0000727    0.000212    0.000220
1990   5   3  48014  -0.072909   0.548605   0.0666560   0.0020297  -0.000122  -0.000231   0.000312   0.000325  0.0000567  0.0000721    0.000161    0.000177
1990   5   4  48015  -0.069670   0.549523   0.0645762   0.0021275  -0.000115  -0.000232   0.000381   0.000386  0.0000694  0.0000840    0.000192    0.000190
1990   5   5  48016  -0.065901   0.550312   0.0624224   0.0021705  -0.000086  -0.000169   0.000709   0.000624  0.0001114  0.0000728    0.000284    0.000223
1990   5   6  48017  -0.061385   0.552056   0.0602558   0.0021387   0.000027  -0.000173   0.000642   0.000233  0.0000762  0.0000886    0.000209    0.000203
1990   5   7  48018  -0.056482   0.554320   0.0581628   0.0020267   0.000113  -0.000173   0.000580   0.000225  0.0000658  0.0000636    0.000188    0.000198
1990   5   8  48019  -0.051675   0.556301   0.0562150   0.0018658   0.000080  -0.000124   0.000486   0.000298  0.0000511  0.0000519    0.000165    0.000196
1990   5   9  48020  -0.046595   0.557741   0.0544368   0.0017050   0.000045  -0.000126   0.000419   0.000411  0.0000381  0.0000455    0.000146    0.000184
1990   5  10  48021  -0.042680   0.559579   0.0528022   0.0015733   0.000064  -0.000237   0.000543   0.000577  0.0000400  0.0000902    0.000163    0.000204
1990   5  11  48022  -0.039292   0.561919   0.0512795   0.0014729   0.000121  -0.000393   0.001306   0.001311  0.0001423  0.0000717    0.000488    0.000462
1990   5  12  48023  -0.035510   0.563211   0.0498394   0.0014126   0.000185  -0.000411   0.000623   0.000600  0.0001035  0.0000999    0.000381    0.000385
1990   5  13  48024  -0.031274   0.563583   0.0484329   0.0014167   0.000181  -0.000321   0.000346   0.000337  0.0000575  0.0000777    0.000228    0.000254
1990   5  14  48025  -0.027056   0.564224   0.0469831   0.0015099  -0.000008  -0.000117   0.000313   0.000306  0.0000519  0.0000525    0.000183    0.000221
1990   5  15  48026  -0.022584   0.565424   0.0453913   0.0016879  -0.000261   0.000025   0.000285   0.000284  0.0000475  0.0000554    0.000147    0.000181
1990   5  16  48027  -0.017672   0.566708   0.0435896   0.0019027  -0.000438  -0.000121   0.000345   0.000373  0.0000590  0.0000532    0.000174    0.000175
1990   5  17  48028  -0.013146   0.567563   0.0415754   0.0021195  -0.000374  -0.000171   0.000380   0.000427  0.0000589  0.0000506    0.000206    0.000175
1990   5  18  48029  -0.009195   0.568066   0.0393508   0.0023369  -0.000114  -0.000071   0.000321   0.000322  0.0000423  0.0000502    0.000219    0.000182
1990   5  19  48030  -0.005121   0.568759   0.0369164   0.0025317   0.000051  -0.000015   0.000318   0.000317  0.0000415  0.0000418    0.000219    0.000183
1990   5  20  48031  -0.000672   0.569743   0.0343188   0.0026498   0.000090  -0.000015   0.000308   0.000274  0.0000414  0.0000411    0.000181    0.000178
1990   5  21  48032   0.003807   0.570707   0.0316610   0.0026427   0.000039  -0.000050   0.000269   0.000181  0.0000406  0.0000411    0.000111    0.000156
1990   5  22  48033   0.007855   0.571358   0.0290792   0.0024953  -0.000082  -0.000108   0.000268   0.000190  0.0000408  0.0000388    0.000112    0.000154
1990   5  23  48034   0.011347   0.571667   0.0267012   0.0022407  -0.000255  -0.000179   0.000250   0.000219  0.0000369  0.0000336    0.000115    0.000147
1990   5  24  48035   0.014980   0.571969   0.0246003   0.0019446  -0.000207  -0.000200   0.000194   0.000175  0.0000264  0.0000321    0.000116    0.000141
1990   5  25  48036   0.018669   0.572276   0.0227837   0.0016840  -0.000130  -0.000102   0.000173   0.000155  0.0000273  0.0000297    0.000124    0.000145
1990   5  26  48037   0.022447   0.572543   0.0211846   0.0015349  -0.000117   0.000075   0.000171   0.000156  0.0000331  0.0000353    0.000132    0.000150
1990   5  27  48038   0.026265   0.572849   0.0196665   0.0015408  -0.000148   0.000251   0.000264   0.000239  0.0000432  0.0000401    0.000168    0.000164
1990   5  28  48039   0.029828   0.573296   0.0180731   0.0016806  -0.000222   0.000357   0.000346   0.000307  0.0000472  0.0000481    0.000185    0.000170
1990   5  29  48040   0.033038   0.573856   0.0163001   0.0018725  -0.000348   0.000297   0.000381   0.000347  0.0000531  0.0000737    0.000202    0.000188
1990   5  30  48041   0.036527   0.574250   0.0143430   0.0020282  -0.000450   0.000134   0.000620   0.000708  0.0001001  0.0000802    0.000298    0.000298
1990   5  31  48042   0.040736   0.574237   0.0122683   0.0021056  -0.000399  -0.000024   0.000933   0.001041  0.0001073  0.0000748    0.000309    0.000310
1990   6   1  48043   0.045050   0.573972   0.0101570   0.0021062  -0.000237  -0.000155   0.000772   0.000738  0.0000494  0.0000763    0.000240    0.000178
1990   6   2  48044   0.048740   0.573944   0.0080770   0.0020452  -0.000048  -0.000260   0.000496   0.000485  0.0000453  0.0000474    0.000229    0.000165
1990   6   3  48045   0.051849   0.574502   0.0060828   0.0019295   0.000015  -0.000332   0.000641   0.000633  0.0000455  0.0000569    0.000230    0.000166
1990   6   4  48046   0.055382   0.575616   0.0042293   0.0017635   0.000006  -0.000381   0.000796   0.000877  0.0000684  0.0000629    0.000263    0.000212
1990   6   5  48047   0.059661   0.575902   0.0025611   0.0015673  -0.000018  -0.000421   0.000744   0.000872  0.0000804  0.0000689    0.000272    0.000229
1990   6   6  48048   0.064191   0.574573   0.0010927   0.0013786   0.000022  -0.000501   0.000845   0.000875  0.0000694  0.0000672    0.000239    0.000224
1990   6   7  48049   0.068055   0.573558  -0.0002057   0.0012337   0.000063  -0.000548   0.000579   0.000523  0.0000540  0.0000656    0.000190    0.000214
1990   6   8  48050   0.071523   0.573126  -0.0013909   0.0011460   0.000037  -0.000428   0.000715   0.000678  0.0000618  0.0000861    0.000217    0.000237
1990   6   9  48051   0.074833   0.572615  -0.0025186   0.0011216  -0.000027  -0.000282   0.001124   0.001596  0.0001183  0.0000949    0.000392    0.000334
1990   6  10  48052   0.078392   0.571359  -0.0036570   0.0011798  -0.000092  -0.000282   0.000938   0.001611  0.0001279  0.0001035    0.000401    0.000351
1990   6  11  48053   0.082621   0.569838  -0.0049004   0.0013236  -0.000069  -0.000409   0.000562   0.000670  0.0000887  0.0000905    0.000306    0.000290
1990   6  12  48054   0.087124   0.569325  -0.0063221   0.0015175  -0.000026  -0.000398   0.000332   0.000357  0.0000531  0.0000737    0.000185    0.000199
1990   6  13  48055   0.091870   0.568944  -0.0079455   0.0017184  -0.000076  -0.000096   0.000387   0.000407  0.0000587  0.0000660    0.000181    0.000201
1990   6  14  48056   0.096447   0.568301  -0.0097584   0.0018979  -0.000093   0.000192   0.000712   0.000728  0.0000790  0.0000672    0.000202    0.000225
1990   6  15  48057   0.100528   0.567564  -0.0117285   0.0020373  -0.000025   0.000274   0.002294   0.002404  0.0000758  0.0000608    0.000200    0.000221
1990   6  16  48058   0.104155   0.567016  -0.0138078   0.0021167   0.000038   0.000195   0.000624   0.000709  0.0000427  0.0000593    0.000154    0.000164
1990   6  17  48059   0.107729   0.566622  -0.0159269   0.0021143   0.000038  -0.000005   0.000415   0.000472  0.0000428  0.0000461    0.000155    0.000165
1990   6  18  48060   0.111535   0.566171  -0.0179977   0.0020157  -0.000177  -0.000313   0.000604   0.000700  0.0000495  0.0000671    0.000179    0.000186
1990   6  19  48061   0.115355   0.565239  -0.0199264   0.0018314  -0.000355  -0.000509   0.000796   0.000990  0.0000915  0.0000724    0.000333    0.000305
1990   6  20  48062   0.119092   0.563633  -0.0216476   0.0016063  -0.000307  -0.000403   0.000609   0.000793  0.0000954  0.0000846    0.000378    0.000441
1990   6  21  48063   0.122675   0.562061  -0.0231525   0.0013965  -0.000137  -0.000221   0.000493   0.000653  0.0000777  0.0000759    0.000277    0.000361
1990   6  22  48064   0.126990   0.559970  -0.0244784   0.0012502   0.000034  -0.000136   0.000414   0.000343  0.0000564  0.0000649    0.000191    0.000197
1990   6  23  48065   0.130397   0.558442  -0.0257016   0.0012149   0.000013  -0.000315   0.000386   0.000199  0.0000521  0.0000545    0.000147    0.000132
1990   6  24  48066   0.133106   0.557387  -0.0269491   0.0013121  -0.000053  -0.000411   0.000513   0.000236  0.0000525  0.0000452    0.000134    0.000116
1990   6  25  48067   0.136406   0.555882  -0.0283444   0.0014997  -0.000062  -0.000280   0.000522   0.000298  0.0000383  0.0000452    0.000150    0.000126
1990   6  26  48068   0.140431   0.553548  -0.0299413   0.0016910  -0.000056  -0.000108   0.000346   0.000216  0.0000378  0.0000411    0.000154    0.000135
1990   6  27  48069   0.144427   0.550796  -0.0317008   0.0017990  -0.000054  -0.000045   0.000367   0.000261  0.0000438  0.0000415    0.000147    0.000151
1990   6  28  48070   0.148404   0.548449  -0.0335076   0.0018007  -0.000049  -0.000080   0.000294   0.000172  0.0000452  0.0000432    0.000136    0.000115
1990   6  29  48071   0.151921   0.546840  -0.0352745   0.0017396  -0.000060  -0.000165   0.000270   0.000116  0.0000426  0.0000513    0.000132    0.000088
1990   6  30  48072   0.155089   0.545600  -0.0369671   0.0016578  -0.000114  -0.000221   0.000404   0.000182  0.0000574  0.0000568    0.000182    0.000134
1990   7   1  48073   0.159637   0.543969  -0.0385780   0.0015530  -0.000190  -0.000173   0.000499   0.000481  0.0000710  0.0000570    0.000250    0.000217
1990   7   2  48074   0.165029   0.542275  -0.0400679   0.0014004  -0.000245  -0.000077   0.000339   0.000389  0.0000567  0.0000658    0.000202    0.000176
1990   7   3  48075   0.169797   0.540429  -0.0413804   0.0012167  -0.000216  -0.000188   0.000387   0.000450  0.0000607  0.0000643    0.000236    0.000203
1990   7   4  48076   0.174398   0.538377  -0.0425101   0.0010584  -0.000220  -0.000228   0.000514   0.000684  0.0000720  0.0000793    0.000336    0.000276
1990   7   5  48077   0.179076   0.536360  -0.0435128   0.0009659  -0.000278  -0.000093   0.000197   0.000335  0.0000980  0.0000779    0.000381    0.000270
1990   7   6  48078   0.183002   0.534681  -0.0444626   0.0009344  -0.000282   0.000033   0.000188   0.000295  0.0000838  0.0000771    0.000286    0.000231
1990   7   7  48079   0.185666   0.533332  -0.0454052   0.0009249  -0.000122  -0.000007   0.000226   0.000261  0.0000562  0.0000663    0.000185    0.000176
1990   7   8  48080   0.188216   0.531658  -0.0463359   0.0009361  -0.000145  -0.000100   0.000286   0.000267  0.0000488  0.0000598    0.000160    0.000157
1990   7   9  48081   0.191305   0.529080  -0.0472975   0.0010199  -0.000305  -0.000193   0.000749   0.001030  0.0000634  0.0000603    0.000173    0.000226
1990   7  10  48082   0.194806   0.525684  -0.0483883   0.0011988  -0.000360  -0.000250   0.000620   0.001167  0.0000717  0.0000684    0.000185    0.000269
1990   7  11  48083   0.198355   0.522379  -0.0496961   0.0014212  -0.000071  -0.000247   0.000479   0.000588  0.0000733  0.0000628    0.000206    0.000278
1990   7  12  48084   0.202529   0.520218  -0.0512177   0.0015971   0.000072  -0.000098   0.000424   0.000383  0.0000538  0.0000677    0.000208    0.000206
1990   7  13  48085   0.205934   0.518752  -0.0528642   0.0016744   0.000061   0.000053   0.000555   0.000492  0.0000622  0.0000818    0.000246    0.000246
1990   7  14  48086   0.209395   0.515981  -0.0545320   0.0016520   0.000219   0.000089   0.001103   0.001135  0.0001099  0.0001137    0.000364    0.000421
1990   7  15  48087   0.212613   0.512742  -0.0561325   0.0015419   0.000435   0.000020   0.001616   0.001916  0.0001652  0.0000878    0.000455    0.000518
1990   7  16  48088   0.215630   0.510471  -0.0575870   0.0013535   0.000527  -0.000097   0.000607   0.000747  0.0000656  0.0001121    0.000254    0.000245
1990   7  17  48089   0.218887   0.508472  -0.0588253   0.0011081   0.000403  -0.000177   0.000391   0.000472  0.0000591  0.0000675    0.000233    0.000219
1990   7  18  48090   0.222519   0.505591  -0.0598094   0.0008532  -0.000065  -0.000107   0.000475   0.000546  0.0000693  0.0000685    0.000264    0.000232
1990   7  19  48091   0.225863   0.502997  -0.0605590   0.0006657  -0.000321  -0.000174   0.000546   0.000464  0.0000780  0.0000699    0.000252    0.000237
1990   7  20  48092   0.228805   0.500907  -0.0611826   0.0006204  -0.000253  -0.000313   0.000477   0.000293  0.0000705  0.0000710    0.000210    0.000202
1990   7  21  48093   0.231795   0.498271  -0.0618434   0.0007300  -0.000114  -0.000158   0.000440   0.000243  0.0000641  0.0000670    0.000249    0.000166
1990   7  22  48094   0.234680   0.495476  -0.0626725   0.0009523   0.000051  -0.000156   0.000385   0.000309  0.0000634  0.0000676    0.000255    0.000191
1990   7  23  48095   0.237226   0.491869  -0.0637542   0.0012134   0.000124  -0.000258   0.000413   0.000468  0.0000710  0.0000787    0.000258    0.000238
1990   7  24  48096   0.239873   0.488284  -0.0650817   0.0014225   0.000074  -0.000311   0.000627   0.000541  0.0000940  0.0000932    0.000264    0.000260
1990   7  25  48097   0.243190   0.485892  -0.0665668   0.0015193  -0.000065  -0.000137   0.000866   0.000706  0.0001154  0.0000939    0.000227    0.000289
1990   7  26  48098   0.246787   0.483636  -0.0680856   0.0015098  -0.000225   0.000011   0.000837   0.000734  0.0000937  0.0000852    0.000271    0.000272
1990   7  27  48099   0.249758   0.479896  -0.0695585   0.0014501  -0.000399   0.000018   0.000603   0.000560  0.0000549  0.0000796    0.000290    0.000197
1990   7  28  48100   0.252456   0.476320  -0.0709684   0.0013802  -0.000387  -0.000064   0.000603   0.000580  0.0000655  0.0000846    0.000348    0.000235
1990   7  29  48101   0.254670   0.473127  -0.0723111   0.0013016  -0.000286  -0.000131   0.000862   0.000917  0.0001144  0.0000720    0.000473    0.000366
1990   7  30  48102   0.256523   0.469682  -0.0735719   0.0012020  -0.000202  -0.000127   0.000930   0.001009  0.0000785  0.0000948    0.000336    0.000272
1990   7  31  48103   0.258942   0.466073  -0.0747227   0.0010760  -0.000140  -0.000046   0.000670   0.000728  0.0000752  0.0000834    0.000305    0.000231
1990   8   1  48104   0.261793   0.462231  -0.0757384   0.0009378  -0.000118   0.000126   0.000577   0.000578  0.0000883  0.0000896    0.000288    0.000193
1990   8   2  48105   0.263459   0.458679  -0.0766188   0.0008357  -0.000130   0.000202   0.000713   0.000725  0.0001040  0.0000962    0.000360    0.000242
1990   8   3  48106   0.264718   0.454896  -0.0774338   0.0008228  -0.000117   0.000153   0.000979   0.001082  0.0001040  0.0001042    0.000452    0.000340
1990   8   4  48107   0.266680   0.451752  -0.0782890   0.0009036   0.000015  -0.000096   0.000957   0.001102  0.0001044  0.0001056    0.000439    0.000327
1990   8   5  48108   0.269452   0.448698  -0.0792635   0.0010579   0.000092  -0.000348   0.001056   0.001238  0.0001073  0.0001045    0.000435    0.000319
1990   8   6  48109   0.271842   0.445770  -0.0804216   0.0012775   0.000005  -0.000422   0.001256   0.001426  0.0001046  0.0000950    0.000366    0.000313
1990   8   7  48110   0.273901   0.442454  -0.0818246   0.0015423  -0.000133  -0.000342   0.000578   0.000612  0.0000828  0.0000967    0.000187    0.000280
1990   8   8  48111   0.276272   0.438459  -0.0834970   0.0018013  -0.000237  -0.000144   0.000605   0.000625  0.0000887  0.0001063    0.000199    0.000292
1990   8   9  48112   0.279217   0.434119  -0.0854016   0.0019842  -0.000199   0.000112   0.000870   0.000786  0.0001299  0.0001178    0.000284    0.000361
1990   8  10  48113   0.280863   0.431052  -0.0874277   0.0020430  -0.000163   0.000325   0.000950   0.000903  0.0001469  0.0001067    0.000515    0.000406
1990   8  11  48114   0.281984   0.428606  -0.0894471   0.0019805  -0.000235   0.000356   0.000539   0.000558  0.0000835  0.0001107    0.000360    0.000261
1990   8  12  48115   0.283538   0.424834  -0.0913566   0.0018323  -0.000470   0.000017   0.000533   0.000559  0.0000745  0.0000808    0.000291    0.000257
1990   8  13  48116   0.285242   0.422303  -0.0930965   0.0016362  -0.000637  -0.000278   0.000627   0.000601  0.0000781  0.0000796    0.000290    0.000297
1990   8  14  48117   0.286724   0.420667  -0.0946341   0.0014279  -0.000592  -0.000338   0.000669   0.000513  0.0000847  0.0000856    0.000313    0.000300
1990   8  15  48118   0.287970   0.416660  -0.0959762   0.0012636  -0.000301  -0.000301   0.000662   0.000557  0.0000931  0.0000780    0.000312    0.000277
1990   8  16  48119   0.288882   0.413329  -0.0971979   0.0012045  -0.000050  -0.000159   0.000486   0.000424  0.0000713  0.0000764    0.000276    0.000197
1990   8  17  48120   0.290347   0.410839  -0.0984254   0.0012789  -0.000207   0.000132   0.000467   0.000427  0.0000597  0.0000645    0.000222    0.000187
1990   8  18  48121   0.292034   0.408154  -0.0997888   0.0014658  -0.000482   0.000327   0.000505   0.000495  0.0000576  0.0000449    0.000202    0.000200
1990   8  19  48122   0.293614   0.404691  -0.1013731   0.0017062  -0.000607   0.000292   0.000710   0.000623  0.0000301  0.0000340    0.000188    0.000189
1990   8  20  48123   0.295521   0.400565  -0.1031954   0.0019320  -0.000597   0.000132   0.000477   0.000352  0.0000104  0.0000202    0.000129    0.000122
1990   8  21  48124   0.297974   0.396504  -0.1052123   0.0020919  -0.000453  -0.000060   0.000289   0.000211  0.0000104  0.0000112    0.000129    0.000122
1990   8  22  48125   0.300117   0.392825  -0.1073443   0.0021638  -0.000158  -0.000103   0.000264   0.000194  0.0000121  0.0000259    0.000144    0.000135
1990   8  23  48126   0.301568   0.389557  -0.1095060   0.0021488   0.000124  -0.000102   0.000580   0.000442  0.0000414  0.0000465    0.000234    0.000203
1990   8  24  48127   0.302894   0.386523  -0.1116168   0.0020557   0.000157  -0.000153   0.000695   0.000539  0.0000810  0.0000589    0.000249    0.000213
1990   8  25  48128   0.304219   0.383294  -0.1136038   0.0018996  -0.000001  -0.000247   0.001234   0.000590  0.0000765  0.0000781    0.000323    0.000229
1990   8  26  48129   0.305299   0.379657  -0.1154131   0.0017055  -0.000222  -0.000353   0.001667   0.000602  0.0000752  0.0000759    0.000350    0.000233
1990   8  27  48130   0.305844   0.375688  -0.1170208   0.0015071  -0.000283  -0.000474   0.001600   0.000599  0.0000753  0.0000831    0.000348    0.000233
1990   8  28  48131   0.305946   0.371737  -0.1184406   0.0013364  -0.000228  -0.000540   0.000610   0.000456  0.0000910  0.0000855    0.000249    0.000266
1990   8  29  48132   0.305842   0.368110  -0.1197131   0.0012140  -0.000111  -0.000496   0.000560   0.000435  0.0000957  0.0000842    0.000235    0.000275
1990   8  30  48133   0.305662   0.365013  -0.1208923   0.0011512  -0.000004  -0.000276   0.000543   0.000436  0.0000774  0.0000759    0.000233    0.000236
1990   8  31  48134   0.305700   0.361430  -0.1220407   0.0011595   0.000109   0.000036   0.000576   0.000495  0.0000560  0.0000662    0.000228    0.000181
1990   9   1  48135   0.306112   0.356858  -0.1232352   0.0012566   0.000315   0.000258   0.000727   0.000629  0.0000551  0.0000555    0.000227    0.000178
1990   9   2  48136   0.306617   0.352732  -0.1245736   0.0014538   0.000533   0.000378   0.001013   0.000881  0.0000550  0.0000591    0.000227    0.000178
1990   9   3  48137   0.307541   0.349252  -0.1261546   0.0017332   0.000650   0.000430   0.001858   0.001808  0.0000631  0.0000599    0.000307    0.000203
1990   9   4  48138   0.309072   0.346041  -0.1280387   0.0020387   0.000602   0.000441   0.001249   0.001659  0.0000647  0.0000666    0.000320    0.000208
1990   9   5  48139   0.310847   0.342674  -0.1302133   0.0022901   0.000363   0.000445   0.000769   0.001314  0.0000701  0.0000805    0.000332    0.000226
1990   9   6  48140   0.312096   0.339011  -0.1325830   0.0024113  -0.000089   0.000494   0.000852   0.001161  0.0000962  0.0000860    0.000365    0.000317
1990   9   7  48141   0.312002   0.335302  -0.1349903   0.0023729  -0.000358   0.000473   0.000659   0.000711  0.0001018  0.0000895    0.000315    0.000303
1990   9   8  48142   0.312116   0.331275  -0.1372872   0.0022007  -0.000426   0.000325   0.000590   0.000411  0.0000829  0.0000881    0.000235    0.000222
1990   9   9  48143   0.313047   0.326678  -0.1393677   0.0019453  -0.000345   0.000155   0.000733   0.000282  0.0000743  0.0000777    0.000184    0.000181
1990   9  10  48144   0.313425   0.321815  -0.1411785   0.0016599  -0.000116   0.000234   0.000578   0.000351  0.0000726  0.0000682    0.000218    0.000179
1990   9  11  48145   0.312705   0.318197  -0.1427113   0.0014215   0.000036   0.000180   0.000480   0.000421  0.0000622  0.0000678    0.000236    0.000149
1990   9  12  48146   0.312226   0.314677  -0.1440593   0.0013222   0.000060   0.000021   0.000489   0.000481  0.0000631  0.0000658    0.000226    0.000155
1990   9  13  48147   0.311927   0.310031  -0.1453959   0.0013968   0.000034  -0.000062   0.000613   0.000634  0.0000695  0.0000610    0.000224    0.000183
1990   9  14  48148   0.311631   0.305646  -0.1468856   0.0016003   0.000018  -0.000011   0.000479   0.000494  0.0000590  0.0000626    0.000214    0.000173
1990   9  15  48149   0.311268   0.301968  -0.1486151   0.0018504   0.000007   0.000113   0.000318   0.000330  0.0000556  0.0000573    0.000210    0.000168
1990   9  16  48150   0.310643   0.298217  -0.1505877   0.0020822   0.000036   0.000155   0.000316   0.000327  0.0000556  0.0000556    0.000210    0.000168
1990   9  17  48151   0.309728   0.294420  -0.1527639   0.0022590   0.000079   0.000149   0.000359   0.000370  0.0000556  0.0000621    0.000210    0.000168
1990   9  18  48152   0.308737   0.290759  -0.1550777   0.0023577   0.000103   0.000151   0.003067   0.001479  0.0000686  0.0000630    0.000274    0.000214
1990   9  19  48153   0.307956   0.287245  -0.1574466   0.0023679   0.000084   0.000183   0.001456   0.001112  0.0000705  0.0000709    0.000283    0.000219
1990   9  20  48154   0.307520   0.283944  -0.1597844   0.0022945   0.000012   0.000260   0.000748   0.000719  0.0000732  0.0000785    0.000290    0.000219
1990   9  21  48155   0.307429   0.280098  -0.1620160   0.0021548  -0.000134   0.000403   0.000713   0.000800  0.0000866  0.0000876    0.000319    0.000216
1990   9  22  48156   0.307238   0.276729  -0.1640858   0.0019785  -0.000177   0.000494   0.000962   0.001106  0.0001021  0.0000886    0.000345    0.000214
1990   9  23  48157   0.306253   0.273981  -0.1659755   0.0018038  -0.000078   0.000487   0.001224   0.001209  0.0000907  0.0000747    0.000306    0.000208
1990   9  24  48158   0.304316   0.270979  -0.1677046   0.0016634   0.000052   0.000402   0.000281   0.000330  0.0000474  0.0000700    0.000167    0.000165
1990   9  25  48159   0.301861   0.267081  -0.1693204   0.0015804   0.000123   0.000272   0.000286   0.000334  0.0000492  0.0000529    0.000174    0.000168
1990   9  26  48160   0.299650   0.262396  -0.1708882   0.0015669   0.000010   0.000128   0.000364   0.000409  0.0000583  0.0000572    0.000209    0.000179
1990   9  27  48161   0.298304   0.258001  -0.1724793   0.0016234  -0.000030   0.000070   0.000468   0.000388  0.0000652  0.0000583    0.000245    0.000194
1990   9  28  48162   0.297725   0.254231  -0.1741594   0.0017439   0.000045   0.000097   0.000443   0.000272  0.0000583  0.0000599    0.000230    0.000210
1990   9  29  48163   0.297232   0.250538  -0.1759883   0.0019275   0.000121   0.000085   0.000457   0.000287  0.0000547  0.0000538    0.000205    0.000202
1990   9  30  48164   0.296541   0.246709  -0.1780299   0.0021665   0.000165   0.000073   0.000524   0.000375  0.0000493  0.0000520    0.000170    0.000184
1990  10   1  48165   0.295758   0.242932  -0.1803273   0.0024235   0.000094   0.000123   0.000740   0.000543  0.0000493  0.0000625    0.000169    0.000183
1990  10   2  48166   0.295067   0.239493  -0.1828683   0.0026414  -0.000038   0.000207   0.001313   0.001197  0.0000757  0.0000692    0.000254    0.000240
1990  10   3  48167   0.294487   0.236541  -0.1855838   0.0027687  -0.000153   0.000286   0.000885   0.000826  0.0000891  0.0000682    0.000296    0.000261
1990  10   4  48168   0.293789   0.233885  -0.1883636   0.0027779  -0.000161   0.000382   0.000845   0.000763  0.0000606  0.0000639    0.000250    0.000238
1990  10   5  48169   0.292420   0.231067  -0.1910922   0.0026651  -0.000095   0.000364   0.000455   0.000312  0.0000388  0.0000484    0.000175    0.000175
1990  10   6  48170   0.290404   0.227548  -0.1936570   0.0024422   0.000015   0.000106   0.000339   0.000163  0.0000363  0.0000399    0.000140    0.000131
1990  10   7  48171   0.287632   0.223929  -0.1959643   0.0021604   0.000072  -0.000117   0.000362   0.000158  0.0000411  0.0000943    0.000147    0.000134
1990  10   8  48172   0.284675   0.220490  -0.1979948   0.0019068   0.000041  -0.000168   0.001333   0.000560  0.0001524  0.0000907    0.000458    0.000460
1990  10   9  48173   0.282523   0.216814  -0.1998167   0.0017554  -0.000063  -0.000054   0.001269   0.001022  0.0001403  0.0001076    0.000450    0.000432
1990  10  10  48174   0.281568   0.212688  -0.2015511   0.0017339  -0.000129   0.000121   0.000567   0.000517  0.0000628  0.0000996    0.000223    0.000215
1990  10  11  48175   0.280819   0.208426  -0.2033218   0.0018233  -0.000084   0.000237   0.000506   0.000416  0.0000588  0.0000614    0.000194    0.000183
1990  10  12  48176   0.278506   0.204601  -0.2052182   0.0019871  -0.000032   0.000010   0.000430   0.000382  0.0000599  0.0000579    0.000203    0.000192
1990  10  13  48177   0.275497   0.201247  -0.2072981   0.0021780  -0.000011  -0.000167   0.000377   0.000367  0.0000569  0.0000543    0.000209    0.000202
1990  10  14  48178   0.273150   0.197932  -0.2095614   0.0023333  -0.000014   0.000009   0.000373   0.000445  0.0000487  0.0000517    0.000167    0.000169
1990  10  15  48179   0.270879   0.194321  -0.2119420   0.0024061  -0.000057   0.000251   0.000410   0.000542  0.0000465  0.0000496    0.000156    0.000159
1990  10  16  48180   0.267862   0.190469  -0.2143463   0.0023922  -0.000177   0.000196   0.000599   0.000741  0.0000506  0.0000592    0.000168    0.000163
1990  10  17  48181   0.265387   0.187262  -0.2166995   0.0023142  -0.000283   0.000024   0.000794   0.000712  0.0000719  0.0000584    0.000233    0.000176
1990  10  18  48182   0.263136   0.184673  -0.2189533   0.0021971  -0.000296  -0.000087   0.000581   0.000414  0.0000662  0.0000630    0.000237    0.000177
1990  10  19  48183   0.260649   0.181806  -0.2210816   0.0020572  -0.000167  -0.000084   0.000437   0.000288  0.0000540  0.0000587    0.000215    0.000178
1990  10  20  48184   0.257816   0.178050  -0.2230661   0.0018979   0.000158   0.000090   0.000433   0.000326  0.0000511  0.0000565    0.000183    0.000177
1990  10  21  48185   0.254468   0.174681  -0.2248854   0.0017466   0.000251   0.000120   0.000509   0.000413  0.0000591  0.0000920    0.000201    0.000207
1990  10  22  48186   0.251062   0.172017  -0.2265751   0.0016570   0.000136   0.000008   0.000812   0.000722  0.0001328  0.0000738    0.000506    0.000345
1990  10  23  48187   0.248316   0.169299  -0.2282206   0.0016567   0.000061  -0.000088   0.000488   0.000450  0.0000885  0.0001117    0.000358    0.000224
1990  10  24  48188   0.246599   0.165994  -0.2299124   0.0017306   0.000144  -0.000050   0.000482   0.000454  0.0000905  0.0000761    0.000306    0.000246
1990  10  25  48189   0.245260   0.162673  -0.2317057   0.0018471   0.000196   0.000060   0.000341   0.000335  0.0000638  0.0000724    0.000183    0.000193
1990  10  26  48190   0.243588   0.159927  -0.2336278   0.0019960  -0.000043   0.000093   0.000370   0.000318  0.0000542  0.0000613    0.000140    0.000151
1990  10  27  48191   0.241130   0.157212  -0.2357138   0.0021939  -0.000207   0.000019   0.000687   0.000493  0.0000588  0.0000628    0.000150    0.000153
1990  10  28  48192   0.239004   0.154073  -0.2380246   0.0024483  -0.000128  -0.000030   0.000714   0.000624  0.0000713  0.0000612    0.000277    0.000199
1990  10  29  48193   0.237946   0.151159  -0.2406093   0.0027098   0.000068   0.000156   0.000467   0.000462  0.0000637  0.0000616    0.000247    0.000233
1990  10  30  48194   0.235823   0.149566  -0.2434292   0.0029127   0.000146   0.000293   0.000389   0.000347  0.0000518  0.0000670    0.000177    0.000230
1990  10  31  48195   0.233555   0.147619  -0.2464038   0.0030109   0.000106   0.000325   0.000523   0.000446  0.0000703  0.0000736    0.000230    0.000297
1990  11   1  48196   0.231925   0.145193  -0.2494082   0.0029664   0.000012   0.000284   0.000643   0.000624  0.0000954  0.0000749    0.000270    0.000268
1990  11   2  48197   0.229887   0.142365  -0.2522938   0.0027772  -0.000041   0.000218   0.000724   0.000731  0.0000795  0.0000744    0.000221    0.000215
1990  11   3  48198   0.227387   0.139759  -0.2549356   0.0024866  -0.000014   0.000150   0.000839   0.000807  0.0000535  0.0000643    0.000168    0.000192
1990  11   4  48199   0.225139   0.137806  -0.2572683   0.0021684   0.000046   0.000067   0.000438   0.000428  0.0000490  0.0000545    0.000158    0.000187
1990  11   5  48200   0.222812   0.135495  -0.2593031   0.0019115   0.000048  -0.000064   0.000444   0.000439  0.0000556  0.0000779    0.000179    0.000212
1990  11   6  48201   0.219236   0.133126  -0.2611391   0.0018003   0.000051  -0.000164   0.000713   0.000884  0.0001067  0.0000607    0.000371    0.000379
1990  11   7  48202   0.214034   0.131396  -0.2629497   0.0018763   0.000110  -0.000168   0.000456   0.000588  0.0000657  0.0000757    0.000244    0.000230
1990  11   8  48203   0.209533   0.129181  -0.2649201   0.0021016   0.000145  -0.000052   0.000358   0.000379  0.0000447  0.0000493    0.000162    0.000179
1990  11   9  48204   0.206822   0.126418  -0.2671579   0.0023700   0.000131   0.000132   0.000321   0.000263  0.0000329  0.0000419    0.000115    0.000160
1990  11  10  48205   0.204751   0.124083  -0.2696457   0.0025696   0.000104   0.000293   0.000384   0.000313  0.0000390  0.0000952    0.000137    0.000190
1990  11  11  48206   0.202287   0.122170  -0.2722724   0.0026471   0.000070   0.000358   0.001345   0.001376  0.0001576  0.0001816    0.000560    0.000516
1990  11  12  48207   0.199194   0.120189  -0.2749131   0.0026202   0.000036   0.000265   0.001722   0.002831  0.0003242  0.0001133    0.000961    0.000592
1990  11  13  48208   0.196104   0.117703  -0.2774887   0.0025333   0.000013   0.000161   0.000648   0.000642  0.0000690  0.0001823    0.000313    0.000264
1990  11  14  48209   0.193374   0.115166  -0.2799606   0.0024109  -0.000005   0.000103   0.000293   0.000284  0.0000405  0.0000623    0.000186    0.000163
1990  11  15  48210   0.190440   0.113167  -0.2822982   0.0022499  -0.000030   0.000128   0.000366   0.000352  0.0000556  0.0000672    0.000222    0.000214
1990  11  16  48211   0.187392   0.111083  -0.2844564   0.0020541  -0.000080   0.000136   0.000649   0.000605  0.0000939  0.0000593    0.000265    0.000305
1990  11  17  48212   0.184313   0.108664  -0.2864115   0.0018592  -0.000127   0.000101   0.000781   0.000639  0.0000631  0.0000751    0.000152    0.000167
1990  11  18  48213   0.181069   0.106413  -0.2881882   0.0017110  -0.000114   0.000065   0.000510   0.000423  0.0000562  0.0000569    0.000141    0.000157
1990  11  19  48214   0.177547   0.104899  -0.2898529   0.0016400  -0.000002   0.000053   0.000393   0.000332  0.0000507  0.0000549    0.000142    0.000168
1990  11  20  48215   0.174184   0.103437  -0.2914908   0.0016530   0.000205   0.000135   0.000404   0.000354  0.0000535  0.0000715    0.000164    0.000194
1990  11  21  48216   0.171127   0.101607  -0.2931817   0.0017396   0.000419   0.000270   0.000591   0.000659  0.0000923  0.0000749    0.000432    0.000318
1990  11  22  48217   0.168082   0.099814  -0.2949905   0.0018855   0.000418   0.000317   0.000608   0.000716  0.0000962  0.0000668    0.000534    0.000331
1990  11  23  48218   0.165067   0.098322  -0.2969685   0.0020754   0.000249   0.000276   0.000351   0.000474  0.0000414  0.0000672    0.000205    0.000175
1990  11  24  48219   0.162215   0.097127  -0.2991502   0.0022885   0.000019   0.000185   0.000328   0.000447  0.0000381  0.0000398    0.000188    0.000163
1990  11  25  48220   0.159467   0.096009  -0.3015461   0.0024975  -0.000121   0.000003   0.000323   0.000412  0.0000382  0.0000402    0.000184    0.000161
1990  11  26  48221   0.156251   0.094791  -0.3041356   0.0026725  -0.000178  -0.000124   0.000235   0.000162  0.0000423  0.0000429    0.000115    0.000125
1990  11  27  48222   0.152248   0.093443  -0.3068695   0.0027856  -0.000168  -0.000072   0.000252   0.000169  0.0000476  0.0000579    0.000121    0.000133
1990  11  28  48223   0.147777   0.092046  -0.3096739   0.0028123  -0.000094   0.000261   0.000402   0.000281  0.0000735  0.0000562    0.000191    0.000209
1990  11  29  48224   0.143890   0.090849  -0.3124557   0.0027353  -0.000083   0.000439   0.000434   0.000416  0.0000648  0.0000583    0.000200    0.000227
1990  11  30  48225   0.139579   0.089429  -0.3151117   0.0025594  -0.000198   0.000291   0.000286   0.000289  0.0000432  0.0000513    0.000138    0.000147
1990  12   1  48226   0.135104   0.087983  -0.3175614   0.0023323  -0.000261   0.000104   0.000249   0.000253  0.0000378  0.0000400    0.000122    0.000127
1990  12   2  48227   0.131328   0.086897  -0.3197916   0.0021357  -0.000175   0.000076   0.000402   0.000405  0.0000369  0.0000364    0.000123    0.000128
1990  12   3  48228   0.128392   0.086180  -0.3218731   0.0020430  -0.000017   0.000146   0.000838   0.000712  0.0000349  0.0000359    0.000173    0.000217
1990  12   4  48229   0.125732   0.085588  -0.3239279   0.0020793   0.000150   0.000276   0.000518   0.000450  0.0000350  0.0000375    0.000174    0.000218
1990  12   5  48230   0.122505   0.084430  -0.3260719   0.0022075   0.000209   0.000404   0.000466   0.000410  0.0000401  0.0000638    0.000195    0.000241
1990  12   6  48231   0.118542   0.082822  -0.3283586   0.0023580   0.000221   0.000488   0.000901   0.000888  0.0000926  0.0000738    0.000334    0.000362
1990  12   7  48232   0.114459   0.081547  -0.3307768   0.0024775   0.000271   0.000437   0.001186   0.001233  0.0001075  0.0000708    0.000354    0.000373
1990  12   8  48233   0.110953   0.080891  -0.3332848   0.0025418   0.000317   0.000302   0.000793   0.000791  0.0000491  0.0000763    0.000193    0.000201
1990  12   9  48234   0.108088   0.080653  -0.3358270   0.0025400   0.000309   0.000170   0.000400   0.000394  0.0000451  0.0000461    0.000179    0.000186
1990  12  10  48235   0.104761   0.080017  -0.3383363   0.0024591   0.000208   0.000212   0.000342   0.000326  0.0000431  0.0000430    0.000163    0.000171
1990  12  11  48236   0.101242   0.078744  -0.3407255   0.0022912   0.000045   0.000271   0.000349   0.000314  0.0000410  0.0000478    0.000140    0.000149
1990  12  12  48237   0.098309   0.077215  -0.3429076   0.0020511  -0.000158   0.000174   0.000424   0.000396  0.0000524  0.0000498    0.000156    0.000174
1990  12  13  48238   0.094908   0.076455  -0.3448244   0.0017938  -0.000256   0.000161   0.000412   0.000415  0.0000586  0.0000472    0.000177    0.000192
1990  12  14  48239   0.090689   0.075958  -0.3464993   0.0015924  -0.000173   0.000317   0.000286   0.000292  0.0000419  0.0000502    0.000180    0.000163
1990  12  15  48240   0.086541   0.074393  -0.3480209   0.0014781   0.000113   0.000596   0.000283   0.000297  0.0000418  0.0000422    0.000150    0.000145
1990  12  16  48241   0.083265   0.072703  -0.3494736   0.0014280   0.000343   0.000759   0.000285   0.000303  0.0000425  0.0000542    0.000137    0.000136
1990  12  17  48242   0.080576   0.071707  -0.3508990   0.0014111   0.000392   0.000691   0.000434   0.000213  0.0000666  0.0000531    0.000195    0.000158
1990  12  18  48243   0.077507   0.071101  -0.3523186   0.0014337   0.000309   0.000433   0.000461   0.000208  0.0000637  0.0000545    0.000198    0.000156
1990  12  19  48244   0.073731   0.070352  -0.3537871   0.0015420   0.000155   0.000027   0.000359   0.000243  0.0000425  0.0000529    0.000150    0.000136
1990  12  20  48245   0.070696   0.069790  -0.3554186   0.0017432  -0.000016  -0.000190   0.000482   0.000404  0.0000421  0.0000947    0.000153    0.000144
1990  12  21  48246   0.068301   0.069504  -0.3572823   0.0019774  -0.000139  -0.000200   0.001514   0.001198  0.0001469  0.0001313    0.000455    0.000322
1990  12  22  48247   0.064949   0.069480  -0.3593734   0.0021876  -0.000140  -0.000231   0.001180   0.001208  0.0002205  0.0001294    0.000552    0.000308
1990  12  23  48248   0.060147   0.069607  -0.3616479   0.0023481  -0.000036  -0.000261   0.000534   0.000705  0.0001119  0.0001647    0.000328    0.000182
1990  12  24  48249   0.055245   0.069630  -0.3640506   0.0024534   0.000125  -0.000218   0.000685   0.000909  0.0001088  0.0001070    0.000321    0.000177
1990  12  25  48250   0.051319   0.069509  -0.3665277   0.0024989   0.000286  -0.000106   0.001356   0.001496  0.0001022  0.0000808    0.000312    0.000177
1990  12  26  48251   0.048099   0.069441  -0.3690169   0.0024689   0.000385   0.000000   0.000463   0.000228  0.0000527  0.0000789    0.000212    0.000179
1990  12  27  48252   0.044389   0.069650  -0.3714360   0.0023507   0.000383   0.000059   0.000382   0.000189  0.0000556  0.0000610    0.000223    0.000190
1990  12  28  48253   0.039508   0.070123  -0.3737005   0.0021599   0.000244   0.000043   0.000494   0.000270  0.0000692  0.0000562    0.000271    0.000252
1990  12  29  48254   0.034666   0.070539  -0.3757589   0.0019519   0.000076  -0.000015   0.000451   0.000361  0.0000569  0.0000577    0.000231    0.000240
1990  12  30  48255   0.030267   0.070609  -0.3776320   0.0018081   0.000029  -0.000076   0.000371   0.000310  0.0000462  0.0000503    0.000191    0.000197
1990  12  31  48256   0.025992   0.070434  -0.3794208   0.0017972   0.000117  -0.000103   0.000356   0.000298  0.0000437  0.0000438    0.000182    0.000186
