

                   INTERNATIONAL EARTH ROTATION SERVICE
                        EARTH ROTATION PARAMETERS
                          EOP (IERS) C04

  
             FORMAT(3(I4),I7,2(F11.6),2(F12.7),2(F12.6),2(F11.6),2(F12.7),2F12.6)
**********************************************************************************
  
      Date      MJD      x          y        UT1-UTC       LOD         dX        dY        x Err     y Err   UT1-UTC Err  Lod Err     dY Err       dY Err  
                         "          "           s           s          "         "           "          "          s         s            "           "
     (0h UTC)

1968   1   1  39856  -0.027100   0.237200   0.0941515   0.0020150   0.000000   0.000000   0.020000   0.020000  0.0015000  0.0010000    0.009000    0.002000
1968   1   2  39857  -0.026700   0.237500   0.0946476   0.0021840   0.000000   0.000000   0.020000   0.020000  0.0015000  0.0010000    0.009000    0.002000
1968   1   3  39858  -0.026400   0.237900   0.0949628   0.0023760   0.000000   0.000000   0.020000   0.020000  0.0015000  0.0010000    0.009000    0.002000
1968   1   4  39859  -0.025999   0.238201   0.0950949   0.0025520   0.000000   0.000000   0.020000   0.020000  0.0015000  0.0010000    0.009000    0.002000
1968   1   5  39860  -0.025599   0.238501   0.0950691   0.0026680   0.000000   0.000000   0.020000   0.020000  0.0015000  0.0010000    0.009000    0.002000
1968   1   6  39861  -0.025099   0.238801   0.0949553   0.0027190   0.000000   0.000000   0.020000   0.020000  0.0015000  0.0010000    0.009000    0.002000
1968   1   7  39862  -0.024699   0.239101   0.0948464   0.0026870   0.000000   0.000000   0.020000   0.020000  0.0015000  0.0010000    0.009000    0.002000
1968   1   8  39863  -0.024198   0.239302   0.0947816   0.0026040   0.000000   0.000000   0.020000   0.020000  0.0015000  0.0010000    0.009000    0.002000
1968   1   9  39864  -0.023698   0.239502   0.0948348   0.0024730   0.000000   0.000000   0.020000   0.020000  0.0015000  0.0010000    0.009000    0.002000
1968   1  10  39865  -0.023198   0.239702   0.0950239   0.0023250   0.000000   0.000000   0.020000   0.020000  0.0015000  0.0010000    0.009000    0.002000
1968   1  11  39866  -0.022698   0.239902   0.0953661   0.0021630   0.000000   0.000000   0.020000   0.020000  0.0015000  0.0010000    0.009000    0.002000
1968   1  12  39867  -0.022197   0.240103   0.0958722   0.0020220   0.000000   0.000000   0.020000   0.020000  0.0015000  0.0010000    0.009000    0.002000
1968   1  13  39868  -0.021697   0.240203   0.0964974   0.0019270   0.000000   0.000000   0.020000   0.020000  0.0015000  0.0010000    0.009000    0.002000
1968   1  14  39869  -0.021197   0.240403   0.0971836   0.0018940   0.000000   0.000000   0.020000   0.020000  0.0015000  0.0010000    0.009000    0.002000
1968   1  15  39870  -0.020696   0.240504   0.0978607   0.0019590   0.000000   0.000000   0.020000   0.020000  0.0015000  0.0010000    0.009000    0.002000
1968   1  16  39871  -0.020196   0.240604   0.0984259   0.0021060   0.000000   0.000000   0.020000   0.020000  0.0015000  0.0010000    0.009000    0.002000
1968   1  17  39872  -0.019696   0.240704   0.0987931   0.0023400   0.000000   0.000000   0.020000   0.020000  0.0015000  0.0010000    0.009000    0.002000
1968   1  18  39873  -0.019196   0.240804   0.0989212   0.0026040   0.000000   0.000000   0.020000   0.020000  0.0015000  0.0010000    0.009000    0.002000
1968   1  19  39874  -0.018695   0.240905   0.0987694   0.0028540   0.000000   0.000000   0.020000   0.020000  0.0015000  0.0010000    0.009000    0.002000
1968   1  20  39875  -0.018195   0.241005   0.0984085   0.0030330   0.000000   0.000000   0.020000   0.020000  0.0015000  0.0010000    0.009000    0.002000
1968   1  21  39876  -0.017695   0.241105   0.0979227   0.0031070   0.000000   0.000000   0.020000   0.020000  0.0015000  0.0010000    0.009000    0.002000
1968   1  22  39877  -0.017095   0.241205   0.0974289   0.0030500   0.000000   0.000000   0.020000   0.020000  0.0015000  0.0010000    0.009000    0.002000
1968   1  23  39878  -0.016594   0.241206   0.0970530   0.0028740   0.000000   0.000000   0.020000   0.020000  0.0015000  0.0010000    0.009000    0.002000
1968   1  24  39879  -0.016094   0.241306   0.0968972   0.0026230   0.000000   0.000000   0.020000   0.020000  0.0015000  0.0010000    0.009000    0.002000
1968   1  25  39880  -0.015594   0.241406   0.0970014   0.0023630   0.000000   0.000000   0.020000   0.020000  0.0015000  0.0010000    0.009000    0.002000
1968   1  26  39881  -0.015093   0.241407   0.0973405   0.0021630   0.000000   0.000000   0.020000   0.020000  0.0015000  0.0010000    0.009000    0.002000
1968   1  27  39882  -0.014593   0.241507   0.0978167   0.0020880   0.000000   0.000000   0.020000   0.020000  0.0015000  0.0010000    0.009000    0.002000
1968   1  28  39883  -0.014093   0.241507   0.0983108   0.0021350   0.000000   0.000000   0.020000   0.020000  0.0015000  0.0010000    0.009000    0.002000
1968   1  29  39884  -0.013493   0.241607   0.0986910   0.0023030   0.000000   0.000000   0.020000   0.020000  0.0015000  0.0010000    0.009000    0.002000
1968   1  30  39885  -0.012992   0.241608   0.0988772   0.0025290   0.000000   0.000000   0.020000   0.020000  0.0015000  0.0010000    0.009000    0.002000
1968   1  31  39886  -0.012392   0.241608   0.0988233   0.0027440   0.000000   0.000000   0.020000   0.020000  0.0015000  0.0010000    0.009000    0.002000
1968   2   1  39887  -0.011792   0.241708  -0.0014225   0.0029160   0.000000   0.000000   0.020000   0.020000  0.0015000  0.0010000    0.009000    0.002000
1968   2   2  39888  -0.011192   0.241708  -0.0018033   0.0030110   0.000000   0.000000   0.020000   0.020000  0.0015000  0.0010000    0.009000    0.002000
1968   2   3  39889  -0.010591   0.241709  -0.0022262   0.0030220   0.000000   0.000000   0.020000   0.020000  0.0015000  0.0010000    0.009000    0.002000
1968   2   4  39890  -0.009991   0.241709  -0.0026420   0.0029700   0.000000   0.000000   0.020000   0.020000  0.0015000  0.0010000    0.009000    0.002000
1968   2   5  39891  -0.009291   0.241709  -0.0029578   0.0028430   0.000000   0.000000   0.020000   0.020000  0.0015000  0.0010000    0.009000    0.002000
1968   2   6  39892  -0.008590   0.241710  -0.0031467   0.0026920   0.000000   0.000000   0.020000   0.020000  0.0015000  0.0010000    0.009000    0.002000
1968   2   7  39893  -0.007890   0.241710  -0.0031575   0.0025320   0.000000   0.000000   0.020000   0.020000  0.0015000  0.0010000    0.009000    0.002000
1968   2   8  39894  -0.007190   0.241610  -0.0030163   0.0023790   0.000000   0.000000   0.020000   0.020000  0.0015000  0.0010000    0.009000    0.002000
1968   2   9  39895  -0.006390   0.241610  -0.0027592   0.0022770   0.000000   0.000000   0.020000   0.020000  0.0015000  0.0010000    0.009000    0.002000
1968   2  10  39896  -0.005689   0.241611  -0.0024110   0.0022300   0.000000   0.000000   0.020000   0.020000  0.0015000  0.0010000    0.009000    0.002000
1968   2  11  39897  -0.004889   0.241511  -0.0020569   0.0022560   0.000000   0.000000   0.020000   0.020000  0.0015000  0.0010000    0.009000    0.002000
1968   2  12  39898  -0.004089   0.241411  -0.0017757   0.0023790   0.000000   0.000000   0.020000   0.020000  0.0015000  0.0010000    0.009000    0.002000
1968   2  13  39899  -0.003288   0.241412  -0.0016645   0.0025930   0.000000   0.000000   0.020000   0.020000  0.0015000  0.0010000    0.009000    0.002000
1968   2  14  39900  -0.002388   0.241312  -0.0017924   0.0028600   0.000000   0.000000   0.020000   0.020000  0.0015000  0.0010000    0.009000    0.002000
1968   2  15  39901  -0.001588   0.241212  -0.0021962   0.0031330   0.000000   0.000000   0.020000   0.020000  0.0015000  0.0010000    0.009000    0.002000
1968   2  16  39902  -0.000688   0.241112  -0.0028470   0.0033340   0.000000   0.000000   0.020000   0.020000  0.0015000  0.0010000    0.009000    0.002000
1968   2  17  39903   0.000213   0.241013  -0.0036529   0.0034230   0.000000   0.000000   0.020000   0.020000  0.0015000  0.0010000    0.009000    0.002000
1968   2  18  39904   0.001113   0.240913  -0.0044537   0.0033420   0.000000   0.000000   0.020000   0.020000  0.0015000  0.0010000    0.009000    0.002000
1968   2  19  39905   0.002013   0.240713  -0.0050915   0.0031250   0.000000   0.000000   0.020000   0.020000  0.0015000  0.0010000    0.009000    0.002000
1968   2  20  39906   0.002913   0.240613  -0.0054834   0.0028210   0.000000   0.000000   0.020000   0.020000  0.0015000  0.0010000    0.009000    0.002000
1968   2  21  39907   0.003814   0.240414  -0.0055592   0.0025130   0.000000   0.000000   0.020000   0.020000  0.0015000  0.0010000    0.009000    0.002000
1968   2  22  39908   0.004814   0.240314  -0.0053390   0.0022600   0.000000   0.000000   0.020000   0.020000  0.0015000  0.0010000    0.009000    0.002000
1968   2  23  39909   0.005714   0.240114  -0.0049259   0.0021040   0.000000   0.000000   0.020000   0.020000  0.0015000  0.0010000    0.009000    0.002000
1968   2  24  39910   0.006615   0.240015  -0.0044087   0.0020850   0.000000   0.000000   0.020000   0.020000  0.0015000  0.0010000    0.009000    0.002000
1968   2  25  39911   0.007615   0.239815  -0.0039445   0.0021820   0.000000   0.000000   0.020000   0.020000  0.0015000  0.0010000    0.009000    0.002000
1968   2  26  39912   0.008515   0.239615  -0.0036184   0.0023640   0.000000   0.000000   0.020000   0.020000  0.0015000  0.0010000    0.009000    0.002000
1968   2  27  39913   0.009515   0.239415  -0.0034892   0.0025580   0.000000   0.000000   0.020000   0.020000  0.0015000  0.0010000    0.009000    0.002000
1968   2  28  39914   0.010416   0.239216  -0.0035430   0.0027310   0.000000   0.000000   0.020000   0.020000  0.0015000  0.0010000    0.009000    0.002000
1968   2  29  39915   0.011416   0.239016  -0.0037469   0.0028440   0.000000   0.000000   0.020000   0.020000  0.0015000  0.0010000    0.009000    0.002000
1968   3   1  39916   0.012316   0.238816  -0.0040207   0.0028610   0.000000   0.000000   0.020000   0.020000  0.0015000  0.0010000    0.009000    0.002000
1968   3   2  39917   0.013216   0.238616  -0.0042696   0.0028040   0.000000   0.000000   0.020000   0.020000  0.0015000  0.0010000    0.009000    0.002000
1968   3   3  39918   0.014117   0.238417  -0.0044264   0.0026800   0.000000   0.000000   0.020000   0.020000  0.0015000  0.0010000    0.009000    0.002000
1968   3   4  39919   0.015017   0.238217  -0.0044352   0.0025220   0.000000   0.000000   0.020000   0.020000  0.0015000  0.0010000    0.009000    0.002000
1968   3   5  39920   0.015817   0.238017  -0.0042841   0.0023450   0.000000   0.000000   0.020000   0.020000  0.0015000  0.0010000    0.009000    0.002000
1968   3   6  39921   0.016718   0.237818  -0.0039489   0.0021790   0.000000   0.000000   0.020000   0.020000  0.0015000  0.0010000    0.009000    0.002000
1968   3   7  39922   0.017518   0.237618  -0.0034637   0.0020390   0.000000   0.000000   0.020000   0.020000  0.0015000  0.0010000    0.009000    0.002000
1968   3   8  39923   0.018318   0.237418  -0.0028656   0.0019660   0.000000   0.000000   0.020000   0.020000  0.0015000  0.0010000    0.009000    0.002000
1968   3   9  39924   0.019018   0.237218  -0.0022314   0.0019710   0.000000   0.000000   0.020000   0.020000  0.0015000  0.0010000    0.009000    0.002000
1968   3  10  39925   0.019819   0.237019  -0.0016472   0.0020660   0.000000   0.000000   0.020000   0.020000  0.0015000  0.0010000    0.009000    0.002000
1968   3  11  39926   0.020519   0.236919  -0.0012061   0.0022480   0.000000   0.000000   0.020000   0.020000  0.0015000  0.0010000    0.009000    0.002000
1968   3  12  39927   0.021119   0.236719  -0.0009909   0.0025140   0.000000   0.000000   0.020000   0.020000  0.0015000  0.0010000    0.009000    0.002000
1968   3  13  39928   0.021819   0.236619  -0.0010667   0.0028200   0.000000   0.000000   0.020000   0.020000  0.0015000  0.0010000    0.009000    0.002000
1968   3  14  39929   0.022420   0.236420  -0.0014516   0.0031000   0.000000   0.000000   0.020000   0.020000  0.0015000  0.0010000    0.009000    0.002000
1968   3  15  39930   0.023020   0.236320  -0.0020604   0.0032750   0.000000   0.000000   0.020000   0.020000  0.0015000  0.0010000    0.009000    0.002000
1968   3  16  39931   0.023520   0.236120  -0.0027572   0.0032900   0.000000   0.000000   0.020000   0.020000  0.0015000  0.0010000    0.009000    0.002000
1968   3  17  39932   0.024121   0.236021  -0.0033931   0.0031370   0.000000   0.000000   0.020000   0.020000  0.0015000  0.0010000    0.009000    0.002000
1968   3  18  39933   0.024621   0.235921  -0.0037979   0.0028590   0.000000   0.000000   0.020000   0.020000  0.0015000  0.0010000    0.009000    0.002000
1968   3  19  39934   0.025021   0.235821  -0.0039067   0.0025290   0.000000   0.000000   0.020000   0.020000  0.0015000  0.0010000    0.009000    0.002000
1968   3  20  39935   0.025521   0.235721  -0.0036916   0.0022430   0.000000   0.000000   0.020000   0.020000  0.0015000  0.0010000    0.009000    0.002000
1968   3  21  39936   0.026022   0.235622  -0.0032494   0.0020740   0.000000   0.000000   0.020000   0.020000  0.0015000  0.0010000    0.009000    0.002000
1968   3  22  39937   0.026422   0.235522  -0.0027042   0.0020490   0.000000   0.000000   0.020000   0.020000  0.0015000  0.0010000    0.009000    0.002000
1968   3  23  39938   0.026822   0.235422  -0.0021971   0.0021350   0.000000   0.000000   0.020000   0.020000  0.0015000  0.0010000    0.009000    0.002000
1968   3  24  39939   0.027322   0.235422  -0.0018229   0.0023060   0.000000   0.000000   0.020000   0.020000  0.0015000  0.0010000    0.009000    0.002000
1968   3  25  39940   0.027723   0.235323  -0.0016397   0.0025200   0.000000   0.000000   0.020000   0.020000  0.0015000  0.0010000    0.009000    0.002000
1968   3  26  39941   0.028123   0.235223  -0.0016676   0.0027200   0.000000   0.000000   0.020000   0.020000  0.0015000  0.0010000    0.009000    0.002000
1968   3  27  39942   0.028523   0.235223  -0.0018824   0.0028770   0.000000   0.000000   0.020000   0.020000  0.0015000  0.0010000    0.009000    0.002000
1968   3  28  39943   0.029024   0.235124  -0.0022052   0.0029550   0.000000   0.000000   0.020000   0.020000  0.0015000  0.0010000    0.009000    0.002000
1968   3  29  39944   0.029424   0.235024  -0.0025841   0.0029600   0.000000   0.000000   0.020000   0.020000  0.0015000  0.0010000    0.009000    0.002000
1968   3  30  39945   0.029924   0.235024  -0.0029299   0.0029000   0.000000   0.000000   0.020000   0.020000  0.0015000  0.0010000    0.009000    0.002000
1968   3  31  39946   0.030424   0.234924  -0.0031747   0.0027730   0.000000   0.000000   0.020000   0.020000  0.0015000  0.0010000    0.009000    0.002000
1968   4   1  39947   0.030925   0.234825  -0.0032865   0.0026280   0.000000   0.000000   0.020000   0.020000  0.0015000  0.0010000    0.009000    0.002000
1968   4   2  39948   0.031425   0.234825  -0.0032504   0.0024830   0.000000   0.000000   0.020000   0.020000  0.0015000  0.0010000    0.009000    0.002000
1968   4   3  39949   0.032025   0.234725  -0.0030822   0.0023870   0.000000   0.000000   0.020000   0.020000  0.0015000  0.0010000    0.009000    0.002000
1968   4   4  39950   0.032525   0.234625  -0.0028610   0.0023430   0.000000   0.000000   0.020000   0.020000  0.0015000  0.0010000    0.009000    0.002000
1968   4   5  39951   0.033226   0.234526  -0.0026099   0.0023590   0.000000   0.000000   0.020000   0.020000  0.0015000  0.0010000    0.009000    0.002000
1968   4   6  39952   0.033826   0.234426  -0.0024157   0.0024470   0.000000   0.000000   0.020000   0.020000  0.0015000  0.0010000    0.009000    0.002000
1968   4   7  39953   0.034426   0.234326  -0.0023445   0.0026260   0.000000   0.000000   0.020000   0.020000  0.0015000  0.0010000    0.009000    0.002000
1968   4   8  39954   0.035127   0.234227  -0.0025064   0.0028930   0.000000   0.000000   0.020000   0.020000  0.0015000  0.0010000    0.009000    0.002000
1968   4   9  39955   0.035827   0.234127  -0.0029812   0.0032340   0.000000   0.000000   0.020000   0.020000  0.0015000  0.0010000    0.009000    0.002000
1968   4  10  39956   0.036627   0.234027  -0.0037900   0.0035600   0.000000   0.000000   0.020000   0.020000  0.0015000  0.0010000    0.009000    0.002000
1968   4  11  39957   0.037327   0.233827  -0.0048909   0.0038260   0.000000   0.000000   0.020000   0.020000  0.0015000  0.0010000    0.009000    0.002000
1968   4  12  39958   0.038128   0.233728  -0.0062057   0.0039370   0.000000   0.000000   0.020000   0.020000  0.0015000  0.0010000    0.009000    0.002000
1968   4  13  39959   0.038928   0.233528  -0.0075355   0.0038710   0.000000   0.000000   0.020000   0.020000  0.0015000  0.0010000    0.009000    0.002000
1968   4  14  39960   0.039828   0.233328  -0.0087034   0.0036310   0.000000   0.000000   0.020000   0.020000  0.0015000  0.0010000    0.009000    0.002000
1968   4  15  39961   0.040628   0.233128  -0.0095752   0.0032960   0.000000   0.000000   0.020000   0.020000  0.0015000  0.0010000    0.009000    0.002000
1968   4  16  39962   0.041429   0.232829  -0.0101060   0.0029570   0.000000   0.000000   0.020000   0.020000  0.0015000  0.0010000    0.009000    0.002000
1968   4  17  39963   0.042329   0.232629  -0.0103409   0.0027120   0.000000   0.000000   0.020000   0.020000  0.0015000  0.0010000    0.009000    0.002000
1968   4  18  39964   0.043129   0.232329  -0.0103977   0.0026080   0.000000   0.000000   0.020000   0.020000  0.0015000  0.0010000    0.009000    0.002000
1968   4  19  39965   0.044030   0.232030  -0.0104135   0.0026230   0.000000   0.000000   0.020000   0.020000  0.0015000  0.0010000    0.009000    0.002000
1968   4  20  39966   0.044830   0.231730  -0.0105074   0.0027560   0.000000   0.000000   0.020000   0.020000  0.0015000  0.0010000    0.009000    0.002000
1968   4  21  39967   0.045730   0.231330  -0.0107502   0.0029220   0.000000   0.000000   0.020000   0.020000  0.0015000  0.0010000    0.009000    0.002000
1968   4  22  39968   0.046530   0.231030  -0.0111580   0.0030800   0.000000   0.000000   0.020000   0.020000  0.0015000  0.0010000    0.009000    0.002000
1968   4  23  39969   0.047331   0.230631  -0.0117028   0.0031910   0.000000   0.000000   0.020000   0.020000  0.0015000  0.0010000    0.009000    0.002000
1968   4  24  39970   0.048131   0.230231  -0.0123257   0.0032230   0.000000   0.000000   0.020000   0.020000  0.0015000  0.0010000    0.009000    0.002000
1968   4  25  39971   0.048931   0.229831  -0.0129435   0.0031890   0.000000   0.000000   0.020000   0.020000  0.0015000  0.0010000    0.009000    0.002000
1968   4  26  39972   0.049731   0.229331  -0.0134983   0.0030900   0.000000   0.000000   0.020000   0.020000  0.0015000  0.0010000    0.009000    0.002000
1968   4  27  39973   0.050432   0.228832  -0.0139132   0.0029210   0.000000   0.000000   0.020000   0.020000  0.0015000  0.0010000    0.009000    0.002000
1968   4  28  39974   0.051132   0.228432  -0.0141370   0.0027140   0.000000   0.000000   0.020000   0.020000  0.0015000  0.0010000    0.009000    0.002000
1968   4  29  39975   0.051832   0.227832  -0.0141558   0.0024970   0.000000   0.000000   0.020000   0.020000  0.0015000  0.0010000    0.009000    0.002000
1968   4  30  39976   0.052433   0.227333  -0.0139667   0.0023100   0.000000   0.000000   0.020000   0.020000  0.0015000  0.0010000    0.009000    0.002000
1968   5   1  39977   0.053033   0.226833  -0.0136115   0.0021690   0.000000   0.000000   0.020000   0.020000  0.0015000  0.0010000    0.009000    0.002000
1968   5   2  39978   0.053633   0.226233  -0.0131363   0.0020940   0.000000   0.000000   0.020000   0.020000  0.0015000  0.0010000    0.009000    0.002000
1968   5   3  39979   0.054133   0.225633  -0.0126342   0.0021060   0.000000   0.000000   0.020000   0.020000  0.0015000  0.0010000    0.009000    0.002000
1968   5   4  39980   0.054634   0.225034  -0.0121850   0.0021900   0.000000   0.000000   0.020000   0.020000  0.0015000  0.0010000    0.009000    0.002000
1968   5   5  39981   0.055034   0.224434  -0.0118608   0.0023640   0.000000   0.000000   0.020000   0.020000  0.0015000  0.0010000    0.009000    0.002000
1968   5   6  39982   0.055534   0.223734  -0.0117456   0.0026050   0.000000   0.000000   0.020000   0.020000  0.0015000  0.0010000    0.009000    0.002000
1968   5   7  39983   0.055835   0.223135  -0.0118935   0.0028730   0.000000   0.000000   0.020000   0.020000  0.0015000  0.0010000    0.009000    0.002000
1968   5   8  39984   0.056235   0.222435  -0.0123163   0.0031320   0.000000   0.000000   0.020000   0.020000  0.0015000  0.0010000    0.009000    0.002000
1968   5   9  39985   0.056535   0.221735  -0.0129491   0.0033130   0.000000   0.000000   0.020000   0.020000  0.0015000  0.0010000    0.009000    0.002000
1968   5  10  39986   0.056735   0.221035  -0.0136920   0.0033350   0.000000   0.000000   0.020000   0.020000  0.0015000  0.0010000    0.009000    0.002000
1968   5  11  39987   0.057036   0.220336  -0.0143798   0.0031840   0.000000   0.000000   0.020000   0.020000  0.0015000  0.0010000    0.009000    0.002000
1968   5  12  39988   0.057236   0.219636  -0.0148336   0.0028970   0.000000   0.000000   0.020000   0.020000  0.0015000  0.0010000    0.009000    0.002000
1968   5  13  39989   0.057336   0.218836  -0.0149765   0.0025690   0.000000   0.000000   0.020000   0.020000  0.0015000  0.0010000    0.009000    0.002000
1968   5  14  39990   0.057536   0.218036  -0.0147993   0.0022850   0.000000   0.000000   0.020000   0.020000  0.0015000  0.0010000    0.009000    0.002000
1968   5  15  39991   0.057637   0.217337  -0.0144191   0.0021410   0.000000   0.000000   0.020000   0.020000  0.0015000  0.0010000    0.009000    0.002000
1968   5  16  39992   0.057737   0.216537  -0.0139539   0.0021530   0.000000   0.000000   0.020000   0.020000  0.0015000  0.0010000    0.009000    0.002000
1968   5  17  39993   0.057837   0.215737  -0.0135778   0.0022890   0.000000   0.000000   0.020000   0.020000  0.0015000  0.0010000    0.009000    0.002000
1968   5  18  39994   0.057938   0.214938  -0.0133726   0.0024970   0.000000   0.000000   0.020000   0.020000  0.0015000  0.0010000    0.009000    0.002000
1968   5  19  39995   0.057938   0.214138  -0.0133794   0.0026930   0.000000   0.000000   0.020000   0.020000  0.0015000  0.0010000    0.009000    0.002000
1968   5  20  39996   0.058038   0.213338  -0.0135613   0.0028410   0.000000   0.000000   0.020000   0.020000  0.0015000  0.0010000    0.009000    0.002000
1968   5  21  39997   0.058038   0.212438  -0.0138671   0.0029280   0.000000   0.000000   0.020000   0.020000  0.0015000  0.0010000    0.009000    0.002000
1968   5  22  39998   0.058039   0.211639  -0.0142019   0.0029300   0.000000   0.000000   0.020000   0.020000  0.0015000  0.0010000    0.009000    0.002000
1968   5  23  39999   0.058039   0.210839  -0.0145128   0.0028610   0.000000   0.000000   0.020000   0.020000  0.0015000  0.0010000    0.009000    0.002000
1968   5  24  40000   0.058039   0.209939  -0.0147136   0.0027330   0.000000   0.000000   0.020000   0.020000  0.0015000  0.0010000    0.009000    0.002000
1968   5  25  40001   0.058039   0.209139  -0.0147744   0.0025650   0.000000   0.000000   0.020000   0.020000  0.0015000  0.0010000    0.009000    0.002000
1968   5  26  40002   0.058140   0.208240  -0.0146472   0.0023700   0.000000   0.000000   0.020000   0.020000  0.0015000  0.0010000    0.009000    0.002000
1968   5  27  40003   0.058140   0.207440  -0.0143371   0.0021960   0.000000   0.000000   0.020000   0.020000  0.0015000  0.0010000    0.009000    0.002000
1968   5  28  40004   0.058140   0.206540  -0.0138719   0.0020620   0.000000   0.000000   0.020000   0.020000  0.0015000  0.0010000    0.009000    0.002000
1968   5  29  40005   0.058141   0.205641  -0.0133027   0.0019900   0.000000   0.000000   0.020000   0.020000  0.0015000  0.0010000    0.009000    0.002000
1968   5  30  40006   0.058141   0.204741  -0.0126886   0.0019840   0.000000   0.000000   0.020000   0.020000  0.0015000  0.0010000    0.009000    0.002000
1968   5  31  40007   0.058141   0.203941  -0.0121074   0.0020580   0.000000   0.000000   0.020000   0.020000  0.0015000  0.0010000    0.009000    0.002000
1968   6   1  40008   0.058241   0.203041  -0.0116382   0.0021960   0.000000   0.000000   0.020000   0.020000  0.0015000  0.0010000    0.009000    0.002000
1968   6   2  40009   0.058242   0.202142  -0.0113490   0.0024040   0.000000   0.000000   0.020000   0.020000  0.0015000  0.0010000    0.009000    0.002000
1968   6   3  40010   0.058342   0.201242  -0.0112679   0.0026380   0.000000   0.000000   0.020000   0.020000  0.0015000  0.0010000    0.009000    0.002000
1968   6   4  40011   0.058442   0.200342  -0.0114247   0.0028600   0.000000   0.000000   0.020000   0.020000  0.0015000  0.0010000    0.009000    0.002000
1968   6   5  40012   0.058542   0.199442  -0.0117895   0.0030370   0.000000   0.000000   0.020000   0.020000  0.0015000  0.0010000    0.009000    0.002000
1968   6   6  40013   0.058643   0.198543  -0.0122824   0.0031050   0.000000   0.000000   0.020000   0.020000  0.0015000  0.0010000    0.009000    0.002000
1968   6   7  40014   0.058843   0.197643  -0.0127712   0.0030160   0.000000   0.000000   0.020000   0.020000  0.0015000  0.0010000    0.009000    0.002000
1968   6   8  40015   0.058943   0.196643  -0.0130850   0.0027830   0.000000   0.000000   0.020000   0.020000  0.0015000  0.0010000    0.009000    0.002000
1968   6   9  40016   0.059144   0.195744  -0.0131259   0.0024600   0.000000   0.000000   0.020000   0.020000  0.0015000  0.0010000    0.009000    0.002000
1968   6  10  40017   0.059344   0.194844  -0.0128247   0.0021390   0.000000   0.000000   0.020000   0.020000  0.0015000  0.0010000    0.009000    0.002000
1968   6  11  40018   0.059544   0.193844  -0.0122455   0.0019140   0.000000   0.000000   0.020000   0.020000  0.0015000  0.0010000    0.009000    0.002000
1968   6  12  40019   0.059744   0.192944  -0.0115133   0.0018390   0.000000   0.000000   0.020000   0.020000  0.0015000  0.0010000    0.009000    0.002000
1968   6  13  40020   0.059945   0.191945  -0.0107832   0.0019030   0.000000   0.000000   0.020000   0.020000  0.0015000  0.0010000    0.009000    0.002000
1968   6  14  40021   0.060245   0.191045  -0.0101800   0.0020610   0.000000   0.000000   0.020000   0.020000  0.0015000  0.0010000    0.009000    0.002000
1968   6  15  40022   0.060545   0.190045  -0.0097428   0.0022400   0.000000   0.000000   0.020000   0.020000  0.0015000  0.0010000    0.009000    0.002000
1968   6  16  40023   0.060745   0.189045  -0.0094656   0.0023760   0.000000   0.000000   0.020000   0.020000  0.0015000  0.0010000    0.009000    0.002000
1968   6  17  40024   0.061046   0.188046  -0.0092765   0.0024120   0.000000   0.000000   0.020000   0.020000  0.0015000  0.0010000    0.009000    0.002000
1968   6  18  40025   0.061346   0.187046  -0.0090803   0.0023720   0.000000   0.000000   0.020000   0.020000  0.0015000  0.0010000    0.009000    0.002000
1968   6  19  40026   0.061646   0.186146  -0.0087931   0.0022550   0.000000   0.000000   0.020000   0.020000  0.0015000  0.0010000    0.009000    0.002000
1968   6  20  40027   0.061947   0.185147  -0.0083790   0.0020780   0.000000   0.000000   0.020000   0.020000  0.0015000  0.0010000    0.009000    0.002000
1968   6  21  40028   0.062347   0.184147  -0.0077568   0.0018720   0.000000   0.000000   0.020000   0.020000  0.0015000  0.0010000    0.009000    0.002000
1968   6  22  40029   0.062647   0.183147  -0.0069256   0.0016360   0.000000   0.000000   0.020000   0.020000  0.0015000  0.0010000    0.009000    0.002000
1968   6  23  40030   0.062947   0.182147  -0.0058404   0.0014080   0.000000   0.000000   0.020000   0.020000  0.0015000  0.0010000    0.009000    0.002000
1968   6  24  40031   0.063248   0.181148  -0.0045613   0.0012220   0.000000   0.000000   0.020000   0.020000  0.0015000  0.0010000    0.009000    0.002000
1968   6  25  40032   0.063548   0.180148  -0.0031241   0.0011040   0.000000   0.000000   0.020000   0.020000  0.0015000  0.0010000    0.009000    0.002000
1968   6  26  40033   0.063848   0.179148  -0.0016039   0.0010600   0.000000   0.000000   0.020000   0.020000  0.0015000  0.0010000    0.009000    0.002000
1968   6  27  40034   0.064148   0.178148  -0.0000808   0.0010980   0.000000   0.000000   0.020000   0.020000  0.0015000  0.0010000    0.009000    0.002000
1968   6  28  40035   0.064449   0.177149   0.0013544   0.0012230   0.000000   0.000000   0.020000   0.020000  0.0015000  0.0010000    0.009000    0.002000
1968   6  29  40036   0.064749   0.176149   0.0026326   0.0014190   0.000000   0.000000   0.020000   0.020000  0.0015000  0.0010000    0.009000    0.002000
1968   6  30  40037   0.065049   0.175249   0.0036958   0.0016480   0.000000   0.000000   0.020000   0.020000  0.0015000  0.0010000    0.009000    0.002000
1968   7   1  40038   0.065350   0.174250   0.0045179   0.0018820   0.000000   0.000000   0.020000   0.020000  0.0015000  0.0010000    0.009000    0.002000
1968   7   2  40039   0.065550   0.173250   0.0051271   0.0020890   0.000000   0.000000   0.020000   0.020000  0.0015000  0.0010000    0.009000    0.002000
1968   7   3  40040   0.065750   0.172350   0.0055513   0.0022060   0.000000   0.000000   0.020000   0.020000  0.0015000  0.0010000    0.009000    0.002000
1968   7   4  40041   0.065950   0.171350   0.0059264   0.0022020   0.000000   0.000000   0.020000   0.020000  0.0015000  0.0010000    0.009000    0.002000
1968   7   5  40042   0.066151   0.170451   0.0063796   0.0020720   0.000000   0.000000   0.020000   0.020000  0.0015000  0.0010000    0.009000    0.002000
1968   7   6  40043   0.066351   0.169551   0.0070058   0.0018450   0.000000   0.000000   0.020000   0.020000  0.0015000  0.0010000    0.009000    0.002000
1968   7   7  40044   0.066451   0.168651   0.0078710   0.0016080   0.000000   0.000000   0.020000   0.020000  0.0015000  0.0010000    0.009000    0.002000
1968   7   8  40045   0.066551   0.167751   0.0089611   0.0014170   0.000000   0.000000   0.020000   0.020000  0.0015000  0.0010000    0.009000    0.002000
1968   7   9  40046   0.066552   0.166852   0.0101843   0.0013410   0.000000   0.000000   0.020000   0.020000  0.0015000  0.0010000    0.009000    0.002000
1968   7  10  40047   0.066652   0.166052   0.0114085   0.0014270   0.000000   0.000000   0.020000   0.020000  0.0015000  0.0010000    0.009000    0.002000
1968   7  11  40048   0.066652   0.165152   0.0124797   0.0016270   0.000000   0.000000   0.020000   0.020000  0.0015000  0.0010000    0.009000    0.002000
1968   7  12  40049   0.066553   0.164353   0.0133158   0.0018930   0.000000   0.000000   0.020000   0.020000  0.0015000  0.0010000    0.009000    0.002000
1968   7  13  40050   0.066453   0.163553   0.0138810   0.0021390   0.000000   0.000000   0.020000   0.020000  0.0015000  0.0010000    0.009000    0.002000
1968   7  14  40051   0.066353   0.162653   0.0142552   0.0022870   0.000000   0.000000   0.020000   0.020000  0.0015000  0.0010000    0.009000    0.002000
1968   7  15  40052   0.066153   0.161853   0.0145203   0.0023470   0.000000   0.000000   0.020000   0.020000  0.0015000  0.0010000    0.009000    0.002000
1968   7  16  40053   0.065954   0.161154   0.0147735   0.0023020   0.000000   0.000000   0.020000   0.020000  0.0015000  0.0010000    0.009000    0.002000
1968   7  17  40054   0.065754   0.160354   0.0151087   0.0021870   0.000000   0.000000   0.020000   0.020000  0.0015000  0.0010000    0.009000    0.002000
1968   7  18  40055   0.065454   0.159554   0.0155949   0.0020260   0.000000   0.000000   0.020000   0.020000  0.0015000  0.0010000    0.009000    0.002000
1968   7  19  40056   0.065154   0.158854   0.0162550   0.0018340   0.000000   0.000000   0.020000   0.020000  0.0015000  0.0010000    0.009000    0.002000
1968   7  20  40057   0.064755   0.158155   0.0171062   0.0016570   0.000000   0.000000   0.020000   0.020000  0.0015000  0.0010000    0.009000    0.002000
1968   7  21  40058   0.064355   0.157455   0.0181214   0.0014990   0.000000   0.000000   0.020000   0.020000  0.0015000  0.0010000    0.009000    0.002000
1968   7  22  40059   0.063855   0.156755   0.0192716   0.0013830   0.000000   0.000000   0.020000   0.020000  0.0015000  0.0010000    0.009000    0.002000
1968   7  23  40060   0.063356   0.156056   0.0205017   0.0013490   0.000000   0.000000   0.020000   0.020000  0.0015000  0.0010000    0.009000    0.002000
1968   7  24  40061   0.062856   0.155356   0.0217359   0.0013970   0.000000   0.000000   0.020000   0.020000  0.0015000  0.0010000    0.009000    0.002000
1968   7  25  40062   0.062256   0.154656   0.0228701   0.0015290   0.000000   0.000000   0.020000   0.020000  0.0015000  0.0010000    0.009000    0.002000
1968   7  26  40063   0.061656   0.154056   0.0238362   0.0017400   0.000000   0.000000   0.020000   0.020000  0.0015000  0.0010000    0.009000    0.002000
1968   7  27  40064   0.060957   0.153457   0.0245664   0.0019830   0.000000   0.000000   0.020000   0.020000  0.0015000  0.0010000    0.009000    0.002000
1968   7  28  40065   0.060257   0.152757   0.0250416   0.0022340   0.000000   0.000000   0.020000   0.020000  0.0015000  0.0010000    0.009000    0.002000
1968   7  29  40066   0.059557   0.152157   0.0252848   0.0024470   0.000000   0.000000   0.020000   0.020000  0.0015000  0.0010000    0.009000    0.002000
1968   7  30  40067   0.058758   0.151658   0.0253689   0.0025670   0.000000   0.000000   0.020000   0.020000  0.0015000  0.0010000    0.009000    0.002000
1968   7  31  40068   0.057958   0.151058   0.0253821   0.0025690   0.000000   0.000000   0.020000   0.020000  0.0015000  0.0010000    0.009000    0.002000
1968   8   1  40069   0.057158   0.150458   0.0254523   0.0024710   0.000000   0.000000   0.020000   0.020000  0.0015000  0.0010000    0.009000    0.002000
1968   8   2  40070   0.056258   0.149958   0.0256595   0.0022730   0.000000   0.000000   0.020000   0.020000  0.0015000  0.0010000    0.009000    0.002000
1968   8   3  40071   0.055359   0.149459   0.0260886   0.0020500   0.000000   0.000000   0.020000   0.020000  0.0015000  0.0010000    0.009000    0.002000
1968   8   4  40072   0.054359   0.148959   0.0267398   0.0018500   0.000000   0.000000   0.020000   0.020000  0.0015000  0.0010000    0.009000    0.002000
1968   8   5  40073   0.053459   0.148459   0.0275450   0.0017500   0.000000   0.000000   0.020000   0.020000  0.0015000  0.0010000    0.009000    0.002000
1968   8   6  40074   0.052459   0.148059   0.0283722   0.0018100   0.000000   0.000000   0.020000   0.020000  0.0015000  0.0010000    0.009000    0.002000
1968   8   7  40075   0.051360   0.147560   0.0290713   0.0019930   0.000000   0.000000   0.020000   0.020000  0.0015000  0.0010000    0.009000    0.002000
1968   8   8  40076   0.050360   0.147160   0.0295375   0.0022520   0.000000   0.000000   0.020000   0.020000  0.0015000  0.0010000    0.009000    0.002000
1968   8   9  40077   0.049260   0.146760   0.0297417   0.0025260   0.000000   0.000000   0.020000   0.020000  0.0015000  0.0010000    0.009000    0.002000
1968   8  10  40078   0.048161   0.146361   0.0296949   0.0027340   0.000000   0.000000   0.020000   0.020000  0.0015000  0.0010000    0.009000    0.002000
1968   8  11  40079   0.047061   0.145961   0.0294870   0.0028440   0.000000   0.000000   0.020000   0.020000  0.0015000  0.0010000    0.009000    0.002000
1968   8  12  40080   0.045961   0.145561   0.0292232   0.0028460   0.000000   0.000000   0.020000   0.020000  0.0015000  0.0010000    0.009000    0.002000
1968   8  13  40081   0.044761   0.145161   0.0290154   0.0027370   0.000000   0.000000   0.020000   0.020000  0.0015000  0.0010000    0.009000    0.002000
1968   8  14  40082   0.043662   0.144762   0.0289505   0.0025660   0.000000   0.000000   0.020000   0.020000  0.0015000  0.0010000    0.009000    0.002000
1968   8  15  40083   0.042462   0.144362   0.0290727   0.0023670   0.000000   0.000000   0.020000   0.020000  0.0015000  0.0010000    0.009000    0.002000
1968   8  16  40084   0.041262   0.144062   0.0294079   0.0021460   0.000000   0.000000   0.020000   0.020000  0.0015000  0.0010000    0.009000    0.002000
1968   8  17  40085   0.040062   0.143662   0.0299611   0.0019520   0.000000   0.000000   0.020000   0.020000  0.0015000  0.0010000    0.009000    0.002000
1968   8  18  40086   0.038863   0.143263   0.0306762   0.0018080   0.000000   0.000000   0.020000   0.020000  0.0015000  0.0010000    0.009000    0.002000
1968   8  19  40087   0.037563   0.142963   0.0315034   0.0017300   0.000000   0.000000   0.020000   0.020000  0.0015000  0.0010000    0.009000    0.002000
1968   8  20  40088   0.036363   0.142563   0.0323686   0.0017340   0.000000   0.000000   0.020000   0.020000  0.0015000  0.0010000    0.009000    0.002000
1968   8  21  40089   0.035164   0.142164   0.0331888   0.0018120   0.000000   0.000000   0.020000   0.020000  0.0015000  0.0010000    0.009000    0.002000
1968   8  22  40090   0.033864   0.141764   0.0339089   0.0019690   0.000000   0.000000   0.020000   0.020000  0.0015000  0.0010000    0.009000    0.002000
1968   8  23  40091   0.032664   0.141464   0.0344211   0.0021940   0.000000   0.000000   0.020000   0.020000  0.0015000  0.0010000    0.009000    0.002000
1968   8  24  40092   0.031364   0.141064   0.0346953   0.0024370   0.000000   0.000000   0.020000   0.020000  0.0015000  0.0010000    0.009000    0.002000
1968   8  25  40093   0.030165   0.140665   0.0347405   0.0026530   0.000000   0.000000   0.020000   0.020000  0.0015000  0.0010000    0.009000    0.002000
1968   8  26  40094   0.028865   0.140265   0.0346006   0.0027870   0.000000   0.000000   0.020000   0.020000  0.0015000  0.0010000    0.009000    0.002000
1968   8  27  40095   0.027665   0.139865   0.0343998   0.0027820   0.000000   0.000000   0.020000   0.020000  0.0015000  0.0010000    0.009000    0.002000
1968   8  28  40096   0.026465   0.139465   0.0342630   0.0026510   0.000000   0.000000   0.020000   0.020000  0.0015000  0.0010000    0.009000    0.002000
1968   8  29  40097   0.025166   0.138966   0.0343132   0.0024170   0.000000   0.000000   0.020000   0.020000  0.0015000  0.0010000    0.009000    0.002000
1968   8  30  40098   0.023966   0.138566   0.0346233   0.0021510   0.000000   0.000000   0.020000   0.020000  0.0015000  0.0010000    0.009000    0.002000
1968   8  31  40099   0.022766   0.138066   0.0351925   0.0019130   0.000000   0.000000   0.020000   0.020000  0.0015000  0.0010000    0.009000    0.002000
1968   9   1  40100   0.021567   0.137667   0.0359377   0.0017750   0.000000   0.000000   0.020000   0.020000  0.0015000  0.0010000    0.009000    0.002000
1968   9   2  40101   0.020367   0.137167   0.0367779   0.0017670   0.000000   0.000000   0.020000   0.020000  0.0015000  0.0010000    0.009000    0.002000
1968   9   3  40102   0.019167   0.136667   0.0375590   0.0018810   0.000000   0.000000   0.020000   0.020000  0.0015000  0.0010000    0.009000    0.002000
1968   9   4  40103   0.017967   0.136167   0.0381532   0.0021050   0.000000   0.000000   0.020000   0.020000  0.0015000  0.0010000    0.009000    0.002000
1968   9   5  40104   0.016768   0.135568   0.0385064   0.0023790   0.000000   0.000000   0.020000   0.020000  0.0015000  0.0010000    0.009000    0.002000
1968   9   6  40105   0.015568   0.135068   0.0385926   0.0026280   0.000000   0.000000   0.020000   0.020000  0.0015000  0.0010000    0.009000    0.002000
1968   9   7  40106   0.014468   0.134468   0.0384677   0.0027870   0.000000   0.000000   0.020000   0.020000  0.0015000  0.0010000    0.009000    0.002000
1968   9   8  40107   0.013268   0.133868   0.0382349   0.0028490   0.000000   0.000000   0.020000   0.020000  0.0015000  0.0010000    0.009000    0.002000
1968   9   9  40108   0.012169   0.133269   0.0379941   0.0027970   0.000000   0.000000   0.020000   0.020000  0.0015000  0.0010000    0.009000    0.002000
1968   9  10  40109   0.010969   0.132669   0.0378483   0.0026750   0.000000   0.000000   0.020000   0.020000  0.0015000  0.0010000    0.009000    0.002000
1968   9  11  40110   0.009869   0.132069   0.0378504   0.0025060   0.000000   0.000000   0.020000   0.020000  0.0015000  0.0010000    0.009000    0.002000
1968   9  12  40111   0.008770   0.131370   0.0380306   0.0023150   0.000000   0.000000   0.020000   0.020000  0.0015000  0.0010000    0.009000    0.002000
1968   9  13  40112   0.007670   0.130670   0.0383948   0.0021440   0.000000   0.000000   0.020000   0.020000  0.0015000  0.0010000    0.009000    0.002000
1968   9  14  40113   0.006570   0.130070   0.0389090   0.0020170   0.000000   0.000000   0.020000   0.020000  0.0015000  0.0010000    0.009000    0.002000
1968   9  15  40114   0.005470   0.129370   0.0395181   0.0019560   0.000000   0.000000   0.020000   0.020000  0.0015000  0.0010000    0.009000    0.002000
1968   9  16  40115   0.004371   0.128571   0.0401613   0.0019710   0.000000   0.000000   0.020000   0.020000  0.0015000  0.0010000    0.009000    0.002000
1968   9  17  40116   0.003271   0.127871   0.0407385   0.0020600   0.000000   0.000000   0.020000   0.020000  0.0015000  0.0010000    0.009000    0.002000
1968   9  18  40117   0.002271   0.127171   0.0411947   0.0022300   0.000000   0.000000   0.020000   0.020000  0.0015000  0.0010000    0.009000    0.002000
1968   9  19  40118   0.001171   0.126371   0.0414458   0.0024690   0.000000   0.000000   0.020000   0.020000  0.0015000  0.0010000    0.009000    0.002000
1968   9  20  40119   0.000072   0.125672   0.0414340   0.0027380   0.000000   0.000000   0.020000   0.020000  0.0015000  0.0010000    0.009000    0.002000
1968   9  21  40120  -0.000928   0.124872   0.0411522   0.0030100   0.000000   0.000000   0.020000   0.020000  0.0015000  0.0010000    0.009000    0.002000
1968   9  22  40121  -0.002028   0.124072   0.0406274   0.0032030   0.000000   0.000000   0.020000   0.020000  0.0015000  0.0010000    0.009000    0.002000
1968   9  23  40122  -0.003127   0.123373   0.0399685   0.0032710   0.000000   0.000000   0.020000   0.020000  0.0015000  0.0010000    0.009000    0.002000
1968   9  24  40123  -0.004227   0.122573   0.0393177   0.0031840   0.000000   0.000000   0.020000   0.020000  0.0015000  0.0010000    0.009000    0.002000
1968   9  25  40124  -0.005327   0.121773   0.0388259   0.0029620   0.000000   0.000000   0.020000   0.020000  0.0015000  0.0010000    0.009000    0.002000
1968   9  26  40125  -0.006427   0.121073   0.0386081   0.0026570   0.000000   0.000000   0.020000   0.020000  0.0015000  0.0010000    0.009000    0.002000
1968   9  27  40126  -0.007526   0.120274   0.0386992   0.0023710   0.000000   0.000000   0.020000   0.020000  0.0015000  0.0010000    0.009000    0.002000
1968   9  28  40127  -0.008626   0.119474   0.0390384   0.0021610   0.000000   0.000000   0.020000   0.020000  0.0015000  0.0010000    0.009000    0.002000
1968   9  29  40128  -0.009826   0.118774   0.0395126   0.0020940   0.000000   0.000000   0.020000   0.020000  0.0015000  0.0010000    0.009000    0.002000
1968   9  30  40129  -0.011026   0.118074   0.0399848   0.0021540   0.000000   0.000000   0.020000   0.020000  0.0015000  0.0010000    0.009000    0.002000
1968  10   1  40130  -0.012225   0.117375   0.0403399   0.0023290   0.000000   0.000000   0.020000   0.020000  0.0015000  0.0010000    0.009000    0.002000
1968  10   2  40131  -0.013425   0.116675   0.0404981   0.0025480   0.000000   0.000000   0.020000   0.020000  0.0015000  0.0010000    0.009000    0.002000
1968  10   3  40132  -0.014725   0.115975   0.0404273   0.0027700   0.000000   0.000000   0.020000   0.020000  0.0015000  0.0010000    0.009000    0.002000
1968  10   4  40133  -0.016024   0.115376   0.0401595   0.0029330   0.000000   0.000000   0.020000   0.020000  0.0015000  0.0010000    0.009000    0.002000
1968  10   5  40134  -0.017324   0.114776   0.0397826   0.0029940   0.000000   0.000000   0.020000   0.020000  0.0015000  0.0010000    0.009000    0.002000
1968  10   6  40135  -0.018724   0.114176   0.0393958   0.0029540   0.000000   0.000000   0.020000   0.020000  0.0015000  0.0010000    0.009000    0.002000
1968  10   7  40136  -0.020124   0.113676   0.0390960   0.0028340   0.000000   0.000000   0.020000   0.020000  0.0015000  0.0010000    0.009000    0.002000
1968  10   8  40137  -0.021623   0.113177   0.0389392   0.0026520   0.000000   0.000000   0.020000   0.020000  0.0015000  0.0010000    0.009000    0.002000
1968  10   9  40138  -0.023123   0.112677   0.0389814   0.0024530   0.000000   0.000000   0.020000   0.020000  0.0015000  0.0010000    0.009000    0.002000
1968  10  10  40139  -0.024723   0.112277   0.0392125   0.0022600   0.000000   0.000000   0.020000   0.020000  0.0015000  0.0010000    0.009000    0.002000
1968  10  11  40140  -0.026323   0.111977   0.0396297   0.0021140   0.000000   0.000000   0.020000   0.020000  0.0015000  0.0010000    0.009000    0.002000
1968  10  12  40141  -0.027922   0.111678   0.0401649   0.0020180   0.000000   0.000000   0.020000   0.020000  0.0015000  0.0010000    0.009000    0.002000
1968  10  13  40142  -0.029622   0.111478   0.0407501   0.0020060   0.000000   0.000000   0.020000   0.020000  0.0015000  0.0010000    0.009000    0.002000
1968  10  14  40143  -0.031422   0.111278   0.0413162   0.0020650   0.000000   0.000000   0.020000   0.020000  0.0015000  0.0010000    0.009000    0.002000
1968  10  15  40144  -0.033221   0.111079   0.0417744   0.0022220   0.000000   0.000000   0.020000   0.020000  0.0015000  0.0010000    0.009000    0.002000
1968  10  16  40145  -0.035021   0.111079   0.0420386   0.0024400   0.000000   0.000000   0.020000   0.020000  0.0015000  0.0010000    0.009000    0.002000
1968  10  17  40146  -0.037021   0.111079   0.0420568   0.0027110   0.000000   0.000000   0.020000   0.020000  0.0015000  0.0010000    0.009000    0.002000
1968  10  18  40147  -0.038921   0.111179   0.0417899   0.0030010   0.000000   0.000000   0.020000   0.020000  0.0015000  0.0010000    0.009000    0.002000
1968  10  19  40148  -0.040920   0.111280   0.0412451   0.0032490   0.000000   0.000000   0.020000   0.020000  0.0015000  0.0010000    0.009000    0.002000
1968  10  20  40149  -0.043020   0.111480   0.0404953   0.0034110   0.000000   0.000000   0.020000   0.020000  0.0015000  0.0010000    0.009000    0.002000
1968  10  21  40150  -0.045120   0.111680   0.0396525   0.0034280   0.000000   0.000000   0.020000   0.020000  0.0015000  0.0010000    0.009000    0.002000
1968  10  22  40151  -0.047319   0.112081   0.0388836   0.0032770   0.000000   0.000000   0.020000   0.020000  0.0015000  0.0010000    0.009000    0.002000
1968  10  23  40152  -0.049519   0.112381   0.0383288   0.0030080   0.000000   0.000000   0.020000   0.020000  0.0015000  0.0010000    0.009000    0.002000
1968  10  24  40153  -0.051719   0.112881   0.0380690   0.0027050   0.000000   0.000000   0.020000   0.020000  0.0015000  0.0010000    0.009000    0.002000
1968  10  25  40154  -0.054019   0.113381   0.0380882   0.0024540   0.000000   0.000000   0.020000   0.020000  0.0015000  0.0010000    0.009000    0.002000
1968  10  26  40155  -0.056418   0.113982   0.0382883   0.0023420   0.000000   0.000000   0.020000   0.020000  0.0015000  0.0010000    0.009000    0.002000
1968  10  27  40156  -0.058818   0.114582   0.0385425   0.0023720   0.000000   0.000000   0.020000   0.020000  0.0015000  0.0010000    0.009000    0.002000
1968  10  28  40157  -0.061218   0.115282   0.0386927   0.0025240   0.000000   0.000000   0.020000   0.020000  0.0015000  0.0010000    0.009000    0.002000
1968  10  29  40158  -0.063618   0.116082   0.0386629   0.0027310   0.000000   0.000000   0.020000   0.020000  0.0015000  0.0010000    0.009000    0.002000
1968  10  30  40159  -0.066117   0.116883   0.0384110   0.0029390   0.000000   0.000000   0.020000   0.020000  0.0015000  0.0010000    0.009000    0.002000
1968  10  31  40160  -0.068617   0.117783   0.0379732   0.0030950   0.000000   0.000000   0.020000   0.020000  0.0015000  0.0010000    0.009000    0.002000
1968  11   1  40161  -0.071217   0.118683   0.0374284   0.0031800   0.000000   0.000000   0.020000   0.020000  0.0015000  0.0010000    0.009000    0.002000
1968  11   2  40162  -0.073716   0.119684   0.0368446   0.0031630   0.000000   0.000000   0.020000   0.020000  0.0015000  0.0010000    0.009000    0.002000
1968  11   3  40163  -0.076316   0.120684   0.0363128   0.0030700   0.000000   0.000000   0.020000   0.020000  0.0015000  0.0010000    0.009000    0.002000
1968  11   4  40164  -0.078816   0.121784   0.0359079   0.0029110   0.000000   0.000000   0.020000   0.020000  0.0015000  0.0010000    0.009000    0.002000
1968  11   5  40165  -0.081416   0.122884   0.0356931   0.0027140   0.000000   0.000000   0.020000   0.020000  0.0015000  0.0010000    0.009000    0.002000
1968  11   6  40166  -0.083915   0.124085   0.0356823   0.0025110   0.000000   0.000000   0.020000   0.020000  0.0015000  0.0010000    0.009000    0.002000
1968  11   7  40167  -0.086515   0.125285   0.0358535   0.0023340   0.000000   0.000000   0.020000   0.020000  0.0015000  0.0010000    0.009000    0.002000
1968  11   8  40168  -0.089015   0.126585   0.0361676   0.0022180   0.000000   0.000000   0.020000   0.020000  0.0015000  0.0010000    0.009000    0.002000
1968  11   9  40169  -0.091515   0.127885   0.0365838   0.0021730   0.000000   0.000000   0.020000   0.020000  0.0015000  0.0010000    0.009000    0.002000
1968  11  10  40170  -0.094014   0.129186   0.0369760   0.0022160   0.000000   0.000000   0.020000   0.020000  0.0015000  0.0010000    0.009000    0.002000
1968  11  11  40171  -0.096514   0.130586   0.0373162   0.0023150   0.000000   0.000000   0.020000   0.020000  0.0015000  0.0010000    0.009000    0.002000
1968  11  12  40172  -0.098914   0.131986   0.0375123   0.0024920   0.000000   0.000000   0.020000   0.020000  0.0015000  0.0010000    0.009000    0.002000
1968  11  13  40173  -0.101313   0.133387   0.0375045   0.0027120   0.000000   0.000000   0.020000   0.020000  0.0015000  0.0010000    0.009000    0.002000
1968  11  14  40174  -0.103713   0.134887   0.0372597   0.0029610   0.000000   0.000000   0.020000   0.020000  0.0015000  0.0010000    0.009000    0.002000
1968  11  15  40175  -0.105913   0.136287   0.0367649   0.0032030   0.000000   0.000000   0.020000   0.020000  0.0015000  0.0010000    0.009000    0.002000
1968  11  16  40176  -0.108213   0.137887   0.0360521   0.0033890   0.000000   0.000000   0.020000   0.020000  0.0015000  0.0010000    0.009000    0.002000
1968  11  17  40177  -0.110312   0.139388   0.0352052   0.0034630   0.000000   0.000000   0.020000   0.020000  0.0015000  0.0010000    0.009000    0.002000
1968  11  18  40178  -0.112412   0.140888   0.0343574   0.0033890   0.000000   0.000000   0.020000   0.020000  0.0015000  0.0010000    0.009000    0.002000
1968  11  19  40179  -0.114412   0.142488   0.0336656   0.0031650   0.000000   0.000000   0.020000   0.020000  0.0015000  0.0010000    0.009000    0.002000
1968  11  20  40180  -0.116412   0.144088   0.0332448   0.0028590   0.000000   0.000000   0.020000   0.020000  0.0015000  0.0010000    0.009000    0.002000
1968  11  21  40181  -0.118211   0.145689   0.0331229   0.0025650   0.000000   0.000000   0.020000   0.020000  0.0015000  0.0010000    0.009000    0.002000
1968  11  22  40182  -0.120011   0.147289   0.0332601   0.0023760   0.000000   0.000000   0.020000   0.020000  0.0015000  0.0010000    0.009000    0.002000
1968  11  23  40183  -0.121711   0.148989   0.0334993   0.0023420   0.000000   0.000000   0.020000   0.020000  0.0015000  0.0010000    0.009000    0.002000
1968  11  24  40184  -0.123310   0.150590   0.0336955   0.0024570   0.000000   0.000000   0.020000   0.020000  0.0015000  0.0010000    0.009000    0.002000
1968  11  25  40185  -0.124810   0.152290   0.0337256   0.0026620   0.000000   0.000000   0.020000   0.020000  0.0015000  0.0010000    0.009000    0.002000
1968  11  26  40186  -0.126210   0.153990   0.0335478   0.0028800   0.000000   0.000000   0.020000   0.020000  0.0015000  0.0010000    0.009000    0.002000
1968  11  27  40187  -0.127510   0.155690   0.0331730   0.0030470   0.000000   0.000000   0.020000   0.020000  0.0015000  0.0010000    0.009000    0.002000
1968  11  28  40188  -0.128709   0.157291   0.0326722   0.0031180   0.000000   0.000000   0.020000   0.020000  0.0015000  0.0010000    0.009000    0.002000
1968  11  29  40189  -0.129909   0.158991   0.0321494   0.0031040   0.000000   0.000000   0.020000   0.020000  0.0015000  0.0010000    0.009000    0.002000
1968  11  30  40190  -0.130909   0.160791   0.0316815   0.0029980   0.000000   0.000000   0.020000   0.020000  0.0015000  0.0010000    0.009000    0.002000
1968  12   1  40191  -0.131809   0.162491   0.0313547   0.0028290   0.000000   0.000000   0.020000   0.020000  0.0015000  0.0010000    0.009000    0.002000
1968  12   2  40192  -0.132708   0.164192   0.0312179   0.0026310   0.000000   0.000000   0.020000   0.020000  0.0015000  0.0010000    0.009000    0.002000
1968  12   3  40193  -0.133408   0.165892   0.0312861   0.0024230   0.000000   0.000000   0.020000   0.020000  0.0015000  0.0010000    0.009000    0.002000
1968  12   4  40194  -0.134108   0.167592   0.0315562   0.0022210   0.000000   0.000000   0.020000   0.020000  0.0015000  0.0010000    0.009000    0.002000
1968  12   5  40195  -0.134707   0.169293   0.0319994   0.0020730   0.000000   0.000000   0.020000   0.020000  0.0015000  0.0010000    0.009000    0.002000
1968  12   6  40196  -0.135207   0.171093   0.0325686   0.0019900   0.000000   0.000000   0.020000   0.020000  0.0015000  0.0010000    0.009000    0.002000
1968  12   7  40197  -0.135607   0.172793   0.0331848   0.0019830   0.000000   0.000000   0.020000   0.020000  0.0015000  0.0010000    0.009000    0.002000
1968  12   8  40198  -0.136007   0.174493   0.0337679   0.0020620   0.000000   0.000000   0.020000   0.020000  0.0015000  0.0010000    0.009000    0.002000
1968  12   9  40199  -0.136306   0.176194   0.0342271   0.0021990   0.000000   0.000000   0.020000   0.020000  0.0015000  0.0010000    0.009000    0.002000
1968  12  10  40200  -0.136506   0.177894   0.0345243   0.0023950   0.000000   0.000000   0.020000   0.020000  0.0015000  0.0010000    0.009000    0.002000
1968  12  11  40201  -0.136606   0.179594   0.0346085   0.0026180   0.000000   0.000000   0.020000   0.020000  0.0015000  0.0010000    0.009000    0.002000
1968  12  12  40202  -0.136706   0.181294   0.0344687   0.0028410   0.000000   0.000000   0.020000   0.020000  0.0015000  0.0010000    0.009000    0.002000
1968  12  13  40203  -0.136805   0.182995   0.0341198   0.0030260   0.000000   0.000000   0.020000   0.020000  0.0015000  0.0010000    0.009000    0.002000
1968  12  14  40204  -0.136705   0.184695   0.0336230   0.0031430   0.000000   0.000000   0.020000   0.020000  0.0015000  0.0010000    0.009000    0.002000
1968  12  15  40205  -0.136705   0.186395   0.0330542   0.0031420   0.000000   0.000000   0.020000   0.020000  0.0015000  0.0010000    0.009000    0.002000
1968  12  16  40206  -0.136504   0.187996   0.0325624   0.0030010   0.000000   0.000000   0.020000   0.020000  0.0015000  0.0010000    0.009000    0.002000
1968  12  17  40207  -0.136404   0.189696   0.0322675   0.0027570   0.000000   0.000000   0.020000   0.020000  0.0015000  0.0010000    0.009000    0.002000
1968  12  18  40208  -0.136204   0.191396   0.0322407   0.0024800   0.000000   0.000000   0.020000   0.020000  0.0015000  0.0010000    0.009000    0.002000
1968  12  19  40209  -0.135904   0.193096   0.0324689   0.0022620   0.000000   0.000000   0.020000   0.020000  0.0015000  0.0010000    0.009000    0.002000
1968  12  20  40210  -0.135603   0.194697   0.0328601   0.0021820   0.000000   0.000000   0.020000   0.020000  0.0015000  0.0010000    0.009000    0.002000
1968  12  21  40211  -0.135303   0.196397   0.0332503   0.0022520   0.000000   0.000000   0.020000   0.020000  0.0015000  0.0010000    0.009000    0.002000
1968  12  22  40212  -0.134903   0.197997   0.0334924   0.0024490   0.000000   0.000000   0.020000   0.020000  0.0015000  0.0010000    0.009000    0.002000
1968  12  23  40213  -0.134503   0.199697   0.0335086   0.0026910   0.000000   0.000000   0.020000   0.020000  0.0015000  0.0010000    0.009000    0.002000
1968  12  24  40214  -0.134102   0.201298   0.0333038   0.0028970   0.000000   0.000000   0.020000   0.020000  0.0015000  0.0010000    0.009000    0.002000
1968  12  25  40215  -0.133702   0.202998   0.0329360   0.0029990   0.000000   0.000000   0.020000   0.020000  0.0015000  0.0010000    0.009000    0.002000
1968  12  26  40216  -0.133202   0.204598   0.0325241   0.0029990   0.000000   0.000000   0.020000   0.020000  0.0015000  0.0010000    0.009000    0.002000
1968  12  27  40217  -0.132701   0.206199   0.0321613   0.0029010   0.000000   0.000000   0.020000   0.020000  0.0015000  0.0010000    0.009000    0.002000
1968  12  28  40218  -0.132201   0.207899   0.0319345   0.0027250   0.000000   0.000000   0.020000   0.020000  0.0015000  0.0010000    0.009000    0.002000
1968  12  29  40219  -0.131601   0.209499   0.0318957   0.0025210   0.000000   0.000000   0.020000   0.020000  0.0015000  0.0010000    0.009000    0.002000
1968  12  30  40220  -0.131101   0.211199   0.0320869   0.0022970   0.000000   0.000000   0.020000   0.020000  0.0015000  0.0010000    0.009000    0.002000
1968  12  31  40221  -0.130500   0.212800   0.0324860   0.0020990   0.000000   0.000000   0.020000   0.020000  0.0015000  0.0010000    0.009000    0.002000
