

                   INTERNATIONAL EARTH ROTATION SERVICE
                        EARTH ROTATION PARAMETERS
                          EOP (IERS) C04

  
             FORMAT(3(I4),I7,2(F11.6),2(F12.7),2(F12.6),2(F11.6),2(F12.7),2F12.6)
**********************************************************************************
  
      Date      MJD      x          y        UT1-UTC       LOD         dX        dY        x Err     y Err   UT1-UTC Err  Lod Err     dY Err       dY Err  
                         "          "           s           s          "         "           "          "          s         s            "           "
     (0h UTC)

1979   1   1  43874   0.138800   0.085000   0.5984263   0.0031970   0.000000   0.000000   0.015000   0.015000  0.0019000  0.0007000    0.005000    0.002000
1979   1   2  43875   0.136500   0.083400   0.5951622   0.0033250   0.000000   0.000000   0.015000   0.015000  0.0019000  0.0007000    0.005000    0.002000
1979   1   3  43876   0.134300   0.081800   0.5918001   0.0034000   0.000000   0.000000   0.015000   0.015000  0.0019000  0.0007000    0.005000    0.002000
1979   1   4  43877   0.132001   0.080201   0.5883829   0.0034110   0.000000   0.000000   0.015000   0.015000  0.0019000  0.0007000    0.005000    0.002000
1979   1   5  43878   0.129601   0.078701   0.5849888   0.0033570   0.000000   0.000000   0.015000   0.015000  0.0019000  0.0007000    0.005000    0.002000
1979   1   6  43879   0.127201   0.077101   0.5816736   0.0032560   0.000000   0.000000   0.015000   0.015000  0.0019000  0.0007000    0.005000    0.002000
1979   1   7  43880   0.124701   0.075601   0.5784855   0.0031180   0.000000   0.000000   0.015000   0.015000  0.0019000  0.0007000    0.005000    0.002000
1979   1   8  43881   0.122102   0.074202   0.5754283   0.0029770   0.000000   0.000000   0.015000   0.015000  0.0019000  0.0007000    0.005000    0.002000
1979   1   9  43882   0.119502   0.072702   0.5725162   0.0028510   0.000000   0.000000   0.015000   0.015000  0.0019000  0.0007000    0.005000    0.002000
1979   1  10  43883   0.116902   0.071302   0.5697150   0.0027440   0.000000   0.000000   0.015000   0.015000  0.0019000  0.0007000    0.005000    0.002000
1979   1  11  43884   0.114103   0.070003   0.5670139   0.0026650   0.000000   0.000000   0.015000   0.015000  0.0019000  0.0007000    0.005000    0.002000
1979   1  12  43885   0.111303   0.068603   0.5643717   0.0026360   0.000000   0.000000   0.015000   0.015000  0.0019000  0.0007000    0.005000    0.002000
1979   1  13  43886   0.108503   0.067303   0.5617396   0.0026330   0.000000   0.000000   0.015000   0.015000  0.0019000  0.0007000    0.005000    0.002000
1979   1  14  43887   0.105603   0.066103   0.5590965   0.0026590   0.000000   0.000000   0.015000   0.015000  0.0019000  0.0007000    0.005000    0.002000
1979   1  15  43888   0.102604   0.064904   0.5564233   0.0027080   0.000000   0.000000   0.015000   0.015000  0.0019000  0.0007000    0.005000    0.002000
1979   1  16  43889   0.099504   0.063704   0.5536742   0.0027800   0.000000   0.000000   0.015000   0.015000  0.0019000  0.0007000    0.005000    0.002000
1979   1  17  43890   0.096504   0.062604   0.5508620   0.0028430   0.000000   0.000000   0.015000   0.015000  0.0019000  0.0007000    0.005000    0.002000
1979   1  18  43891   0.093304   0.061604   0.5479819   0.0029160   0.000000   0.000000   0.015000   0.015000  0.0019000  0.0007000    0.005000    0.002000
1979   1  19  43892   0.090105   0.060605   0.5450467   0.0029590   0.000000   0.000000   0.015000   0.015000  0.0019000  0.0007000    0.005000    0.002000
1979   1  20  43893   0.086905   0.059605   0.5420616   0.0029990   0.000000   0.000000   0.015000   0.015000  0.0019000  0.0007000    0.005000    0.002000
1979   1  21  43894   0.083705   0.058705   0.5390594   0.0030120   0.000000   0.000000   0.015000   0.015000  0.0019000  0.0007000    0.005000    0.002000
1979   1  22  43895   0.080406   0.057906   0.5360443   0.0030110   0.000000   0.000000   0.015000   0.015000  0.0019000  0.0007000    0.005000    0.002000
1979   1  23  43896   0.077106   0.057106   0.5330532   0.0029820   0.000000   0.000000   0.015000   0.015000  0.0019000  0.0007000    0.005000    0.002000
1979   1  24  43897   0.073806   0.056406   0.5300820   0.0029490   0.000000   0.000000   0.015000   0.015000  0.0019000  0.0007000    0.005000    0.002000
1979   1  25  43898   0.070506   0.055806   0.5271489   0.0029340   0.000000   0.000000   0.015000   0.015000  0.0019000  0.0007000    0.005000    0.002000
1979   1  26  43899   0.067207   0.055207   0.5242107   0.0029730   0.000000   0.000000   0.015000   0.015000  0.0019000  0.0007000    0.005000    0.002000
1979   1  27  43900   0.063807   0.054707   0.5211946   0.0030590   0.000000   0.000000   0.015000   0.015000  0.0019000  0.0007000    0.005000    0.002000
1979   1  28  43901   0.060607   0.054307   0.5180644   0.0031940   0.000000   0.000000   0.015000   0.015000  0.0019000  0.0007000    0.005000    0.002000
1979   1  29  43902   0.057307   0.053907   0.5148003   0.0033450   0.000000   0.000000   0.015000   0.015000  0.0019000  0.0007000    0.005000    0.002000
1979   1  30  43903   0.054008   0.053608   0.5113961   0.0034560   0.000000   0.000000   0.015000   0.015000  0.0019000  0.0007000    0.005000    0.002000
1979   1  31  43904   0.050808   0.053408   0.5079010   0.0035090   0.000000   0.000000   0.015000   0.015000  0.0019000  0.0007000    0.005000    0.002000
1979   2   1  43905   0.047608   0.053308   0.5044128   0.0034600   0.000000   0.000000   0.015000   0.015000  0.0019000  0.0007000    0.005000    0.002000
1979   2   2  43906   0.044509   0.053209   0.5010037   0.0033410   0.000000   0.000000   0.015000   0.015000  0.0019000  0.0007000    0.005000    0.002000
1979   2   3  43907   0.041409   0.053209   0.4977356   0.0031790   0.000000   0.000000   0.015000   0.015000  0.0019000  0.0007000    0.005000    0.002000
1979   2   4  43908   0.038309   0.053309   0.4946474   0.0030060   0.000000   0.000000   0.015000   0.015000  0.0019000  0.0007000    0.005000    0.002000
1979   2   5  43909   0.035309   0.053409   0.4917293   0.0028370   0.000000   0.000000   0.015000   0.015000  0.0019000  0.0007000    0.005000    0.002000
1979   2   6  43910   0.032410   0.053710   0.4889641   0.0027000   0.000000   0.000000   0.015000   0.015000  0.0019000  0.0007000    0.005000    0.002000
1979   2   7  43911   0.029510   0.054010   0.4863160   0.0026010   0.000000   0.000000   0.015000   0.015000  0.0019000  0.0007000    0.005000    0.002000
1979   2   8  43912   0.026610   0.054310   0.4837458   0.0025460   0.000000   0.000000   0.015000   0.015000  0.0019000  0.0007000    0.005000    0.002000
1979   2   9  43913   0.023811   0.054811   0.4812007   0.0025310   0.000000   0.000000   0.015000   0.015000  0.0019000  0.0007000    0.005000    0.002000
1979   2  10  43914   0.021111   0.055311   0.4786625   0.0025600   0.000000   0.000000   0.015000   0.015000  0.0019000  0.0007000    0.005000    0.002000
1979   2  11  43915   0.018411   0.055811   0.4760814   0.0026050   0.000000   0.000000   0.015000   0.015000  0.0019000  0.0007000    0.005000    0.002000
1979   2  12  43916   0.015711   0.056511   0.4734463   0.0026630   0.000000   0.000000   0.015000   0.015000  0.0019000  0.0007000    0.005000    0.002000
1979   2  13  43917   0.013112   0.057212   0.4707521   0.0027260   0.000000   0.000000   0.015000   0.015000  0.0019000  0.0007000    0.005000    0.002000
1979   2  14  43918   0.010512   0.058012   0.4679880   0.0027910   0.000000   0.000000   0.015000   0.015000  0.0019000  0.0007000    0.005000    0.002000
1979   2  15  43919   0.007912   0.058812   0.4651758   0.0028370   0.000000   0.000000   0.015000   0.015000  0.0019000  0.0007000    0.005000    0.002000
1979   2  16  43920   0.005312   0.059712   0.4623327   0.0028550   0.000000   0.000000   0.015000   0.015000  0.0019000  0.0007000    0.005000    0.002000
1979   2  17  43921   0.002813   0.060713   0.4594745   0.0028440   0.000000   0.000000   0.015000   0.015000  0.0019000  0.0007000    0.005000    0.002000
1979   2  18  43922   0.000313   0.061813   0.4566424   0.0028070   0.000000   0.000000   0.015000   0.015000  0.0019000  0.0007000    0.005000    0.002000
1979   2  19  43923  -0.002187   0.062913   0.4538572   0.0027620   0.000000   0.000000   0.015000   0.015000  0.0019000  0.0007000    0.005000    0.002000
1979   2  20  43924  -0.004686   0.064114   0.4511191   0.0027140   0.000000   0.000000   0.015000   0.015000  0.0019000  0.0007000    0.005000    0.002000
1979   2  21  43925  -0.007186   0.065314   0.4484250   0.0026800   0.000000   0.000000   0.015000   0.015000  0.0019000  0.0007000    0.005000    0.002000
1979   2  22  43926  -0.009586   0.066614   0.4457468   0.0026920   0.000000   0.000000   0.015000   0.015000  0.0019000  0.0007000    0.005000    0.002000
1979   2  23  43927  -0.012086   0.067914   0.4430207   0.0027580   0.000000   0.000000   0.015000   0.015000  0.0019000  0.0007000    0.005000    0.002000
1979   2  24  43928  -0.014585   0.069415   0.4402005   0.0028930   0.000000   0.000000   0.015000   0.015000  0.0019000  0.0007000    0.005000    0.002000
1979   2  25  43929  -0.017085   0.070815   0.4372324   0.0030570   0.000000   0.000000   0.015000   0.015000  0.0019000  0.0007000    0.005000    0.002000
1979   2  26  43930  -0.019585   0.072315   0.4340862   0.0032210   0.000000   0.000000   0.015000   0.015000  0.0019000  0.0007000    0.005000    0.002000
1979   2  27  43931  -0.022085   0.073915   0.4307961   0.0033460   0.000000   0.000000   0.015000   0.015000  0.0019000  0.0007000    0.005000    0.002000
1979   2  28  43932  -0.024584   0.075516   0.4274319   0.0033780   0.000000   0.000000   0.015000   0.015000  0.0019000  0.0007000    0.005000    0.002000
1979   3   1  43933  -0.027084   0.077116   0.4240708   0.0033190   0.000000   0.000000   0.015000   0.015000  0.0019000  0.0007000    0.005000    0.002000
1979   3   2  43934  -0.029684   0.078716   0.4208067   0.0031900   0.000000   0.000000   0.015000   0.015000  0.0019000  0.0007000    0.005000    0.002000
1979   3   3  43935  -0.032183   0.080417   0.4176905   0.0030380   0.000000   0.000000   0.015000   0.015000  0.0019000  0.0007000    0.005000    0.002000
1979   3   4  43936  -0.034683   0.082117   0.4147414   0.0028770   0.000000   0.000000   0.015000   0.015000  0.0019000  0.0007000    0.005000    0.002000
1979   3   5  43937  -0.037283   0.083817   0.4119392   0.0027420   0.000000   0.000000   0.015000   0.015000  0.0019000  0.0007000    0.005000    0.002000
1979   3   6  43938  -0.039783   0.085517   0.4092521   0.0026490   0.000000   0.000000   0.015000   0.015000  0.0019000  0.0007000    0.005000    0.002000
1979   3   7  43939  -0.042382   0.087218   0.4066359   0.0026000   0.000000   0.000000   0.015000   0.015000  0.0019000  0.0007000    0.005000    0.002000
1979   3   8  43940  -0.044882   0.088918   0.4040348   0.0025970   0.000000   0.000000   0.015000   0.015000  0.0019000  0.0007000    0.005000    0.002000
1979   3   9  43941  -0.047482   0.090718   0.4014276   0.0026330   0.000000   0.000000   0.015000   0.015000  0.0019000  0.0007000    0.005000    0.002000
1979   3  10  43942  -0.049982   0.092418   0.3987685   0.0027000   0.000000   0.000000   0.015000   0.015000  0.0019000  0.0007000    0.005000    0.002000
1979   3  11  43943  -0.052581   0.094119   0.3960324   0.0027860   0.000000   0.000000   0.015000   0.015000  0.0019000  0.0007000    0.005000    0.002000
1979   3  12  43944  -0.055181   0.095819   0.3932032   0.0028800   0.000000   0.000000   0.015000   0.015000  0.0019000  0.0007000    0.005000    0.002000
1979   3  13  43945  -0.057681   0.097419   0.3902821   0.0029700   0.000000   0.000000   0.015000   0.015000  0.0019000  0.0007000    0.005000    0.002000
1979   3  14  43946  -0.060280   0.099120   0.3872689   0.0030440   0.000000   0.000000   0.015000   0.015000  0.0019000  0.0007000    0.005000    0.002000
1979   3  15  43947  -0.062780   0.100820   0.3841948   0.0031020   0.000000   0.000000   0.015000   0.015000  0.0019000  0.0007000    0.005000    0.002000
1979   3  16  43948  -0.065280   0.102420   0.3810876   0.0031160   0.000000   0.000000   0.015000   0.015000  0.0019000  0.0007000    0.005000    0.002000
1979   3  17  43949  -0.067780   0.104120   0.3779725   0.0030960   0.000000   0.000000   0.015000   0.015000  0.0019000  0.0007000    0.005000    0.002000
1979   3  18  43950  -0.070279   0.105721   0.3748934   0.0030520   0.000000   0.000000   0.015000   0.015000  0.0019000  0.0007000    0.005000    0.002000
1979   3  19  43951  -0.072779   0.107321   0.3718622   0.0029990   0.000000   0.000000   0.015000   0.015000  0.0019000  0.0007000    0.005000    0.002000
1979   3  20  43952  -0.075179   0.109021   0.3688811   0.0029570   0.000000   0.000000   0.015000   0.015000  0.0019000  0.0007000    0.005000    0.002000
1979   3  21  43953  -0.077679   0.110621   0.3659369   0.0029470   0.000000   0.000000   0.015000   0.015000  0.0019000  0.0007000    0.005000    0.002000
1979   3  22  43954  -0.080078   0.112222   0.3629808   0.0029760   0.000000   0.000000   0.015000   0.015000  0.0019000  0.0007000    0.005000    0.002000
1979   3  23  43955  -0.082478   0.113822   0.3599646   0.0030620   0.000000   0.000000   0.015000   0.015000  0.0019000  0.0007000    0.005000    0.002000
1979   3  24  43956  -0.084778   0.115522   0.3568385   0.0031980   0.000000   0.000000   0.015000   0.015000  0.0019000  0.0007000    0.005000    0.002000
1979   3  25  43957  -0.087077   0.117123   0.3535613   0.0033590   0.000000   0.000000   0.015000   0.015000  0.0019000  0.0007000    0.005000    0.002000
1979   3  26  43958  -0.089377   0.118823   0.3501152   0.0035030   0.000000   0.000000   0.015000   0.015000  0.0019000  0.0007000    0.005000    0.002000
1979   3  27  43959  -0.091677   0.120523   0.3465651   0.0035870   0.000000   0.000000   0.015000   0.015000  0.0019000  0.0007000    0.005000    0.002000
1979   3  28  43960  -0.093877   0.122223   0.3429729   0.0035830   0.000000   0.000000   0.015000   0.015000  0.0019000  0.0007000    0.005000    0.002000
1979   3  29  43961  -0.096176   0.123924   0.3394278   0.0034920   0.000000   0.000000   0.015000   0.015000  0.0019000  0.0007000    0.005000    0.002000
1979   3  30  43962  -0.098276   0.125724   0.3359986   0.0033400   0.000000   0.000000   0.015000   0.015000  0.0019000  0.0007000    0.005000    0.002000
1979   3  31  43963  -0.100476   0.127524   0.3327445   0.0031750   0.000000   0.000000   0.015000   0.015000  0.0019000  0.0007000    0.005000    0.002000
1979   4   1  43964  -0.102576   0.129324   0.3296543   0.0030130   0.000000   0.000000   0.015000   0.015000  0.0019000  0.0007000    0.005000    0.002000
1979   4   2  43965  -0.104775   0.131225   0.3267072   0.0028960   0.000000   0.000000   0.015000   0.015000  0.0019000  0.0007000    0.005000    0.002000
1979   4   3  43966  -0.106775   0.133125   0.3238571   0.0028140   0.000000   0.000000   0.015000   0.015000  0.0019000  0.0007000    0.005000    0.002000
1979   4   4  43967  -0.108875   0.135125   0.3210639   0.0027790   0.000000   0.000000   0.015000   0.015000  0.0019000  0.0007000    0.005000    0.002000
1979   4   5  43968  -0.110874   0.137126   0.3182738   0.0027970   0.000000   0.000000   0.015000   0.015000  0.0019000  0.0007000    0.005000    0.002000
1979   4   6  43969  -0.112974   0.139226   0.3154566   0.0028420   0.000000   0.000000   0.015000   0.015000  0.0019000  0.0007000    0.005000    0.002000
1979   4   7  43970  -0.114874   0.141326   0.3125715   0.0029220   0.000000   0.000000   0.015000   0.015000  0.0019000  0.0007000    0.005000    0.002000
1979   4   8  43971  -0.116874   0.143426   0.3096073   0.0030150   0.000000   0.000000   0.015000   0.015000  0.0019000  0.0007000    0.005000    0.002000
1979   4   9  43972  -0.118773   0.145627   0.3065412   0.0031080   0.000000   0.000000   0.015000   0.015000  0.0019000  0.0007000    0.005000    0.002000
1979   4  10  43973  -0.120673   0.147927   0.3033951   0.0031910   0.000000   0.000000   0.015000   0.015000  0.0019000  0.0007000    0.005000    0.002000
1979   4  11  43974  -0.122473   0.150127   0.3001669   0.0032610   0.000000   0.000000   0.015000   0.015000  0.0019000  0.0007000    0.005000    0.002000
1979   4  12  43975  -0.124273   0.152527   0.2968818   0.0032910   0.000000   0.000000   0.015000   0.015000  0.0019000  0.0007000    0.005000    0.002000
1979   4  13  43976  -0.125972   0.154828   0.2935866   0.0032940   0.000000   0.000000   0.015000   0.015000  0.0019000  0.0007000    0.005000    0.002000
1979   4  14  43977  -0.127672   0.157228   0.2903145   0.0032540   0.000000   0.000000   0.015000   0.015000  0.0019000  0.0007000    0.005000    0.002000
1979   4  15  43978  -0.129372   0.159728   0.2870843   0.0031930   0.000000   0.000000   0.015000   0.015000  0.0019000  0.0007000    0.005000    0.002000
1979   4  16  43979  -0.130971   0.162229   0.2839172   0.0031350   0.000000   0.000000   0.015000   0.015000  0.0019000  0.0007000    0.005000    0.002000
1979   4  17  43980  -0.132471   0.164729   0.2807971   0.0030920   0.000000   0.000000   0.015000   0.015000  0.0019000  0.0007000    0.005000    0.002000
1979   4  18  43981  -0.133971   0.167229   0.2777079   0.0030940   0.000000   0.000000   0.015000   0.015000  0.0019000  0.0007000    0.005000    0.002000
1979   4  19  43982  -0.135371   0.169829   0.2745898   0.0031410   0.000000   0.000000   0.015000   0.015000  0.0019000  0.0007000    0.005000    0.002000
1979   4  20  43983  -0.136670   0.172330   0.2713986   0.0032470   0.000000   0.000000   0.015000   0.015000  0.0019000  0.0007000    0.005000    0.002000
1979   4  21  43984  -0.137970   0.174930   0.2680945   0.0033660   0.000000   0.000000   0.015000   0.015000  0.0019000  0.0007000    0.005000    0.002000
1979   4  22  43985  -0.139170   0.177530   0.2646663   0.0034880   0.000000   0.000000   0.015000   0.015000  0.0019000  0.0007000    0.005000    0.002000
1979   4  23  43986  -0.140370   0.180130   0.2611182   0.0035870   0.000000   0.000000   0.015000   0.015000  0.0019000  0.0007000    0.005000    0.002000
1979   4  24  43987  -0.141469   0.182631   0.2575231   0.0036110   0.000000   0.000000   0.015000   0.015000  0.0019000  0.0007000    0.005000    0.002000
1979   4  25  43988  -0.142469   0.185231   0.2539339   0.0035530   0.000000   0.000000   0.015000   0.015000  0.0019000  0.0007000    0.005000    0.002000
1979   4  26  43989  -0.143469   0.187731   0.2504418   0.0034130   0.000000   0.000000   0.015000   0.015000  0.0019000  0.0007000    0.005000    0.002000
1979   4  27  43990  -0.144368   0.190232   0.2471146   0.0032380   0.000000   0.000000   0.015000   0.015000  0.0019000  0.0007000    0.005000    0.002000
1979   4  28  43991  -0.145168   0.192732   0.2439785   0.0030560   0.000000   0.000000   0.015000   0.015000  0.0019000  0.0007000    0.005000    0.002000
1979   4  29  43992  -0.145968   0.195132   0.2410043   0.0028860   0.000000   0.000000   0.015000   0.015000  0.0019000  0.0007000    0.005000    0.002000
1979   4  30  43993  -0.146768   0.197632   0.2381802   0.0027670   0.000000   0.000000   0.015000   0.015000  0.0019000  0.0007000    0.005000    0.002000
1979   5   1  43994  -0.147367   0.200033   0.2354451   0.0027040   0.000000   0.000000   0.015000   0.015000  0.0019000  0.0007000    0.005000    0.002000
1979   5   2  43995  -0.148067   0.202333   0.2327589   0.0026850   0.000000   0.000000   0.015000   0.015000  0.0019000  0.0007000    0.005000    0.002000
1979   5   3  43996  -0.148667   0.204733   0.2300708   0.0026950   0.000000   0.000000   0.015000   0.015000  0.0019000  0.0007000    0.005000    0.002000
1979   5   4  43997  -0.149166   0.207034   0.2273566   0.0027450   0.000000   0.000000   0.015000   0.015000  0.0019000  0.0007000    0.005000    0.002000
1979   5   5  43998  -0.149666   0.209334   0.2245825   0.0028140   0.000000   0.000000   0.015000   0.015000  0.0019000  0.0007000    0.005000    0.002000
1979   5   6  43999  -0.150066   0.211534   0.2217363   0.0028780   0.000000   0.000000   0.015000   0.015000  0.0019000  0.0007000    0.005000    0.002000
1979   5   7  44000  -0.150466   0.213834   0.2188202   0.0029450   0.000000   0.000000   0.015000   0.015000  0.0019000  0.0007000    0.005000    0.002000
1979   5   8  44001  -0.150865   0.216035   0.2158541   0.0030050   0.000000   0.000000   0.015000   0.015000  0.0019000  0.0007000    0.005000    0.002000
1979   5   9  44002  -0.151165   0.218235   0.2128279   0.0030290   0.000000   0.000000   0.015000   0.015000  0.0019000  0.0007000    0.005000    0.002000
1979   5  10  44003  -0.151465   0.220435   0.2097948   0.0030320   0.000000   0.000000   0.015000   0.015000  0.0019000  0.0007000    0.005000    0.002000
1979   5  11  44004  -0.151665   0.222635   0.2067846   0.0030000   0.000000   0.000000   0.015000   0.015000  0.0019000  0.0007000    0.005000    0.002000
1979   5  12  44005  -0.151964   0.224836   0.2038135   0.0029390   0.000000   0.000000   0.015000   0.015000  0.0019000  0.0007000    0.005000    0.002000
1979   5  13  44006  -0.152064   0.227036   0.2009103   0.0028570   0.000000   0.000000   0.015000   0.015000  0.0019000  0.0007000    0.005000    0.002000
1979   5  14  44007  -0.152264   0.229136   0.1980842   0.0028000   0.000000   0.000000   0.015000   0.015000  0.0019000  0.0007000    0.005000    0.002000
1979   5  15  44008  -0.152363   0.231337   0.1952971   0.0027720   0.000000   0.000000   0.015000   0.015000  0.0019000  0.0007000    0.005000    0.002000
1979   5  16  44009  -0.152563   0.233537   0.1925219   0.0027970   0.000000   0.000000   0.015000   0.015000  0.0019000  0.0007000    0.005000    0.002000
1979   5  17  44010  -0.152563   0.235737   0.1896938   0.0028630   0.000000   0.000000   0.015000   0.015000  0.0019000  0.0007000    0.005000    0.002000
1979   5  18  44011  -0.152663   0.237937   0.1867946   0.0029510   0.000000   0.000000   0.015000   0.015000  0.0019000  0.0007000    0.005000    0.002000
1979   5  19  44012  -0.152662   0.240038   0.1837805   0.0030560   0.000000   0.000000   0.015000   0.015000  0.0019000  0.0007000    0.005000    0.002000
1979   5  20  44013  -0.152762   0.242338   0.1806884   0.0031280   0.000000   0.000000   0.015000   0.015000  0.0019000  0.0007000    0.005000    0.002000
1979   5  21  44014  -0.152762   0.244538   0.1775412   0.0031500   0.000000   0.000000   0.015000   0.015000  0.0019000  0.0007000    0.005000    0.002000
1979   5  22  44015  -0.152662   0.246738   0.1744101   0.0031080   0.000000   0.000000   0.015000   0.015000  0.0019000  0.0007000    0.005000    0.002000
1979   5  23  44016  -0.152661   0.248939   0.1713559   0.0029900   0.000000   0.000000   0.015000   0.015000  0.0019000  0.0007000    0.005000    0.002000
1979   5  24  44017  -0.152561   0.251239   0.1684358   0.0028320   0.000000   0.000000   0.015000   0.015000  0.0019000  0.0007000    0.005000    0.002000
1979   5  25  44018  -0.152561   0.253439   0.1656986   0.0026420   0.000000   0.000000   0.015000   0.015000  0.0019000  0.0007000    0.005000    0.002000
1979   5  26  44019  -0.152460   0.255740   0.1631375   0.0024720   0.000000   0.000000   0.015000   0.015000  0.0019000  0.0007000    0.005000    0.002000
1979   5  27  44020  -0.152360   0.258040   0.1607544   0.0023230   0.000000   0.000000   0.015000   0.015000  0.0019000  0.0007000    0.005000    0.002000
1979   5  28  44021  -0.152160   0.260240   0.1584872   0.0022180   0.000000   0.000000   0.015000   0.015000  0.0019000  0.0007000    0.005000    0.002000
1979   5  29  44022  -0.152060   0.262540   0.1562941   0.0021560   0.000000   0.000000   0.015000   0.015000  0.0019000  0.0007000    0.005000    0.002000
1979   5  30  44023  -0.151859   0.264841   0.1541529   0.0021430   0.000000   0.000000   0.015000   0.015000  0.0019000  0.0007000    0.005000    0.002000
1979   5  31  44024  -0.151659   0.267241   0.1520078   0.0021530   0.000000   0.000000   0.015000   0.015000  0.0019000  0.0007000    0.005000    0.002000
1979   6   1  44025  -0.151459   0.269541   0.1498397   0.0021940   0.000000   0.000000   0.015000   0.015000  0.0019000  0.0007000    0.005000    0.002000
1979   6   2  44026  -0.151259   0.271841   0.1476235   0.0022360   0.000000   0.000000   0.015000   0.015000  0.0019000  0.0007000    0.005000    0.002000
1979   6   3  44027  -0.151058   0.274142   0.1453594   0.0022840   0.000000   0.000000   0.015000   0.015000  0.0019000  0.0007000    0.005000    0.002000
1979   6   4  44028  -0.150758   0.276542   0.1430512   0.0023280   0.000000   0.000000   0.015000   0.015000  0.0019000  0.0007000    0.005000    0.002000
1979   6   5  44029  -0.150458   0.278842   0.1407201   0.0023410   0.000000   0.000000   0.015000   0.015000  0.0019000  0.0007000    0.005000    0.002000
1979   6   6  44030  -0.150157   0.281243   0.1383860   0.0023390   0.000000   0.000000   0.015000   0.015000  0.0019000  0.0007000    0.005000    0.002000
1979   6   7  44031  -0.149857   0.283543   0.1360518   0.0023170   0.000000   0.000000   0.015000   0.015000  0.0019000  0.0007000    0.005000    0.002000
1979   6   8  44032  -0.149457   0.285943   0.1337537   0.0022760   0.000000   0.000000   0.015000   0.015000  0.0019000  0.0007000    0.005000    0.002000
1979   6   9  44033  -0.149157   0.288243   0.1315165   0.0022160   0.000000   0.000000   0.015000   0.015000  0.0019000  0.0007000    0.005000    0.002000
1979   6  10  44034  -0.148656   0.290644   0.1293314   0.0021570   0.000000   0.000000   0.015000   0.015000  0.0019000  0.0007000    0.005000    0.002000
1979   6  11  44035  -0.148256   0.292944   0.1271922   0.0021260   0.000000   0.000000   0.015000   0.015000  0.0019000  0.0007000    0.005000    0.002000
1979   6  12  44036  -0.147756   0.295244   0.1250511   0.0021570   0.000000   0.000000   0.015000   0.015000  0.0019000  0.0007000    0.005000    0.002000
1979   6  13  44037  -0.147256   0.297644   0.1228610   0.0022430   0.000000   0.000000   0.015000   0.015000  0.0019000  0.0007000    0.005000    0.002000
1979   6  14  44038  -0.146655   0.299945   0.1205618   0.0023680   0.000000   0.000000   0.015000   0.015000  0.0019000  0.0007000    0.005000    0.002000
1979   6  15  44039  -0.146055   0.302245   0.1181307   0.0025010   0.000000   0.000000   0.015000   0.015000  0.0019000  0.0007000    0.005000    0.002000
1979   6  16  44040  -0.145355   0.304545   0.1155685   0.0026090   0.000000   0.000000   0.015000   0.015000  0.0019000  0.0007000    0.005000    0.002000
1979   6  17  44041  -0.144654   0.306846   0.1129294   0.0026670   0.000000   0.000000   0.015000   0.015000  0.0019000  0.0007000    0.005000    0.002000
1979   6  18  44042  -0.143854   0.309146   0.1102653   0.0026520   0.000000   0.000000   0.015000   0.015000  0.0019000  0.0007000    0.005000    0.002000
1979   6  19  44043  -0.143054   0.311446   0.1076441   0.0025890   0.000000   0.000000   0.015000   0.015000  0.0019000  0.0007000    0.005000    0.002000
1979   6  20  44044  -0.142254   0.313746   0.1051020   0.0024790   0.000000   0.000000   0.015000   0.015000  0.0019000  0.0007000    0.005000    0.002000
1979   6  21  44045  -0.141353   0.316047   0.1026928   0.0023370   0.000000   0.000000   0.015000   0.015000  0.0019000  0.0007000    0.005000    0.002000
1979   6  22  44046  -0.140353   0.318347   0.1004267   0.0022080   0.000000   0.000000   0.015000   0.015000  0.0019000  0.0007000    0.005000    0.002000
1979   6  23  44047  -0.139353   0.320547   0.0982776   0.0020930   0.000000   0.000000   0.015000   0.015000  0.0019000  0.0007000    0.005000    0.002000
1979   6  24  44048  -0.138253   0.322847   0.0962264   0.0020190   0.000000   0.000000   0.015000   0.015000  0.0019000  0.0007000    0.005000    0.002000
1979   6  25  44049  -0.137152   0.325048   0.0942163   0.0019970   0.000000   0.000000   0.015000   0.015000  0.0019000  0.0007000    0.005000    0.002000
1979   6  26  44050  -0.136052   0.327348   0.0922181   0.0020060   0.000000   0.000000   0.015000   0.015000  0.0019000  0.0007000    0.005000    0.002000
1979   6  27  44051  -0.134752   0.329548   0.0901940   0.0020360   0.000000   0.000000   0.015000   0.015000  0.0019000  0.0007000    0.005000    0.002000
1979   6  28  44052  -0.133451   0.331749   0.0881379   0.0020900   0.000000   0.000000   0.015000   0.015000  0.0019000  0.0007000    0.005000    0.002000
1979   6  29  44053  -0.132151   0.333949   0.0860197   0.0021460   0.000000   0.000000   0.015000   0.015000  0.0019000  0.0007000    0.005000    0.002000
1979   6  30  44054  -0.130751   0.336149   0.0838356   0.0022040   0.000000   0.000000   0.015000   0.015000  0.0019000  0.0007000    0.005000    0.002000
1979   7   1  44055  -0.129251   0.338349   0.0816164   0.0022400   0.000000   0.000000   0.015000   0.015000  0.0019000  0.0007000    0.005000    0.002000
1979   7   2  44056  -0.127750   0.340450   0.0793623   0.0022660   0.000000   0.000000   0.015000   0.015000  0.0019000  0.0007000    0.005000    0.002000
1979   7   3  44057  -0.126150   0.342650   0.0771012   0.0022590   0.000000   0.000000   0.015000   0.015000  0.0019000  0.0007000    0.005000    0.002000
1979   7   4  44058  -0.124550   0.344750   0.0748520   0.0022370   0.000000   0.000000   0.015000   0.015000  0.0019000  0.0007000    0.005000    0.002000
1979   7   5  44059  -0.122850   0.346850   0.0726349   0.0021820   0.000000   0.000000   0.015000   0.015000  0.0019000  0.0007000    0.005000    0.002000
1979   7   6  44060  -0.121149   0.349051   0.0704827   0.0021180   0.000000   0.000000   0.015000   0.015000  0.0019000  0.0007000    0.005000    0.002000
1979   7   7  44061  -0.119349   0.351051   0.0684006   0.0020380   0.000000   0.000000   0.015000   0.015000  0.0019000  0.0007000    0.005000    0.002000
1979   7   8  44062  -0.117449   0.353151   0.0664025   0.0019740   0.000000   0.000000   0.015000   0.015000  0.0019000  0.0007000    0.005000    0.002000
1979   7   9  44063  -0.115548   0.355252   0.0644293   0.0019620   0.000000   0.000000   0.015000   0.015000  0.0019000  0.0007000    0.005000    0.002000
1979   7  10  44064  -0.113648   0.357252   0.0624592   0.0019980   0.000000   0.000000   0.015000   0.015000  0.0019000  0.0007000    0.005000    0.002000
1979   7  11  44065  -0.111648   0.359252   0.0604150   0.0020960   0.000000   0.000000   0.015000   0.015000  0.0019000  0.0007000    0.005000    0.002000
1979   7  12  44066  -0.109648   0.361252   0.0582589   0.0022070   0.000000   0.000000   0.015000   0.015000  0.0019000  0.0007000    0.005000    0.002000
1979   7  13  44067  -0.107547   0.363253   0.0560078   0.0023090   0.000000   0.000000   0.015000   0.015000  0.0019000  0.0007000    0.005000    0.002000
1979   7  14  44068  -0.105447   0.365153   0.0536706   0.0023440   0.000000   0.000000   0.015000   0.015000  0.0019000  0.0007000    0.005000    0.002000
1979   7  15  44069  -0.103247   0.367153   0.0513345   0.0023140   0.000000   0.000000   0.015000   0.015000  0.0019000  0.0007000    0.005000    0.002000
1979   7  16  44070  -0.101047   0.369053   0.0490643   0.0022150   0.000000   0.000000   0.015000   0.015000  0.0019000  0.0007000    0.005000    0.002000
1979   7  17  44071  -0.098746   0.370854   0.0469312   0.0020650   0.000000   0.000000   0.015000   0.015000  0.0019000  0.0007000    0.005000    0.002000
1979   7  18  44072  -0.096446   0.372754   0.0449531   0.0018920   0.000000   0.000000   0.015000   0.015000  0.0019000  0.0007000    0.005000    0.002000
1979   7  19  44073  -0.094146   0.374554   0.0431459   0.0017220   0.000000   0.000000   0.015000   0.015000  0.0019000  0.0007000    0.005000    0.002000
1979   7  20  44074  -0.091745   0.376255   0.0415008   0.0015870   0.000000   0.000000   0.015000   0.015000  0.0019000  0.0007000    0.005000    0.002000
1979   7  21  44075  -0.089245   0.378055   0.0399696   0.0014800   0.000000   0.000000   0.015000   0.015000  0.0019000  0.0007000    0.005000    0.002000
1979   7  22  44076  -0.086745   0.379655   0.0385145   0.0014380   0.000000   0.000000   0.015000   0.015000  0.0019000  0.0007000    0.005000    0.002000
1979   7  23  44077  -0.084245   0.381355   0.0370804   0.0014280   0.000000   0.000000   0.015000   0.015000  0.0019000  0.0007000    0.005000    0.002000
1979   7  24  44078  -0.081644   0.382956   0.0356382   0.0014610   0.000000   0.000000   0.015000   0.015000  0.0019000  0.0007000    0.005000    0.002000
1979   7  25  44079  -0.079044   0.384556   0.0341491   0.0015190   0.000000   0.000000   0.015000   0.015000  0.0019000  0.0007000    0.005000    0.002000
1979   7  26  44080  -0.076344   0.386056   0.0325949   0.0016000   0.000000   0.000000   0.015000   0.015000  0.0019000  0.0007000    0.005000    0.002000
1979   7  27  44081  -0.073644   0.387556   0.0309578   0.0016750   0.000000   0.000000   0.015000   0.015000  0.0019000  0.0007000    0.005000    0.002000
1979   7  28  44082  -0.070943   0.388957   0.0292367   0.0017520   0.000000   0.000000   0.015000   0.015000  0.0019000  0.0007000    0.005000    0.002000
1979   7  29  44083  -0.068143   0.390257   0.0274485   0.0018100   0.000000   0.000000   0.015000   0.015000  0.0019000  0.0007000    0.005000    0.002000
1979   7  30  44084  -0.065343   0.391657   0.0256134   0.0018550   0.000000   0.000000   0.015000   0.015000  0.0019000  0.0007000    0.005000    0.002000
1979   7  31  44085  -0.062442   0.392858   0.0237382   0.0018840   0.000000   0.000000   0.015000   0.015000  0.0019000  0.0007000    0.005000    0.002000
1979   8   1  44086  -0.059542   0.394058   0.0218541   0.0018920   0.000000   0.000000   0.015000   0.015000  0.0019000  0.0007000    0.005000    0.002000
1979   8   2  44087  -0.056642   0.395258   0.0199700   0.0018840   0.000000   0.000000   0.015000   0.015000  0.0019000  0.0007000    0.005000    0.002000
1979   8   3  44088  -0.053742   0.396358   0.0180868   0.0018710   0.000000   0.000000   0.015000   0.015000  0.0019000  0.0007000    0.005000    0.002000
1979   8   4  44089  -0.050741   0.397459   0.0162237   0.0018670   0.000000   0.000000   0.015000   0.015000  0.0019000  0.0007000    0.005000    0.002000
1979   8   5  44090  -0.047741   0.398459   0.0143425   0.0018940   0.000000   0.000000   0.015000   0.015000  0.0019000  0.0007000    0.005000    0.002000
1979   8   6  44091  -0.044741   0.399359   0.0124074   0.0019850   0.000000   0.000000   0.015000   0.015000  0.0019000  0.0007000    0.005000    0.002000
1979   8   7  44092  -0.041740   0.400260   0.0103613   0.0021260   0.000000   0.000000   0.015000   0.015000  0.0019000  0.0007000    0.005000    0.002000
1979   8   8  44093  -0.038740   0.401060   0.0081381   0.0023110   0.000000   0.000000   0.015000   0.015000  0.0019000  0.0007000    0.005000    0.002000
1979   8   9  44094  -0.035740   0.401860   0.0057360   0.0024900   0.000000   0.000000   0.015000   0.015000  0.0019000  0.0007000    0.005000    0.002000
1979   8  10  44095  -0.032740   0.402660   0.0031729   0.0026340   0.000000   0.000000   0.015000   0.015000  0.0019000  0.0007000    0.005000    0.002000
1979   8  11  44096  -0.029739   0.403361   0.0005067   0.0026850   0.000000   0.000000   0.015000   0.015000  0.0019000  0.0007000    0.005000    0.002000
1979   8  12  44097  -0.026739   0.403961  -0.0021664   0.0026460   0.000000   0.000000   0.015000   0.015000  0.0019000  0.0007000    0.005000    0.002000
1979   8  13  44098  -0.023739   0.404561  -0.0047596   0.0025330   0.000000   0.000000   0.015000   0.015000  0.0019000  0.0007000    0.005000    0.002000
1979   8  14  44099  -0.020839   0.405161  -0.0072187   0.0023710   0.000000   0.000000   0.015000   0.015000  0.0019000  0.0007000    0.005000    0.002000
1979   8  15  44100  -0.017838   0.405662  -0.0095028   0.0021880   0.000000   0.000000   0.015000   0.015000  0.0019000  0.0007000    0.005000    0.002000
1979   8  16  44101  -0.014838   0.406062  -0.0116140   0.0020390   0.000000   0.000000   0.015000   0.015000  0.0019000  0.0007000    0.005000    0.002000
1979   8  17  44102  -0.011938   0.406562  -0.0135841   0.0019220   0.000000   0.000000   0.015000   0.015000  0.0019000  0.0007000    0.005000    0.002000
1979   8  18  44103  -0.009037   0.406963  -0.0154743   0.0018530   0.000000   0.000000   0.015000   0.015000  0.0019000  0.0007000    0.005000    0.002000
1979   8  19  44104  -0.006137   0.407263  -0.0173164   0.0018300   0.000000   0.000000   0.015000   0.015000  0.0019000  0.0007000    0.005000    0.002000
1979   8  20  44105  -0.003337   0.407663  -0.0191465   0.0018350   0.000000   0.000000   0.015000   0.015000  0.0019000  0.0007000    0.005000    0.002000
1979   8  21  44106  -0.000437   0.407963  -0.0209957   0.0018770   0.000000   0.000000   0.015000   0.015000  0.0019000  0.0007000    0.005000    0.002000
1979   8  22  44107   0.002364   0.408164  -0.0228968   0.0019260   0.000000   0.000000   0.015000   0.015000  0.0019000  0.0007000    0.005000    0.002000
1979   8  23  44108   0.005164   0.408464  -0.0248489   0.0019790   0.000000   0.000000   0.015000   0.015000  0.0019000  0.0007000    0.005000    0.002000
1979   8  24  44109   0.007864   0.408664  -0.0268531   0.0020260   0.000000   0.000000   0.015000   0.015000  0.0019000  0.0007000    0.005000    0.002000
1979   8  25  44110   0.010664   0.408964  -0.0288972   0.0020470   0.000000   0.000000   0.015000   0.015000  0.0019000  0.0007000    0.005000    0.002000
1979   8  26  44111   0.013365   0.409165  -0.0309514   0.0020640   0.000000   0.000000   0.015000   0.015000  0.0019000  0.0007000    0.005000    0.002000
1979   8  27  44112   0.015965   0.409365  -0.0330065   0.0020440   0.000000   0.000000   0.015000   0.015000  0.0019000  0.0007000    0.005000    0.002000
1979   8  28  44113   0.018665   0.409465  -0.0350286   0.0020080   0.000000   0.000000   0.015000   0.015000  0.0019000  0.0007000    0.005000    0.002000
1979   8  29  44114   0.021266   0.409666  -0.0370168   0.0019550   0.000000   0.000000   0.015000   0.015000  0.0019000  0.0007000    0.005000    0.002000
1979   8  30  44115   0.023866   0.409866  -0.0389479   0.0019060   0.000000   0.000000   0.015000   0.015000  0.0019000  0.0007000    0.005000    0.002000
1979   8  31  44116   0.026366   0.409966  -0.0408430   0.0018770   0.000000   0.000000   0.015000   0.015000  0.0019000  0.0007000    0.005000    0.002000
1979   9   1  44117   0.028866   0.410066  -0.0427092   0.0018730   0.000000   0.000000   0.015000   0.015000  0.0019000  0.0007000    0.005000    0.002000
1979   9   2  44118   0.031367   0.410267  -0.0446043   0.0019140   0.000000   0.000000   0.015000   0.015000  0.0019000  0.0007000    0.005000    0.002000
1979   9   3  44119   0.033867   0.410367  -0.0465685   0.0020340   0.000000   0.000000   0.015000   0.015000  0.0019000  0.0007000    0.005000    0.002000
1979   9   4  44120   0.036267   0.410467  -0.0486826   0.0022020   0.000000   0.000000   0.015000   0.015000  0.0019000  0.0007000    0.005000    0.002000
1979   9   5  44121   0.038667   0.410467  -0.0509827   0.0024110   0.000000   0.000000   0.015000   0.015000  0.0019000  0.0007000    0.005000    0.002000
1979   9   6  44122   0.040968   0.410568  -0.0534889   0.0026040   0.000000   0.000000   0.015000   0.015000  0.0019000  0.0007000    0.005000    0.002000
1979   9   7  44123   0.043268   0.410568  -0.0561580   0.0027220   0.000000   0.000000   0.015000   0.015000  0.0019000  0.0007000    0.005000    0.002000
1979   9   8  44124   0.045568   0.410568  -0.0589101   0.0027520   0.000000   0.000000   0.015000   0.015000  0.0019000  0.0007000    0.005000    0.002000
1979   9   9  44125   0.047769   0.410569  -0.0616393   0.0026840   0.000000   0.000000   0.015000   0.015000  0.0019000  0.0007000    0.005000    0.002000
1979   9  10  44126   0.049969   0.410469  -0.0642544   0.0025470   0.000000   0.000000   0.015000   0.015000  0.0019000  0.0007000    0.005000    0.002000
1979   9  11  44127   0.052069   0.410469  -0.0667156   0.0023750   0.000000   0.000000   0.015000   0.015000  0.0019000  0.0007000    0.005000    0.002000
1979   9  12  44128   0.054169   0.410369  -0.0689987   0.0022070   0.000000   0.000000   0.015000   0.015000  0.0019000  0.0007000    0.005000    0.002000
1979   9  13  44129   0.056270   0.410170  -0.0711428   0.0020900   0.000000   0.000000   0.015000   0.015000  0.0019000  0.0007000    0.005000    0.002000
1979   9  14  44130   0.058270   0.409970  -0.0731970   0.0020150   0.000000   0.000000   0.015000   0.015000  0.0019000  0.0007000    0.005000    0.002000
1979   9  15  44131   0.060170   0.409770  -0.0751901   0.0019910   0.000000   0.000000   0.015000   0.015000  0.0019000  0.0007000    0.005000    0.002000
1979   9  16  44132   0.062070   0.409570  -0.0771932   0.0020120   0.000000   0.000000   0.015000   0.015000  0.0019000  0.0007000    0.005000    0.002000
1979   9  17  44133   0.063971   0.409271  -0.0792264   0.0020560   0.000000   0.000000   0.015000   0.015000  0.0019000  0.0007000    0.005000    0.002000
1979   9  18  44134   0.065771   0.408971  -0.0813125   0.0021320   0.000000   0.000000   0.015000   0.015000  0.0019000  0.0007000    0.005000    0.002000
1979   9  19  44135   0.067371   0.408571  -0.0834837   0.0022060   0.000000   0.000000   0.015000   0.015000  0.0019000  0.0007000    0.005000    0.002000
1979   9  20  44136   0.069072   0.408172  -0.0857348   0.0022950   0.000000   0.000000   0.015000   0.015000  0.0019000  0.0007000    0.005000    0.002000
1979   9  21  44137   0.070772   0.407772  -0.0880699   0.0023710   0.000000   0.000000   0.015000   0.015000  0.0019000  0.0007000    0.005000    0.002000
1979   9  22  44138   0.072372   0.407272  -0.0904591   0.0024240   0.000000   0.000000   0.015000   0.015000  0.0019000  0.0007000    0.005000    0.002000
1979   9  23  44139   0.073972   0.406772  -0.0928972   0.0024490   0.000000   0.000000   0.015000   0.015000  0.0019000  0.0007000    0.005000    0.002000
1979   9  24  44140   0.075573   0.406173  -0.0953563   0.0024540   0.000000   0.000000   0.015000   0.015000  0.0019000  0.0007000    0.005000    0.002000
1979   9  25  44141   0.077173   0.405673  -0.0977975   0.0024350   0.000000   0.000000   0.015000   0.015000  0.0019000  0.0007000    0.005000    0.002000
1979   9  26  44142   0.078773   0.405073  -0.1002226   0.0024140   0.000000   0.000000   0.015000   0.015000  0.0019000  0.0007000    0.005000    0.002000
1979   9  27  44143   0.080273   0.404373  -0.1026177   0.0023890   0.000000   0.000000   0.015000   0.015000  0.0019000  0.0007000    0.005000    0.002000
1979   9  28  44144   0.081774   0.403774  -0.1049979   0.0023870   0.000000   0.000000   0.015000   0.015000  0.0019000  0.0007000    0.005000    0.002000
1979   9  29  44145   0.083274   0.403074  -0.1074050   0.0024260   0.000000   0.000000   0.015000   0.015000  0.0019000  0.0007000    0.005000    0.002000
1979   9  30  44146   0.084674   0.402374  -0.1098792   0.0025190   0.000000   0.000000   0.015000   0.015000  0.0019000  0.0007000    0.005000    0.002000
1979  10   1  44147   0.085975   0.401675  -0.1124633   0.0026700   0.000000   0.000000   0.015000   0.015000  0.0019000  0.0007000    0.005000    0.002000
1979  10   2  44148   0.087275   0.400975  -0.1152234   0.0028570   0.000000   0.000000   0.015000   0.015000  0.0019000  0.0007000    0.005000    0.002000
1979  10   3  44149   0.088475   0.400175  -0.1181816   0.0030580   0.000000   0.000000   0.015000   0.015000  0.0019000  0.0007000    0.005000    0.002000
1979  10   4  44150   0.089675   0.399375  -0.1213397   0.0032260   0.000000   0.000000   0.015000   0.015000  0.0019000  0.0007000    0.005000    0.002000
1979  10   5  44151   0.090776   0.398576  -0.1246198   0.0033180   0.000000   0.000000   0.015000   0.015000  0.0019000  0.0007000    0.005000    0.002000
1979  10   6  44152   0.091776   0.397776  -0.1279320   0.0033080   0.000000   0.000000   0.015000   0.015000  0.0019000  0.0007000    0.005000    0.002000
1979  10   7  44153   0.092876   0.396976  -0.1311931   0.0031950   0.000000   0.000000   0.015000   0.015000  0.0019000  0.0007000    0.005000    0.002000
1979  10   8  44154   0.093676   0.396176  -0.1343112   0.0030350   0.000000   0.000000   0.015000   0.015000  0.0019000  0.0007000    0.005000    0.002000
1979  10   9  44155   0.094477   0.395277  -0.1372514   0.0028530   0.000000   0.000000   0.015000   0.015000  0.0019000  0.0007000    0.005000    0.002000
1979  10  10  44156   0.095277   0.394377  -0.1400185   0.0026990   0.000000   0.000000   0.015000   0.015000  0.0019000  0.0007000    0.005000    0.002000
1979  10  11  44157   0.095977   0.393477  -0.1426566   0.0025850   0.000000   0.000000   0.015000   0.015000  0.0019000  0.0007000    0.005000    0.002000
1979  10  12  44158   0.096678   0.392478  -0.1452078   0.0025350   0.000000   0.000000   0.015000   0.015000  0.0019000  0.0007000    0.005000    0.002000
1979  10  13  44159   0.097478   0.391478  -0.1477339   0.0025250   0.000000   0.000000   0.015000   0.015000  0.0019000  0.0007000    0.005000    0.002000
1979  10  14  44160   0.098278   0.390478  -0.1502721   0.0025560   0.000000   0.000000   0.015000   0.015000  0.0019000  0.0007000    0.005000    0.002000
1979  10  15  44161   0.099178   0.389478  -0.1528442   0.0026040   0.000000   0.000000   0.015000   0.015000  0.0019000  0.0007000    0.005000    0.002000
1979  10  16  44162   0.100079   0.388479  -0.1554943   0.0026770   0.000000   0.000000   0.015000   0.015000  0.0019000  0.0007000    0.005000    0.002000
1979  10  17  44163   0.101079   0.387479  -0.1581995   0.0027400   0.000000   0.000000   0.015000   0.015000  0.0019000  0.0007000    0.005000    0.002000
1979  10  18  44164   0.102179   0.386479  -0.1609706   0.0027920   0.000000   0.000000   0.015000   0.015000  0.0019000  0.0007000    0.005000    0.002000
1979  10  19  44165   0.103379   0.385479  -0.1637867   0.0028230   0.000000   0.000000   0.015000   0.015000  0.0019000  0.0007000    0.005000    0.002000
1979  10  20  44166   0.104680   0.384480  -0.1666199   0.0028080   0.000000   0.000000   0.015000   0.015000  0.0019000  0.0007000    0.005000    0.002000
1979  10  21  44167   0.105980   0.383580  -0.1694130   0.0027730   0.000000   0.000000   0.015000   0.015000  0.0019000  0.0007000    0.005000    0.002000
1979  10  22  44168   0.107380   0.382680  -0.1721551   0.0027090   0.000000   0.000000   0.015000   0.015000  0.0019000  0.0007000    0.005000    0.002000
1979  10  23  44169   0.108881   0.381681  -0.1748223   0.0026240   0.000000   0.000000   0.015000   0.015000  0.0019000  0.0007000    0.005000    0.002000
1979  10  24  44170   0.110481   0.380681  -0.1774014   0.0025340   0.000000   0.000000   0.015000   0.015000  0.0019000  0.0007000    0.005000    0.002000
1979  10  25  44171   0.112281   0.379681  -0.1798975   0.0024620   0.000000   0.000000   0.015000   0.015000  0.0019000  0.0007000    0.005000    0.002000
1979  10  26  44172   0.113981   0.378581  -0.1823267   0.0024260   0.000000   0.000000   0.015000   0.015000  0.0019000  0.0007000    0.005000    0.002000
1979  10  27  44173   0.115782   0.377382  -0.1847558   0.0024420   0.000000   0.000000   0.015000   0.015000  0.0019000  0.0007000    0.005000    0.002000
1979  10  28  44174   0.117682   0.376182  -0.1872299   0.0025130   0.000000   0.000000   0.015000   0.015000  0.0019000  0.0007000    0.005000    0.002000
1979  10  29  44175   0.119482   0.374882  -0.1897981   0.0026410   0.000000   0.000000   0.015000   0.015000  0.0019000  0.0007000    0.005000    0.002000
1979  10  30  44176   0.121283   0.373583  -0.1925102   0.0027960   0.000000   0.000000   0.015000   0.015000  0.0019000  0.0007000    0.005000    0.002000
1979  10  31  44177   0.123083   0.372183  -0.1953784   0.0029330   0.000000   0.000000   0.015000   0.015000  0.0019000  0.0007000    0.005000    0.002000
1979  11   1  44178   0.124783   0.370683  -0.1983705   0.0030330   0.000000   0.000000   0.015000   0.015000  0.0019000  0.0007000    0.005000    0.002000
1979  11   2  44179   0.126383   0.369083  -0.2014256   0.0030630   0.000000   0.000000   0.015000   0.015000  0.0019000  0.0007000    0.005000    0.002000
1979  11   3  44180   0.127884   0.367484  -0.2044558   0.0029910   0.000000   0.000000   0.015000   0.015000  0.0019000  0.0007000    0.005000    0.002000
1979  11   4  44181   0.129284   0.365884  -0.2073829   0.0028440   0.000000   0.000000   0.015000   0.015000  0.0019000  0.0007000    0.005000    0.002000
1979  11   5  44182   0.130484   0.364084  -0.2101320   0.0026580   0.000000   0.000000   0.015000   0.015000  0.0019000  0.0007000    0.005000    0.002000
1979  11   6  44183   0.131684   0.362284  -0.2127112   0.0024870   0.000000   0.000000   0.015000   0.015000  0.0019000  0.0007000    0.005000    0.002000
1979  11   7  44184   0.132585   0.360485  -0.2151193   0.0023520   0.000000   0.000000   0.015000   0.015000  0.0019000  0.0007000    0.005000    0.002000
1979  11   8  44185   0.133385   0.358585  -0.2174344   0.0022800   0.000000   0.000000   0.015000   0.015000  0.0019000  0.0007000    0.005000    0.002000
1979  11   9  44186   0.134085   0.356685  -0.2196866   0.0022500   0.000000   0.000000   0.015000   0.015000  0.0019000  0.0007000    0.005000    0.002000
1979  11  10  44187   0.134586   0.354686  -0.2219497   0.0022730   0.000000   0.000000   0.015000   0.015000  0.0019000  0.0007000    0.005000    0.002000
1979  11  11  44188   0.134986   0.352586  -0.2242328   0.0023200   0.000000   0.000000   0.015000   0.015000  0.0019000  0.0007000    0.005000    0.002000
1979  11  12  44189   0.135286   0.350486  -0.2265940   0.0023960   0.000000   0.000000   0.015000   0.015000  0.0019000  0.0007000    0.005000    0.002000
1979  11  13  44190   0.135386   0.348386  -0.2290291   0.0024690   0.000000   0.000000   0.015000   0.015000  0.0019000  0.0007000    0.005000    0.002000
1979  11  14  44191   0.135387   0.346287  -0.2315232   0.0025360   0.000000   0.000000   0.015000   0.015000  0.0019000  0.0007000    0.005000    0.002000
1979  11  15  44192   0.135287   0.344087  -0.2340844   0.0025850   0.000000   0.000000   0.015000   0.015000  0.0019000  0.0007000    0.005000    0.002000
1979  11  16  44193   0.135187   0.341987  -0.2366845   0.0026100   0.000000   0.000000   0.015000   0.015000  0.0019000  0.0007000    0.005000    0.002000
1979  11  17  44194   0.134987   0.339787  -0.2392866   0.0025990   0.000000   0.000000   0.015000   0.015000  0.0019000  0.0007000    0.005000    0.002000
1979  11  18  44195   0.134788   0.337588  -0.2418818   0.0025690   0.000000   0.000000   0.015000   0.015000  0.0019000  0.0007000    0.005000    0.002000
1979  11  19  44196   0.134488   0.335388  -0.2444159   0.0025140   0.000000   0.000000   0.015000   0.015000  0.0019000  0.0007000    0.005000    0.002000
1979  11  20  44197   0.134188   0.333188  -0.2468960   0.0024340   0.000000   0.000000   0.015000   0.015000  0.0019000  0.0007000    0.005000    0.002000
1979  11  21  44198   0.133889   0.330989  -0.2492952   0.0023700   0.000000   0.000000   0.015000   0.015000  0.0019000  0.0007000    0.005000    0.002000
1979  11  22  44199   0.133589   0.328689  -0.2516363   0.0023250   0.000000   0.000000   0.015000   0.015000  0.0019000  0.0007000    0.005000    0.002000
1979  11  23  44200   0.133389   0.326489  -0.2539624   0.0023380   0.000000   0.000000   0.015000   0.015000  0.0019000  0.0007000    0.005000    0.002000
1979  11  24  44201   0.133189   0.324289  -0.2563306   0.0024060   0.000000   0.000000   0.015000   0.015000  0.0019000  0.0007000    0.005000    0.002000
1979  11  25  44202   0.132990   0.322090  -0.2587997   0.0025310   0.000000   0.000000   0.015000   0.015000  0.0019000  0.0007000    0.005000    0.002000
1979  11  26  44203   0.132890   0.319890  -0.2614018   0.0026730   0.000000   0.000000   0.015000   0.015000  0.0019000  0.0007000    0.005000    0.002000
1979  11  27  44204   0.132790   0.317690  -0.2641470   0.0028140   0.000000   0.000000   0.015000   0.015000  0.0019000  0.0007000    0.005000    0.002000
1979  11  28  44205   0.132790   0.315590  -0.2670301   0.0029320   0.000000   0.000000   0.015000   0.015000  0.0019000  0.0007000    0.005000    0.002000
1979  11  29  44206   0.132791   0.313491  -0.2699922   0.0029910   0.000000   0.000000   0.015000   0.015000  0.0019000  0.0007000    0.005000    0.002000
1979  11  30  44207   0.132791   0.311391  -0.2729864   0.0029760   0.000000   0.000000   0.015000   0.015000  0.0019000  0.0007000    0.005000    0.002000
1979  12   1  44208   0.132891   0.309291  -0.2759295   0.0028890   0.000000   0.000000   0.015000   0.015000  0.0019000  0.0007000    0.005000    0.002000
1979  12   2  44209   0.132992   0.307192  -0.2787596   0.0027640   0.000000   0.000000   0.015000   0.015000  0.0019000  0.0007000    0.005000    0.002000
1979  12   3  44210   0.133092   0.305192  -0.2814428   0.0026140   0.000000   0.000000   0.015000   0.015000  0.0019000  0.0007000    0.005000    0.002000
1979  12   4  44211   0.133192   0.303192  -0.2839849   0.0024760   0.000000   0.000000   0.015000   0.015000  0.0019000  0.0007000    0.005000    0.002000
1979  12   5  44212   0.133292   0.301192  -0.2864190   0.0023910   0.000000   0.000000   0.015000   0.015000  0.0019000  0.0007000    0.005000    0.002000
1979  12   6  44213   0.133493   0.299293  -0.2887822   0.0023560   0.000000   0.000000   0.015000   0.015000  0.0019000  0.0007000    0.005000    0.002000
1979  12   7  44214   0.133693   0.297393  -0.2911353   0.0023570   0.000000   0.000000   0.015000   0.015000  0.0019000  0.0007000    0.005000    0.002000
1979  12   8  44215   0.133893   0.295493  -0.2935174   0.0024020   0.000000   0.000000   0.015000   0.015000  0.0019000  0.0007000    0.005000    0.002000
1979  12   9  44216   0.134093   0.293593  -0.2959496   0.0024610   0.000000   0.000000   0.015000   0.015000  0.0019000  0.0007000    0.005000    0.002000
1979  12  10  44217   0.134294   0.291794  -0.2984327   0.0025200   0.000000   0.000000   0.015000   0.015000  0.0019000  0.0007000    0.005000    0.002000
1979  12  11  44218   0.134594   0.289994  -0.3009998   0.0025880   0.000000   0.000000   0.015000   0.015000  0.0019000  0.0007000    0.005000    0.002000
1979  12  12  44219   0.134894   0.288194  -0.3036140   0.0026320   0.000000   0.000000   0.015000   0.015000  0.0019000  0.0007000    0.005000    0.002000
1979  12  13  44220   0.135295   0.286395  -0.3062551   0.0026540   0.000000   0.000000   0.015000   0.015000  0.0019000  0.0007000    0.005000    0.002000
1979  12  14  44221   0.135695   0.284695  -0.3089152   0.0026520   0.000000   0.000000   0.015000   0.015000  0.0019000  0.0007000    0.005000    0.002000
1979  12  15  44222   0.136095   0.282995  -0.3115504   0.0026150   0.000000   0.000000   0.015000   0.015000  0.0019000  0.0007000    0.005000    0.002000
1979  12  16  44223   0.136495   0.281295  -0.3141475   0.0025650   0.000000   0.000000   0.015000   0.015000  0.0019000  0.0007000    0.005000    0.002000
1979  12  17  44224   0.136996   0.279696  -0.3166746   0.0024880   0.000000   0.000000   0.015000   0.015000  0.0019000  0.0007000    0.005000    0.002000
1979  12  18  44225   0.137496   0.278096  -0.3191318   0.0024180   0.000000   0.000000   0.015000   0.015000  0.0019000  0.0007000    0.005000    0.002000
1979  12  19  44226   0.138096   0.276496  -0.3215149   0.0023540   0.000000   0.000000   0.015000   0.015000  0.0019000  0.0007000    0.005000    0.002000
1979  12  20  44227   0.138596   0.274896  -0.3238650   0.0023410   0.000000   0.000000   0.015000   0.015000  0.0019000  0.0007000    0.005000    0.002000
1979  12  21  44228   0.139197   0.273297  -0.3262171   0.0023840   0.000000   0.000000   0.015000   0.015000  0.0019000  0.0007000    0.005000    0.002000
1979  12  22  44229   0.139697   0.271697  -0.3286413   0.0024810   0.000000   0.000000   0.015000   0.015000  0.0019000  0.0007000    0.005000    0.002000
1979  12  23  44230   0.140197   0.270197  -0.3311794   0.0026090   0.000000   0.000000   0.015000   0.015000  0.0019000  0.0007000    0.005000    0.002000
1979  12  24  44231   0.140698   0.268598  -0.3338485   0.0027350   0.000000   0.000000   0.015000   0.015000  0.0019000  0.0007000    0.005000    0.002000
1979  12  25  44232   0.141098   0.266998  -0.3366387   0.0028270   0.000000   0.000000   0.015000   0.015000  0.0019000  0.0007000    0.005000    0.002000
1979  12  26  44233   0.141398   0.265498  -0.3394808   0.0028600   0.000000   0.000000   0.015000   0.015000  0.0019000  0.0007000    0.005000    0.002000
1979  12  27  44234   0.141698   0.263898  -0.3423349   0.0028250   0.000000   0.000000   0.015000   0.015000  0.0019000  0.0007000    0.005000    0.002000
1979  12  28  44235   0.141899   0.262399  -0.3451201   0.0027370   0.000000   0.000000   0.015000   0.015000  0.0019000  0.0007000    0.005000    0.002000
1979  12  29  44236   0.141999   0.260799  -0.3477952   0.0026040   0.000000   0.000000   0.015000   0.015000  0.0019000  0.0007000    0.005000    0.002000
1979  12  30  44237   0.141999   0.259299  -0.3503143   0.0024540   0.000000   0.000000   0.015000   0.015000  0.0019000  0.0007000    0.005000    0.002000
1979  12  31  44238   0.141899   0.257699  -0.3526975   0.0023160   0.000000   0.000000   0.015000   0.015000  0.0019000  0.0007000    0.005000    0.002000
